0 0.69375 0.215625 0.715625 0.215625 0.728125 0.203125 0.728125 0.184375 0.725 0.178125 0.715625 0.165625 0.696875 0.153125 0.66875 0.140625 0.659375 0.140625 0.64375 0.153125 0.6375 0.16875 0.653125 0.1875 0.68125 0.209375 0.69375 0.215625
0 0.5856250000000001 0.2128125 0.6309375 0.23718750000000002 0.6743750000000001 0.2346875 0.69625 0.220625 0.68875 0.20437500000000003 0.6821875000000001 0.1996875 0.6443749999999999 0.1775 0.605 0.168125 0.5790625 0.1821875 0.5856250000000001 0.2128125
0 0.5734375 0.13874999999999998 0.5690625 0.1559375 0.5825 0.17281249999999998 0.6146874999999999 0.1759375 0.6528125 0.168125 0.6684375 0.1575 0.670625 0.14937499999999998 0.6646875 0.13187500000000002 0.63625 0.12156249999999999 0.5984375 0.1221875 0.5734375 0.13874999999999998
0 0.5225 0.148125 0.535625 0.16875 0.558125 0.1684375 0.5965625 0.14781249999999999 0.61375 0.1278125 0.61625 0.11656249999999999 0.614375 0.10718749999999999 0.5946875 0.09812499999999999 0.5565625 0.10718749999999999 0.5237499999999999 0.1315625 0.5225 0.148125
0 0.52125 0.19343749999999998 0.5621875000000001 0.1990625 0.5959375 0.2034375 0.589375 0.19875 0.603125 0.17281249999999998 0.5765625 0.1484375 0.55625 0.143125 0.5175 0.136875 0.48875 0.14750000000000002 0.484375 0.17124999999999999 0.52125 0.19343749999999998
0 0.4246875 0.12250000000000001 0.43 0.145625 0.4725 0.1665625 0.4959375 0.1653125 0.5118750000000001 0.1446875 0.5081249999999999 0.13187500000000002 0.48624999999999996 0.108125 0.459375 0.1003125 0.4371875 0.10687500000000001 0.4246875 0.12250000000000001
0 0.47375 0.12625 0.488125 0.15031250000000002 0.5375 0.15 0.5678124999999999 0.12468749999999999 0.5846875 0.1075 0.5503125 0.0840625 0.51125 0.0809375 0.47625 0.1015625 0.47375 0.12625
0 0.4246875 0.0846875 0.44281249999999994 0.10375000000000001 0.46875 0.11125 0.509375 0.10687500000000001 0.53125 0.0840625 0.5315624999999999 0.07718749999999999 0.478125 0.052500000000000005 0.44125 0.0475 0.4221875 0.0609375 0.4246875 0.0846875
0 0.38625 0.1134375 0.41531250000000003 0.13874999999999998 0.436875 0.141875 0.45375 0.128125 0.4571875 0.10625 0.44437499999999996 0.088125 0.4303125 0.07781249999999999 0.3975 0.07781249999999999 0.38375 0.0884375 0.38625 0.1134375
0 0.3896875 0.0884375 0.4175 0.093125 0.4409375 0.075 0.44312500000000005 0.0484375 0.4340625 0.033437499999999995 0.41218750000000004 0.03125 0.380625 0.060625 0.3896875 0.0884375
0 0.33187500000000003 0.052500000000000005 0.3521875 0.06593750000000001 0.3878125 0.065625 0.4096875 0.0471875 0.4134375 0.03 0.3940625 0.014374999999999999 0.361875 0.0059375 0.33999999999999997 0.0225 0.33187500000000003 0.052500000000000005
0 0.346875 0.096875 0.35812499999999997 0.11187499999999999 0.3775 0.11000000000000001 0.3903125 0.0953125 0.39437500000000003 0.06937499999999999 0.3928125 0.0609375 0.37906249999999997 0.049375 0.35625 0.052500000000000005 0.3453125 0.0740625 0.346875 0.096875
0 0.3125 0.049062499999999995 0.29375 0.07625 0.30656249999999996 0.0909375 0.3265625 0.10406249999999999 0.346875 0.09343749999999999 0.353125 0.0796875 0.35375 0.0665625 0.3453125 0.049375 0.3290625 0.0421875 0.3125 0.049062499999999995
0 0.2640625 0.041875 0.26749999999999996 0.06593750000000001 0.280625 0.0796875 0.2990625 0.078125 0.3134375 0.0665625 0.32125 0.04875 0.32125 0.035312500000000004 0.31843750000000004 0.026875 0.3096875 0.01875 0.29093749999999996 0.017499999999999998 0.2725 0.026250000000000002 0.2640625 0.041875