0 0.3703125 0.844375 0.3646875 0.865625 0.3646875 0.8856249999999999 0.36906249999999996 0.8984375 0.38156249999999997 0.9009375000000001 0.39968750000000003 0.8931250000000001 0.4096875 0.8834375 0.41593749999999996 0.8675 0.42625 0.8353125 0.42874999999999996 0.8096875000000001 0.41593749999999996 0.7984375 0.39375 0.8046875 0.38468749999999996 0.8162499999999999 0.3703125 0.844375
0 0.3771875 0.7740625 0.361875 0.7943749999999999 0.3515625 0.8165625000000001 0.3509375 0.8290625 0.35375 0.85 0.3596875 0.8612500000000001 0.37124999999999997 0.8634375000000001 0.3884375 0.8546875 0.4034375 0.83625 0.41531250000000003 0.8128125 0.4225 0.7884375 0.42437500000000006 0.7709374999999999 0.4203125 0.7628125 0.40843749999999995 0.7609375 0.38875000000000004 0.7631249999999999 0.3771875 0.7740625
0 0.34625 0.7396874999999999 0.33875 0.7678125 0.336875 0.7925 0.33875 0.8090624999999999 0.3459375 0.8203125 0.3546875 0.8278125 0.3721875 0.8243750000000001 0.38125 0.8128125 0.39187500000000003 0.79375 0.393125 0.7765625 0.395 0.7509375 0.39437500000000003 0.7365625 0.38468749999999996 0.720625 0.37124999999999997 0.718125 0.3571875 0.7240624999999999 0.34625 0.7396874999999999
0 0.380625 0.7262500000000001 0.38125 0.7625 0.39125 0.7796875 0.4109375 0.7931250000000001 0.4171875 0.7931250000000001 0.426875 0.7887500000000001 0.4390625 0.770625 0.43937499999999996 0.735 0.43218750000000006 0.7096875 0.4246875 0.694375 0.4246875 0.6950000000000001 0.4065625 0.6903125 0.3915625 0.6925 0.38093750000000004 0.704375 0.380625 0.7262500000000001
0 0.3571875 0.635 0.3484375 0.65 0.3459375 0.6675 0.344375 0.6909375 0.348125 0.715625 0.35625 0.7340625000000001 0.368125 0.7403125 0.38406250000000003 0.7396874999999999 0.39437500000000003 0.7296875 0.39968750000000003 0.714375 0.39968750000000003 0.6959375 0.39875 0.6871875000000001 0.3953125 0.665625 0.38406250000000003 0.6434375 0.375 0.630625 0.364375 0.6296875 0.3571875 0.635
0 0.38 0.6487499999999999 0.3821875 0.665 0.3978125 0.7006249999999999 0.42093749999999996 0.721875 0.42781250000000004 0.7224999999999999 0.4403125 0.720625 0.45093750000000005 0.7096875 0.45125000000000004 0.6925 0.45062499999999994 0.6659375 0.446875 0.6590625 0.43499999999999994 0.6390625 0.418125 0.63125 0.4046875 0.630625 0.3890625 0.6334375 0.38 0.6487499999999999
0 0.3675 0.6125 0.36906249999999996 0.6275000000000001 0.3853125 0.6628125 0.40062499999999995 0.6821875000000001 0.41875 0.683125 0.44000000000000006 0.6675 0.438125 0.6496875 0.4296875 0.6246875000000001 0.4059375 0.6125 0.38875000000000004 0.5971875 0.374375 0.5946875 0.3678125 0.6009375 0.3675 0.6125
0 0.3884375 0.58375 0.39249999999999996 0.6028125 0.4046875 0.624375 0.410625 0.6321875 0.4265625 0.64375 0.44656250000000003 0.6490625 0.45499999999999996 0.6446875000000001 0.45843749999999994 0.6321875 0.45968749999999997 0.614375 0.456875 0.596875 0.4496875 0.5803125 0.4371875 0.5684375 0.4259375 0.5571875000000001 0.4103125 0.551875 0.3953125 0.5546875 0.3878125 0.5650000000000001 0.3884375 0.58375
0 0.43156249999999996 0.516875 0.4215625 0.5231250000000001 0.4184375 0.535625 0.4178125 0.5571875000000001 0.4221875 0.5796875 0.43125 0.596875 0.445625 0.6103125 0.4640625 0.608125 0.4728125 0.595625 0.47468750000000004 0.5796875 0.47625 0.559375 0.475 0.5490625 0.4728125 0.5365624999999999 0.4659375 0.521875 0.45875000000000005 0.5153125000000001 0.44625000000000004 0.514375 0.43156249999999996 0.516875
0 0.395 0.475 0.3871875 0.491875 0.38125 0.5121875 0.3803125 0.5315624999999999 0.3828125 0.5471874999999999 0.3903125 0.559375 0.40812499999999996 0.5621875000000001 0.42625 0.5559375 0.4371875 0.5415625000000001 0.4403125 0.525 0.441875 0.51125 0.43531250000000005 0.4721875 0.42750000000000005 0.4625 0.4190625 0.460625 0.40750000000000003 0.465 0.395 0.475
0 0.4559375 0.42062499999999997 0.4484375 0.42093749999999996 0.4375 0.42874999999999996 0.4334375 0.4409375 0.43125 0.46125 0.4325 0.47843749999999996 0.43531250000000005 0.4965625 0.445 0.5184375 0.4684375 0.5271874999999999 0.48250000000000004 0.5118750000000001 0.4859375 0.49906249999999996 0.4859375 0.48250000000000004 0.4859375 0.46281249999999996 0.484375 0.44749999999999995 0.47625 0.4328125 0.4671875 0.425 0.4559375 0.42062499999999997
0 0.46375 0.3715625 0.45562500000000006 0.3878125 0.4515625 0.41375 0.4515625 0.43937499999999996 0.46343750000000006 0.4578125 0.48218750000000005 0.4578125 0.500625 0.43937499999999996 0.5059375 0.42374999999999996 0.505 0.3903125 0.49906249999999996 0.3715625 0.4859375 0.3615625 0.4759375 0.3615625 0.46375 0.3715625
0 0.4359375 0.3303125 0.4346875 0.3446875 0.4425 0.355 0.4653125 0.364375 0.490625 0.36875 0.5071875 0.365625 0.51875 0.3546875 0.5193749999999999 0.34125 0.50625 0.32687499999999997 0.48687500000000006 0.3196875 0.4671875 0.319375 0.446875 0.32218749999999996 0.4359375 0.3303125
0 0.425 0.30843750000000003 0.43875000000000003 0.32937500000000003 0.48312499999999997 0.34125 0.5134375 0.3428125 0.516875 0.32375 0.504375 0.3053125 0.49375 0.2925 0.465625 0.28312499999999996 0.43843750000000004 0.2828125 0.42750000000000005 0.28875 0.425 0.30843750000000003
0 0.47562499999999996 0.336875 0.51 0.3353125 0.5328125 0.3175 0.5387500000000001 0.2946875 0.5328125 0.27999999999999997 0.5134375 0.2621875 0.495625 0.2671875 0.48250000000000004 0.2828125 0.4725 0.32 0.47562499999999996 0.336875
0 0.438125 0.24312499999999998 0.43218750000000006 0.2603125 0.43531250000000005 0.2809375 0.45531249999999995 0.2946875 0.48656249999999995 0.30125 0.505625 0.2975 0.5159374999999999 0.2778125 0.515625 0.263125 0.5128125 0.2515625 0.50125 0.2396875 0.4803125 0.2340625 0.46343750000000006 0.2340625 0.438125 0.24312499999999998
0 0.445625 0.21531250000000002 0.4484375 0.23343750000000002 0.4615625 0.2475 0.5078125 0.26437499999999997 0.52125 0.265625 0.5387500000000001 0.2653125 0.545 0.2509375 0.5443749999999999 0.2340625 0.5221875 0.21812499999999999 0.5146875 0.2128125 0.5159374999999999 0.205625 0.48968749999999994 0.1965625 0.468125 0.195 0.45375 0.20187499999999997 0.445625 0.21531250000000002
0 0.514375 0.1515625 0.504375 0.1675 0.4996875 0.18625 0.49906249999999996 0.2046875 0.5065625 0.220625 0.5193749999999999 0.225 0.5431250000000001 0.22125 0.5546875 0.21156250000000001 0.5662499999999999 0.1903125 0.5706249999999999 0.15687500000000001 0.5640625 0.1428125 0.55375 0.1340625 0.5237499999999999 0.1409375 0.514375 0.1515625
0 0.4721875 0.1515625 0.47843749999999996 0.168125 0.4915625 0.1753125 0.5115624999999999 0.175 0.5287499999999999 0.16875 0.551875 0.153125 0.563125 0.1378125 0.5665625000000001 0.11750000000000001 0.5534375 0.10375000000000001 0.5478125 0.100625 0.5378125 0.09718750000000001 0.51125 0.1034375 0.49093749999999997 0.1134375 0.4771875 0.1328125 0.4721875 0.1515625
0 0.4690625 0.20875 0.4871875 0.209375 0.5090625 0.19875 0.51375 0.176875 0.4959375 0.15718749999999998 0.48 0.1471875 0.47468750000000004 0.1446875 0.4615625 0.1496875 0.44749999999999995 0.16499999999999998 0.44781250000000006 0.1834375 0.45499999999999996 0.2 0.4690625 0.20875
0 0.509375 0.0521875 0.49781250000000005 0.06593750000000001 0.495625 0.078125 0.49625 0.094375 0.5009375 0.10375000000000001 0.5131249999999999 0.1078125 0.5296875 0.10625 0.5453125 0.0990625 0.5587500000000001 0.08687500000000001 0.5725 0.0728125 0.57875 0.0578125 0.57875 0.0421875 0.57125 0.028437499999999998 0.5671875 0.0228125 0.5646875 0.023125 0.5515625 0.0240625 0.5390625 0.03 0.524375 0.039375 0.509375 0.0521875
0 0.4659375 0.11187499999999999 0.47093749999999995 0.12562500000000001 0.48375 0.13 0.49781250000000005 0.12625 0.5096875 0.11000000000000001 0.51625 0.09406250000000001 0.521875 0.0728125 0.5231250000000001 0.05375 0.516875 0.041875 0.51375 0.038125 0.5015625 0.044375 0.4859375 0.0528125 0.47906250000000006 0.0703125 0.4690625 0.0925 0.4659375 0.11187499999999999
0 0.5353125000000001 0.1 0.5328125 0.11499999999999999 0.5353125000000001 0.13 0.545 0.1390625 0.5575 0.1353125 0.5696875 0.1271875 0.58125 0.1121875 0.5878125 0.09718750000000001 0.589375 0.0809375 0.58875 0.07625 0.588125 0.0665625 0.5734375 0.06343750000000001 0.561875 0.0678125 0.5496875 0.081875 0.5353125000000001 0.1