0 0.946875 0.534375 0.959375 0.525 0.984375 0.5125 0.978125 0.503125 0.959375 0.496875 0.928125 0.496875 0.921875 0.5 0.9125 0.509375 0.9125 0.521875 0.928125 0.5375 0.946875 0.534375
0 0.8665625 0.5309375000000001 0.874375 0.5484375 0.8921875 0.56875 0.909375 0.5825 0.92875 0.5900000000000001 0.944375 0.58375 0.9493750000000001 0.5771875 0.9515625 0.5715625 0.9446875 0.5553125 0.9168749999999999 0.530625 0.8975 0.5193749999999999 0.8740625 0.51875 0.8665625 0.5309375000000001
0 0.8315625000000001 0.5375 0.8221875000000001 0.5440625 0.8278125 0.5640625 0.843125 0.5856250000000001 0.8609375 0.6018749999999999 0.8800000000000001 0.60875 0.89625 0.6090625000000001 0.9084375 0.5971875 0.9125 0.5903125 0.9121874999999999 0.5784374999999999 0.896875 0.563125 0.8731249999999999 0.54375 0.8515625 0.535625 0.8315625000000001 0.5375
0 0.7825 0.5640625 0.7731250000000001 0.5709375 0.7734375 0.585 0.7884375 0.6015625 0.8034375 0.6159375 0.8246874999999999 0.6246875000000001 0.8409375000000001 0.6253124999999999 0.8553124999999999 0.6174999999999999 0.8584375 0.6125 0.859375 0.6012500000000001 0.8509375 0.5890625 0.8275 0.5706249999999999 0.8065625000000001 0.56375 0.7825 0.5640625
0 0.7471875 0.58125 0.7353125 0.5846875 0.7303124999999999 0.5974999999999999 0.7321875 0.6131249999999999 0.7581249999999999 0.6346875 0.7803125 0.641875 0.79875 0.6409374999999999 0.8090624999999999 0.6346875 0.81125 0.6259375 0.8 0.6056250000000001 0.7859375 0.5896874999999999 0.7671875 0.58125 0.7471875 0.58125
0 0.6525000000000001 0.618125 0.64625 0.6346875 0.651875 0.6484375 0.6643749999999999 0.6603125000000001 0.6834374999999999 0.6640625 0.7125 0.6640625 0.7268749999999999 0.6578125 0.7390625 0.645 0.74 0.6325000000000001 0.7390625 0.6209374999999999 0.7275 0.608125 0.698125 0.6003125 0.6703125 0.604375 0.6525000000000001 0.618125
0 0.59875 0.6546875 0.5959375 0.6709375 0.6034375 0.686875 0.6159375 0.69375 0.6309375 0.6975 0.65 0.6975 0.659375 0.6959375 0.6681250000000001 0.6925 0.686875 0.6828125 0.691875 0.67375 0.6900000000000001 0.6637500000000001 0.6709375 0.6534375 0.6481250000000001 0.6475 0.61625 0.646875 0.59875 0.6546875
0 0.5584374999999999 0.6956249999999999 0.545 0.7290625000000001 0.5609375 0.755625 0.591875 0.76 0.6215625 0.74375 0.6375 0.729375 0.645 0.7175 0.64625 0.70375 0.6325000000000001 0.688125 0.6065625 0.6793750000000001 0.5818749999999999 0.6821875000000001 0.5584374999999999 0.6956249999999999
0 0.491875 0.7628125 0.5015625 0.7796875 0.5265625 0.78125 0.5496875 0.7759375000000001 0.556875 0.7653125000000001 0.559375 0.7571875 0.5578125 0.7446875000000001 0.5446875 0.7315625 0.5165625 0.7325 0.5009375 0.74375 0.491875 0.7628125
0 0.4296875 0.78125 0.43 0.8028124999999999 0.44875 0.8128125 0.47000000000000003 0.81375 0.49124999999999996 0.8084374999999999 0.5078125 0.7978125 0.5171875 0.7890625 0.51875 0.778125 0.5028125 0.7621875 0.4765625 0.7575000000000001 0.4515625 0.7646875 0.4296875 0.78125
0 0.4 0.8074999999999999 0.3953125 0.8296875 0.40062499999999995 0.8456250000000001 0.42062499999999997 0.8474999999999999 0.4484375 0.8378125000000001 0.46343750000000006 0.8259375 0.47375 0.8143750000000001 0.47125000000000006 0.806875 0.45999999999999996 0.790625 0.43875000000000003 0.786875 0.414375 0.7940625 0.4 0.8074999999999999
0 0.3315625 0.8675 0.3390625 0.881875 0.366875 0.8884375 0.39718749999999997 0.8771875 0.421875 0.8578125 0.4253125 0.8409375000000001 0.4225 0.8246874999999999 0.41218750000000004 0.8162499999999999 0.3909375 0.8146875 0.368125 0.8243750000000001 0.343125 0.8462500000000001 0.3315625 0.8675