0 0.178750084375 0.358125171875 0.16437507812500002 0.367500175 0.161562578125 0.37906268125000003 0.16437507812500002 0.397187690625 0.176875084375 0.40781269375000007 0.19843759375 0.40937519375000003 0.218125103125 0.40906269375 0.240937615625 0.40625019375000004 0.259375125 0.399062690625 0.269375128125 0.385312684375 0.26906262812500004 0.37718768125 0.265937628125 0.368437675 0.24437511562499997 0.35906267187499996 0.22281260625 0.35531266875 0.19906259375 0.35468766875 0.178750084375 0.358125171875
0 0.2087501 0.3909376875 0.19750009375 0.397500190625 0.19625009375 0.40937519375000003 0.20468759687500002 0.427812703125 0.22218760624999997 0.439062709375 0.245312615625 0.4437502125 0.26437512500000004 0.4450002125 0.2893751375 0.4437502125 0.30281264375 0.428750203125 0.30125014375000003 0.42156269999999996 0.29968764375 0.41562519687500005 0.27312513125 0.399375190625 0.254375121875 0.39312518750000003 0.228125109375 0.3906251875 0.2087501 0.3909376875
0 0.280000134375 0.39343768749999997 0.27437513125 0.40718769374999997 0.27718763125 0.4221877 0.2906251375 0.438125209375 0.307812646875 0.4456252125 0.320312653125 0.449687715625 0.3378126625 0.45281271562500003 0.35281266875 0.45281271562500003 0.36781267500000003 0.450625215625 0.371875178125 0.436875209375 0.366875175 0.42500020312500003 0.35906267187499996 0.4181252 0.334375159375 0.397500190625 0.31343765 0.389375184375 0.29250014062499996 0.387812684375 0.280000134375 0.39343768749999997
0 0.258125121875 0.35500016875 0.256250121875 0.368437675 0.258125121875 0.385625184375 0.268437628125 0.399375190625 0.2853126375 0.41250019687500006 0.306562646875 0.4196877 0.322812653125 0.42000019999999993 0.337500159375 0.415000196875 0.3390626625 0.397187690625 0.333125159375 0.384062684375 0.320625153125 0.364375175 0.30093764375 0.35312516875 0.284375134375 0.34531266562499996 0.271562628125 0.346562665625 0.258125121875 0.35500016875
0 0.31593765 0.37281267812499996 0.32468765624999996 0.39593768749999997 0.3418751625 0.41531269687499994 0.357812671875 0.42468770312500004 0.37781268125 0.426875203125 0.39343768749999997 0.41718770000000005 0.3940626875 0.399375190625 0.3915626875 0.38437518437499996 0.373125178125 0.360000171875 0.357187671875 0.35218766874999996 0.335312659375 0.34937516562500004 0.31937515312500003 0.357187671875 0.31593765 0.37281267812499996
0 0.40343769375000005 0.35375016875 0.38656268437499997 0.362187671875 0.37875018125 0.376250178125 0.37687518125 0.3943751875 0.3909376875 0.411562696875 0.413750196875 0.41531269687499994 0.43843770937500004 0.413750196875 0.46125021874999994 0.400625190625 0.468437721875 0.389375184375 0.47062522500000004 0.37718768125 0.45593771875 0.367500175 0.441250209375 0.358750171875 0.42093769999999997 0.35437516874999997 0.40343769375000005 0.35375016875
0 0.373437678125 0.4190627 0.371250178125 0.43656270937499997 0.385937684375 0.4484377125 0.40406269375 0.45781271874999996 0.43281270625 0.45906271875 0.45531271562500003 0.455000215625 0.470312725 0.43875020937500003 0.46875022499999996 0.42937520625000003 0.46312522187500005 0.414062696875 0.440625209375 0.40343769375000005 0.40656269375000004 0.400312690625 0.38656268437499997 0.40718769374999997 0.373437678125 0.4190627
0 0.438125209375 0.40718769374999997 0.43156270625 0.43000020625 0.450000215625 0.44468771250000005 0.474375225 0.44437521249999995 0.503437740625 0.43312520625 0.52312525 0.4196877 0.528750253125 0.400625190625 0.528750253125 0.38187518125 0.51000024375 0.374062678125 0.477500228125 0.375937678125 0.45906271875 0.387500184375 0.438125209375 0.40718769374999997
0 0.53968775625 0.41250019687500006 0.53968775625 0.42906270312499994 0.555937765625 0.44906271562500005 0.581875278125 0.46125021874999994 0.6078127906249999 0.46593772187500004 0.624375296875 0.45812521874999995 0.623437796875 0.43343770625 0.6056252875 0.414375196875 0.583750278125 0.40843769375 0.56468776875 0.40593769375 0.53968775625 0.41250019687500006
0 0.632812803125 0.4437502125 0.6250002968749999 0.462187721875 0.635000303125 0.491250234375 0.649375309375 0.51312524375 0.66656281875 0.528125253125 0.683125325 0.53531275625 0.69750033125 0.528750253125 0.699062834375 0.51000024375 0.702187834375 0.49500023750000005 0.685000328125 0.470312725 0.66875031875 0.44593771249999997 0.6546878125 0.441250209375 0.632812803125 0.4437502125
0 0.632812803125 0.44000020937500006 0.634062803125 0.46187521875000004 0.650625309375 0.48375023125 0.674687821875 0.49406273437500003 0.6921878312499999 0.4975002375 0.7046878375000001 0.4978127375 0.715312840625 0.48718773125 0.712187840625 0.46593772187500004 0.7065628375 0.45250021562500004 0.6862503281250001 0.436250209375 0.6581253125 0.427812703125 0.636562803125 0.428437703125 0.632812803125 0.44000020937500006
0 0.687500328125 0.474687725 0.687187828125 0.49906273749999996 0.691250328125 0.515000246875 0.704062834375 0.52593775 0.72031284375 0.52375025 0.7321878500000001 0.51000024375 0.737812853125 0.491562734375 0.739687853125 0.474062725 0.74406285625 0.45531271562500003 0.730000346875 0.43937520937499996 0.7106253375 0.43968770937499996 0.699062834375 0.45250021562500004 0.687500328125 0.474687725
0 0.73468785 0.479375228125 0.73156285 0.502500240625 0.73437535 0.52343775 0.739687853125 0.53625025625 0.753125359375 0.543750259375 0.769062865625 0.53843775625 0.7765628687499999 0.52687525 0.779062871875 0.51156274375 0.7778128718749999 0.492500234375 0.77562536875 0.473750225 0.77437536875 0.46750022187500007 0.764687865625 0.45562521875 0.752187859375 0.45562521875 0.739062853125 0.464062721875 0.73468785 0.479375228125
0 0.77593786875 0.49406273437500003 0.780000371875 0.5134377437500001 0.787500375 0.531250253125 0.805312884375 0.54062525625 0.820937890625 0.53468775625 0.8243753937499999 0.51375024375 0.8225003937500001 0.493125234375 0.8187503906250001 0.48500023125 0.8137503875000001 0.473125225 0.79968788125 0.46031271875 0.7840628749999999 0.46281272187500005 0.777500371875 0.474375225 0.77593786875 0.49406273437500003
0 0.8146878875000001 0.48812523125 0.8187503906250001 0.5056252406249999 0.82468789375 0.5296877531249999 0.8365629 0.5393752562499999 0.85375040625 0.541875259375 0.8665629125000001 0.531562753125 0.8681254125000001 0.51281274375 0.8678129125 0.4975002375 0.8662504125 0.48187523125 0.85406290625 0.470312725 0.8300003968749999 0.465625221875 0.8171878906250001 0.473125225 0.8146878875000001 0.48812523125
0 0.807500384375 0.51406274375 0.7918753781250001 0.52187525 0.791250378125 0.53625025625 0.79968788125 0.5506252625 0.8150003874999999 0.56468776875 0.832812896875 0.572187771875 0.8559379093749999 0.575937775 0.8728129156250001 0.575312775 0.885937921875 0.5668752687499999 0.885937921875 0.5531252624999999 0.8846879218750001 0.546562759375 0.88062541875 0.544062759375 0.8621879124999999 0.5271877500000001 0.8446879031250001 0.516250246875 0.8225003937500001 0.5134377437500001 0.807500384375 0.51406274375
0 0.8412504000000001 0.49375023437500004 0.8396879 0.504687740625 0.8465629031249999 0.52187525 0.8634379125 0.541250259375 0.8809379187499999 0.554687765625 0.897812928125 0.56375026875 0.9131254343749999 0.56343776875 0.9218754406249999 0.5521877625 0.9200004375 0.5334377531250001 0.9156254374999999 0.52125025 0.914062934375 0.5112502437499999 0.90125043125 0.49812523750000004 0.8721879156250001 0.48656273125 0.8559379093749999 0.48531273124999996 0.8412504000000001 0.49375023437500004
0 0.9075004312500001 0.49375023437500004 0.9028129312500001 0.5071877406249999 0.90718793125 0.52312525 0.9162504374999999 0.5381252562500001 0.935312946875 0.5537502625 0.9493754531249999 0.560312765625 0.9693754625000001 0.5531252624999999 0.9728129624999999 0.53656275625 0.9734379656250001 0.52250025 0.9706254624999999 0.51406274375 0.95531295625 0.5006252375 0.9375004468749999 0.49187523437499997 0.9225004406249999 0.49031273437499995 0.9075004312500001 0.49375023437500004
0 0.886562921875 0.555625265625 0.8825004218749999 0.5653127687499999 0.8846879218750001 0.578125275 0.897500428125 0.5915627812500001 0.9209379406249999 0.5975002843749999 0.9375004468749999 0.6009377875 0.961250459375 0.6021877875 0.9750004656250001 0.593125284375 0.978750465625 0.576875275 0.9756254656250001 0.56093776875 0.9696879624999999 0.5531252624999999 0.9443754500000001 0.5475002625000001 0.9212504406249999 0.5468752593749999 0.90250043125 0.5487502625 0.886562921875 0.555625265625