0 0.1171875 0.6003125 0.12125 0.61625 0.1340625 0.63375 0.1584375 0.6478125 0.191875 0.655 0.20968749999999997 0.6453125 0.21218750000000003 0.6287499999999999 0.206875 0.6146874999999999 0.2046875 0.61125 0.1775 0.589375 0.150625 0.58125 0.1184375 0.5900000000000001 0.1171875 0.6003125
0 0.151875 0.5690625 0.139375 0.573125 0.1325 0.5821875000000001 0.13343750000000001 0.5959375 0.14250000000000002 0.6109375 0.15562499999999999 0.6184375 0.1828125 0.6278125 0.21218750000000003 0.6353125000000001 0.221875 0.6296875 0.228125 0.6090625000000001 0.22593749999999999 0.5965625 0.22749999999999998 0.593125 0.21125 0.5825 0.1915625 0.5746875 0.1653125 0.5696875 0.151875 0.5690625
0 0.1996875 0.6246875000000001 0.224375 0.6315625 0.244375 0.6278125 0.2584375 0.6203125 0.271875 0.6040625000000001 0.27218749999999997 0.588125 0.260625 0.576875 0.24281250000000001 0.5743750000000001 0.2321875 0.5743750000000001 0.21593749999999998 0.579375 0.1978125 0.5890625 0.1903125 0.6018749999999999 0.190625 0.6140625 0.1996875 0.6246875000000001
0 0.1909375 0.5365624999999999 0.17906249999999999 0.5471874999999999 0.1734375 0.5621875000000001 0.17906249999999999 0.5746875 0.199375 0.585 0.2346875 0.5862499999999999 0.25593750000000004 0.5815625 0.270625 0.5734375 0.276875 0.556875 0.27718750000000003 0.5478125 0.27531249999999996 0.5359375 0.2625 0.52625 0.2346875 0.5234375 0.20625 0.528125 0.1909375 0.5365624999999999
0 0.24125000000000002 0.59375 0.2603125 0.6053124999999999 0.28531249999999997 0.605 0.3025 0.5965625 0.31375000000000003 0.5871875 0.3159375 0.57375 0.3146875 0.5678124999999999 0.30062500000000003 0.5575 0.27375 0.5515625 0.25656249999999997 0.5587500000000001 0.2384375 0.5790625 0.24125000000000002 0.59375
0 0.2665625 0.5415625000000001 0.288125 0.5621875000000001 0.315 0.5709375 0.34875 0.571875 0.370625 0.5578125 0.37124999999999997 0.54375 0.3621875 0.53 0.35812499999999997 0.5259375000000001 0.31375000000000003 0.51625 0.28531249999999997 0.516875 0.2703125 0.525625 0.2665625 0.5415625000000001
0 0.30625 0.473125 0.2925 0.48375 0.29125 0.49874999999999997 0.32687499999999997 0.5259375000000001 0.35031249999999997 0.5321875 0.3778125 0.53125 0.3903125 0.5209374999999999 0.39125 0.5 0.384375 0.4840625 0.364375 0.4734375 0.34125 0.468125 0.3209375 0.46875 0.30625 0.473125
0 0.24281250000000001 0.49468750000000006 0.23625 0.5028125 0.23343750000000002 0.5196875000000001 0.2478125 0.5315624999999999 0.2734375 0.531875 0.2965625 0.5234375 0.315 0.509375 0.3246875 0.491875 0.325625 0.4878125 0.3225 0.47906250000000006 0.306875 0.475 0.2834375 0.476875 0.2628125 0.4828125 0.24281250000000001 0.49468750000000006
0 0.30874999999999997 0.46218750000000003 0.3109375 0.476875 0.330625 0.490625 0.3571875 0.49468750000000006 0.3771875 0.48687500000000006 0.39125 0.46281249999999996 0.39187500000000003 0.45406250000000004 0.39125 0.448125 0.3875 0.4421875 0.38125 0.4371875 0.35 0.43531250000000005 0.3271875 0.438125 0.316875 0.44656250000000003 0.30874999999999997 0.46218750000000003
0 0.3725 0.4840625 0.3734375 0.49437499999999995 0.38656250000000003 0.5021875 0.40718750000000004 0.50125 0.421875 0.49343750000000003 0.4421875 0.4809375 0.4565625 0.46312499999999995 0.45843749999999994 0.44781250000000006 0.45499999999999996 0.4303125 0.44437499999999996 0.4259375 0.4409375 0.425 0.43125 0.42625 0.406875 0.43656249999999996 0.3959375 0.4484375 0.3803125 0.468125 0.3725 0.4840625
0 0.36875 0.5503125 0.398125 0.548125 0.405625 0.53625 0.40750000000000003 0.520625 0.406875 0.5146875 0.4028125 0.506875 0.3778125 0.5021875 0.36124999999999996 0.5134375 0.3521875 0.5359375 0.36875 0.5503125
0 0.398125 0.5265625 0.41593749999999996 0.5365624999999999 0.4296875 0.5325 0.445625 0.5234375 0.4534375 0.51375 0.44718749999999996 0.49781250000000005 0.4425 0.4925 0.43656249999999996 0.48875 0.4259375 0.48187499999999994 0.4125 0.49000000000000005 0.3940625 0.5078125 0.398125 0.5265625
0 0.44000000000000006 0.5128125 0.46343750000000006 0.5128125 0.476875 0.5090625 0.485 0.496875 0.48218750000000005 0.48187499999999994 0.47562499999999996 0.4646875 0.465 0.4575 0.446875 0.46187500000000004 0.43093750000000003 0.47750000000000004 0.43156249999999996 0.49906249999999996 0.44000000000000006 0.5128125
0 0.4728125 0.45875000000000005 0.469375 0.47531249999999997 0.48125 0.495625 0.4965625 0.5015625 0.516875 0.49000000000000005 0.5275000000000001 0.478125 0.533125 0.4609375 0.5275000000000001 0.44375 0.51375 0.43875000000000003 0.49874999999999997 0.43656249999999996 0.4803125 0.4459375 0.4728125 0.45875000000000005
0 0.43624999999999997 0.42062499999999997 0.4346875 0.4390625 0.4459375 0.4571875 0.465625 0.46187500000000004 0.48218750000000005 0.4565625 0.490625 0.4409375 0.4928125 0.4253125 0.4928125 0.42281250000000004 0.48562500000000003 0.416875 0.4765625 0.4059375 0.46187500000000004 0.4034375 0.44625000000000004 0.40750000000000003 0.43624999999999997 0.42062499999999997
0 0.4715625 0.37687499999999996 0.46281249999999996 0.3909375 0.4715625 0.41312499999999996 0.489375 0.4340625 0.50625 0.440625 0.540625 0.4403125 0.5434375 0.4334375 0.5425 0.4225 0.5409375 0.40843749999999995 0.5225 0.38656250000000003 0.5096875 0.37906249999999997 0.4921875 0.3746875 0.4715625 0.37687499999999996
0 0.49406249999999996 0.44625000000000004 0.5084375 0.46281249999999996 0.538125 0.4725 0.55375 0.4721875 0.568125 0.4625 0.5740624999999999 0.44437499999999996 0.5703125 0.43875000000000003 0.55 0.4234375 0.5303125 0.41 0.5046875 0.4028125 0.4871875 0.4225 0.49406249999999996 0.44625000000000004
0 0.5259375000000001 0.3903125 0.5296875 0.40843749999999995 0.5465625000000001 0.4325 0.5578125 0.44437499999999996 0.575 0.45562500000000006 0.591875 0.4578125 0.6015625 0.45125000000000004 0.6090625000000001 0.4340625 0.60625 0.42406249999999995 0.6034375 0.41968750000000005 0.5912499999999999 0.403125 0.5746875 0.3871875 0.5628124999999999 0.3828125 0.53625 0.3825 0.5259375000000001 0.3903125
0 0.5053124999999999 0.395625 0.528125 0.4215625 0.5559375 0.4328125 0.57875 0.4290625 0.571875 0.40125 0.5625 0.38468749999999996 0.5565625 0.3678125 0.5353125000000001 0.3559375 0.5196875000000001 0.3578125 0.500625 0.378125 0.5053124999999999 0.395625
0 0.5484375 0.3775 0.559375 0.4078125 0.585 0.4265625 0.6053124999999999 0.42312500000000003 0.6084375 0.4028125 0.605 0.3859375 0.6003125 0.36062500000000003 0.5900000000000001 0.34750000000000003 0.575 0.3409375 0.5534375 0.3484375 0.5484375 0.3775
0 0.6009375 0.43937499999999996 0.626875 0.4484375 0.639375 0.421875 0.6409374999999999 0.38875000000000004 0.6381249999999999 0.3621875 0.6359375 0.356875 0.6153125 0.35281250000000003 0.5978125000000001 0.3546875 0.5865625 0.3740625 0.5856250000000001 0.41 0.6009375 0.43937499999999996
0 0.6325000000000001 0.4234375 0.6621875 0.425625 0.681875 0.401875 0.691875 0.3746875 0.6912499999999999 0.350625 0.6840625 0.3434375 0.661875 0.3390625 0.6421875 0.3509375 0.6290625000000001 0.3715625 0.624375 0.40718750000000004 0.6325000000000001 0.4234375
0 0.6415625 0.38375 0.6603125000000001 0.3890625 0.6815625 0.3609375 0.6715625000000001 0.3253125 0.6609375 0.3203125 0.65 0.319375 0.631875 0.32218749999999996 0.6178125 0.33968750000000003 0.6240625 0.3640625 0.6415625 0.38375
0 0.6796875 0.4021875 0.70125 0.4203125 0.723125 0.40750000000000003 0.73375 0.3878125 0.7359375 0.3546875 0.734375 0.34625 0.724375 0.3284375 0.7053125 0.32437499999999997 0.6865625 0.33999999999999997 0.6756249999999999 0.37374999999999997 0.6796875 0.4021875
0 0.729375 0.37 0.7553124999999999 0.3703125 0.7715625 0.35562499999999997 0.7853125000000001 0.3334375 0.7875 0.296875 0.7809375000000001 0.27999999999999997 0.7621875 0.27749999999999997 0.7584375 0.27999999999999997 0.745 0.28375 0.723125 0.3071875 0.7165625 0.3334375 0.7171875 0.359375 0.729375 0.37
0 0.6940625 0.30343749999999997 0.6928124999999999 0.30874999999999997 0.691875 0.3125 0.7009375 0.325625 0.720625 0.33218749999999997 0.746875 0.3175 0.7534375 0.3015625 0.75 0.2859375 0.7434375 0.2821875 0.728125 0.27937500000000004 0.7046875 0.29093749999999996 0.6996875 0.2940625 0.6956249999999999 0.3 0.6940625 0.30343749999999997
0 0.6671875 0.3415625 0.6890625 0.3525 0.7106250000000001 0.3428125 0.7146874999999999 0.33125 0.7096875 0.3115625 0.7021875 0.306875 0.6859375 0.30062500000000003 0.673125 0.30125 0.6575 0.31843750000000004 0.6590625 0.325625 0.6671875 0.3415625
0 0.7209375 0.39 0.75125 0.3984375 0.7684375 0.3928125 0.7765625 0.3825 0.779375 0.361875 0.7753125 0.348125 0.7525000000000001 0.34187500000000004 0.7325 0.34781249999999997 0.7209375 0.370625 0.7209375 0.39
0 0.783125 0.38093750000000004 0.8087500000000001 0.37875000000000003 0.8237500000000001 0.36531250000000004 0.8262499999999999 0.3446875 0.8175000000000001 0.330625 0.8096875000000001 0.3253125 0.7943749999999999 0.31875 0.7731250000000001 0.32437499999999997 0.7581249999999999 0.3421875 0.7565625 0.3625 0.783125 0.38093750000000004
0 0.7821875 0.301875 0.7915625000000001 0.320625 0.8009375000000001 0.33125 0.8284375 0.33406250000000004 0.8371875 0.316875 0.8309374999999999 0.29562499999999997 0.819375 0.2840625 0.8162499999999999 0.2815625 0.8065625000000001 0.2725 0.7993750000000001 0.270625 0.7875 0.274375 0.780625 0.28375 0.7821875 0.301875
0 0.8081250000000001 0.2803125 0.813125 0.29625 0.8275 0.313125 0.8440625 0.31875 0.8550000000000001 0.3134375 0.8615625 0.30343749999999997 0.8612500000000001 0.291875 0.8584375 0.2815625 0.8487500000000001 0.26156250000000003 0.8331250000000001 0.25375000000000003 0.8168749999999999 0.2553125 0.806875 0.2646875 0.8081250000000001 0.2803125
0 0.8400000000000001 0.255625 0.8456250000000001 0.268125 0.8540625000000001 0.2828125 0.8775000000000001 0.2965625 0.8928125 0.3 0.9037499999999999 0.2915625 0.9018750000000001 0.27218749999999997 0.8946875000000001 0.2634375 0.8946875000000001 0.2459375 0.8768750000000001 0.240625 0.860625 0.2390625 0.845 0.24312499999999998 0.8400000000000001 0.255625
0 0.8753125 0.2534375 0.8956250000000001 0.271875 0.9246874999999999 0.27468750000000003 0.9493750000000001 0.2684375 0.9640625 0.25656249999999997 0.9640625 0.24156249999999999 0.9634375000000001 0.2375 0.9559374999999999 0.2190625 0.9228125 0.21749999999999997 0.89125 0.2228125 0.8771875 0.23625 0.8753125 0.2534375
0 0.8106249999999999 0.3303125 0.815625 0.349375 0.8334374999999999 0.3640625 0.8634375000000001 0.3578125 0.889375 0.3490625 0.9009375000000001 0.3403125 0.9018750000000001 0.32875 0.8881249999999999 0.31 0.8578125 0.305625 0.828125 0.31437499999999996 0.8106249999999999 0.3303125
0 0.8603125 0.28781249999999997 0.8643750000000001 0.3071875 0.8731249999999999 0.325625 0.9003125000000001 0.3403125 0.9243750000000001 0.3459375 0.9425000000000001 0.3328125 0.9428124999999999 0.313125 0.9412499999999999 0.3071875 0.929375 0.2965625 0.9099999999999999 0.2790625 0.8862500000000001 0.2709375 0.8659375 0.27625 0.8603125 0.28781249999999997
0 0.9146875 0.275 0.9109375 0.299375 0.9324999999999999 0.32 0.9581250000000001 0.325 0.9753125 0.320625 0.9840625 0.3125 0.99875 0.29562499999999997 0.975 0.2734375 0.951875 0.2621875 0.928125 0.2625 0.9146875 0.275