0 0.83125 0.740625 0.84375 0.734375 0.853125 0.715625 0.853125 0.68125 0.84375 0.659375 0.828125 0.64375 0.815625 0.640625 0.809375 0.646875 0.803125 0.71875 0.8125 0.734375 0.821875 0.740625 0.83125 0.740625
0 0.78125 0.696875 0.7875 0.7 0.803125 0.7 0.8125 0.684375 0.8125 0.653125 0.809375 0.64375 0.796875 0.621875 0.78125 0.60625 0.759375 0.596875 0.746875 0.596875 0.746875 0.603125 0.765625 0.678125 0.78125 0.696875
0 0.721875 0.69375 0.734375 0.703125 0.753125 0.70625 0.765625 0.69375 0.76875 0.684375 0.759375 0.634375 0.753125 0.61875 0.740625 0.596875 0.728125 0.590625 0.709375 0.590625 0.703125 0.59375 0.7 0.6 0.7 0.615625 0.71875 0.6875 0.721875 0.69375
0 0.625919078125 0.652307440625 0.655203721875 0.66711066875 0.68963731875 0.67193780625 0.7070150187500001 0.66582343125 0.7224618656249999 0.65198563125 0.715060253125 0.634607928125 0.70090064375 0.6236664125 0.678052184375 0.611437659375 0.6497329656249999 0.613368515625 0.6336425 0.6191610812499999 0.6249536499999999 0.633320690625 0.625919078125 0.652307440625
0 0.671875 0.671875 0.684375 0.68125 0.696875 0.6875 0.7125 0.690625 0.71875 0.684375 0.71875 0.675 0.703125 0.61875 0.6875 0.603125 0.678125 0.6 0.665625 0.6 0.653125 0.609375 0.65 0.628125 0.653125 0.64375 0.659375 0.65625 0.671875 0.671875
0 0.734375 0.596875 0.734375 0.5875 0.721875 0.575 0.715625 0.571875 0.696875 0.565625 0.678125 0.565625 0.671875 0.56875 0.66875 0.571875 0.66875 0.596875 0.7 0.6125 0.734375 0.596875
0 0.7292198625 0.633320690625 0.7179565343750001 0.64297496875 0.717312915625 0.6600308625 0.7243927218749999 0.6851319874999999 0.73211614375 0.695429884375 0.742414040625 0.705405971875 0.763331646875 0.712485778125 0.7807093468749999 0.716991109375 0.793259909375 0.71602568125 0.79873066875 0.70958949375 0.800661525 0.70347511875 0.8035578093750001 0.691246365625 0.78489286875 0.658421815625 0.7691242125 0.644584015625 0.750459275 0.63428611875 0.7292198625 0.633320690625
0 0.591163675 0.543535896875 0.58022215625 0.553190178125 0.577004065625 0.565740740625 0.5850492968750001 0.5831184406250001 0.600817953125 0.596312621875 0.6281717437500001 0.616586609375 0.64233135 0.62173555625 0.6587436249999999 0.623988221875 0.67000695 0.615942990625 0.669041521875 0.598887096875 0.6635707656250001 0.584405678125 0.6539164875 0.5708896875 0.637182403125 0.556730078125 0.6210919374999999 0.5483630374999999 0.604679665625 0.5432140875 0.591163675 0.543535896875
0 0.6323552625 0.538708759375 0.632677071875 0.5509375125 0.6375042125 0.5673497875 0.6490893468750001 0.5831184406250001 0.6651798125 0.5934163375 0.6812702749999999 0.59792166875 0.696717121875 0.59663443125 0.706693209375 0.58665834375 0.70572778125 0.574429590625 0.703153309375 0.568637021875 0.689959128125 0.554799225 0.67065056875 0.541283234375 0.6478021093749999 0.5309853343750001 0.6323552625 0.538708759375
0 0.574429590625 0.586336534375 0.569280640625 0.5934163375 0.569280640625 0.605645090625 0.57925673125 0.61787384375 0.593738146875 0.6281717437500001 0.610150421875 0.6336425 0.623344603125 0.6349297375 0.639113259375 0.63299888125 0.64812391875 0.6236664125 0.65327286875 0.60178338125 0.6487675375 0.592450909375 0.6458712531249999 0.58923281875 0.639113259375 0.5847274875 0.617552034375 0.5818312031249999 0.595669003125 0.58022215625 0.58537110625 0.580865775 0.574429590625 0.586336534375
0 0.577004065625 0.531628953125 0.58794558125 0.5470758 0.5985652875 0.553190178125 0.6149775625 0.560591790625 0.63299888125 0.56413169375 0.6436185875 0.558017315625 0.64812391875 0.542892278125 0.641365925 0.52519276875 0.634607928125 0.518434771875 0.623344603125 0.51006773125 0.612081278125 0.502987928125 0.596312621875 0.5033097375 0.580865775 0.5123203968750001 0.577004065625 0.531628953125
0 0.548041228125 0.5084586843750001 0.541926853125 0.5287326718750001 0.540961425 0.5609136 0.54160504375 0.578934921875 0.545466753125 0.59534719375 0.5612354093749999 0.604036046875 0.57668225625 0.598243478125 0.5847274875 0.582474821875 0.5895546281249999 0.5593045531249999 0.5856929156249999 0.5319507625 0.5837620593749999 0.52454915 0.5885892 0.518434771875 0.5799003468749999 0.50749325625 0.568637021875 0.501057071875 0.558339125 0.5007352625 0.548041228125 0.5084586843750001
0 0.504918784375 0.48464479687499995 0.498482596875 0.497838978125 0.494620884375 0.5206874375 0.494620884375 0.549972084375 0.50009164375 0.564453503125 0.5103895406250001 0.579578540625 0.524227340625 0.5837620593749999 0.543535896875 0.5786131125 0.548041228125 0.5612354093749999 0.548684846875 0.5329161906250001 0.5470758 0.5161821093750001 0.544179515625 0.5052405906249999 0.53903056875 0.496551740625 0.527445434375 0.48271394062499995 0.5161821093750001 0.47853042187500006 0.504918784375 0.48464479687499995
0 0.498482596875 0.49108098437500003 0.49526450312500003 0.5129640156249999 0.50266611875 0.5309853343750001 0.517791153125 0.53516885625 0.5515811312500001 0.52133105625 0.5650971218749999 0.508136875 0.5741077812500001 0.49526450312500003 0.57153330625 0.4894719375 0.5570518875 0.47756499375 0.5309853343750001 0.4704851875 0.51135496875 0.47627775625 0.498482596875 0.49108098437500003
0 0.43540797500000006 0.5181129624999999 0.456969196875 0.536134284375 0.48239213124999997 0.540961425 0.5068496375 0.53259438125 0.5161821093750001 0.5142512531250001 0.51071135 0.49526450312500003 0.505884209375 0.48432298749999997 0.4894719375 0.479817659375 0.46597985937499997 0.47853042187500006 0.443775015625 0.48400117812500004 0.432511690625 0.495908121875 0.43540797500000006 0.5181129624999999
0 0.4592218625 0.5445013249999999 0.47724318437499996 0.5650971218749999 0.50137888125 0.579578540625 0.528089053125 0.582474821875 0.54900665625 0.56767159375 0.551259321875 0.542892278125 0.5483630374999999 0.5284108625 0.5345252375 0.5181129624999999 0.502344309375 0.51650391875 0.4817485125 0.519722009375 0.465336240625 0.52905448125 0.4592218625 0.5445013249999999
0 0.45439472500000005 0.450211203125 0.454716534375 0.46951975937499996 0.468232521875 0.489150128125 0.49526450312500003 0.49719535937500003 0.5148948718749999 0.49526450312500003 0.5319507625 0.48657565312499995 0.539995996875 0.471772425 0.53388161875 0.46018729062499997 0.518434771875 0.446349490625 0.48786289062500005 0.43605159374999997 0.472094234375 0.434442546875 0.45439472500000005 0.450211203125
0 0.41449037187500004 0.41835208125 0.404192475 0.4254318875 0.400652571875 0.439591496875 0.405157903125 0.45600376875000004 0.41835208125 0.46984156875 0.45536015 0.48818469999999997 0.46951975937499996 0.49108098437500003 0.48625384374999997 0.490759175 0.49751716874999996 0.48078308437499995 0.497838978125 0.464692621875 0.496551740625 0.4566473875 0.487219271875 0.444418634375 0.471772425 0.43090264375 0.449567584375 0.423179221875 0.43218988124999996 0.41867389062499993 0.41449037187500004 0.41835208125
0 0.4090196125 0.46211814687499997 0.39325095625 0.47627775625 0.39099829375 0.49172460312500005 0.39389457499999997 0.50620601875 0.40161800000000003 0.51264220625 0.4202829375 0.5194002 0.4366952125 0.52454915 0.452142059375 0.521009246875 0.459543671875 0.513607634375 0.46179633750000004 0.5094241125 0.46372719375000004 0.49526450312500003 0.45632557812499996 0.47917404062499996 0.44313139687499997 0.46501443125 0.42446645937499994 0.4605091 0.4090196125 0.46211814687499997
0 0.363000884375 0.44248778125 0.349806703125 0.459543671875 0.35141575 0.47531232812499996 0.372976971875 0.4930118375 0.387458390625 0.498482596875 0.40805418437499996 0.492690028125 0.41642122812500004 0.48400117812500004 0.42414465 0.463405384375 0.41577760937499997 0.44731491874999996 0.39968714375 0.4366952125 0.382309440625 0.435729784375 0.363000884375 0.44248778125
0 0.33564709375 0.42350103125 0.33564709375 0.44474044375000005 0.34819765625 0.46630166875 0.372976971875 0.4704851875 0.382309440625 0.45793462500000004 0.38584934375 0.43991330624999997 0.3864929625 0.431224453125 0.387458390625 0.41899569999999997 0.376195065625 0.40676694687500003 0.362679075 0.40097438125 0.345301371875 0.4064451375 0.33564709375 0.42350103125
0 0.30958054062499996 0.432511690625 0.31730396562499996 0.445062253125 0.335325284375 0.447636728125 0.3501285125 0.430580834375 0.350450321875 0.41963931875 0.349806703125 0.40547970937500005 0.341117853125 0.3951818125 0.320200246875 0.39325095625 0.307006065625 0.40869780312500004 0.30958054062499996 0.432511690625
0 0.278365040625 0.3388651875 0.27579056562500004 0.361713646875 0.27804323124999997 0.387458390625 0.283192178125 0.403227046875 0.298639025 0.412881325 0.3137640625 0.41255951562500004 0.32695824375 0.39292914687499997 0.32953271875 0.378769540625 0.32824548125 0.367506215625 0.327280053125 0.35559926875 0.318913009375 0.33757795 0.30443159375 0.328567290625 0.29091560312500003 0.3276018625 0.278365040625 0.3388651875
0 0.27900865937499997 0.40966323125 0.27611237499999997 0.42478826875 0.283835796875 0.440878734375 0.29928264375 0.445062253125 0.31118958750000003 0.44184416249999997 0.31730396562499996 0.43218988124999996 0.317625775 0.418030271875 0.31440768124999996 0.40387066562499996 0.3025007375 0.396147240625 0.2886629375 0.398721715625 0.27900865937499997 0.40966323125
0 0.242644209375 0.382309440625 0.238138878125 0.401296190625 0.243609634375 0.41320313437499995 0.262596384375 0.42639731562499994 0.27868685000000004 0.42350103125 0.28415760625 0.4115940875 0.28544484375 0.4003307625 0.28415760625 0.3839184875 0.27965227812500004 0.37040249687500004 0.258734671875 0.367828025 0.242644209375 0.382309440625
0 0.26291819375 0.300248071875 0.25165486875 0.30185711875 0.242000590625 0.30925873125000003 0.236208021875 0.32695824375 0.234920784375 0.34819765625 0.238138878125 0.366218978125 0.24425325312499999 0.37844773125 0.25648200625 0.38584934375 0.2696761875 0.385527534375 0.2835139875 0.37716049375 0.28801931875000003 0.36203545625 0.28930655625 0.34819765625 0.28705389062500003 0.339186996875 0.283835796875 0.325992815625 0.280295896875 0.31569491875 0.27321609062499996 0.305718828125 0.26291819375 0.300248071875
0 0.22076117499999998 0.33757795 0.2082106125 0.352381178125 0.20402709375 0.37329878125 0.20563614062500002 0.390354675 0.21400318125 0.40161800000000003 0.22880640937500002 0.405157903125 0.24425325312499999 0.400652571875 0.248436775 0.39711266875 0.253263915625 0.384240296875 0.253585725 0.36203545625 0.24972401249999998 0.343692325 0.23781706875 0.333394428125 0.22076117499999998 0.33757795
0 0.207245184375 0.280617703125 0.197269096875 0.287697509375 0.18890205625 0.30925873125000003 0.194051003125 0.33757795 0.20370528437500002 0.35688650625 0.22204841250000001 0.363000884375 0.23266811875 0.361070028125 0.245540490625 0.34562318125 0.24779315624999998 0.332750809375 0.2471495375 0.32309653125 0.24521868125 0.31344225312499996 0.240713353125 0.2999262625 0.232989928125 0.290271984375 0.22140479375000002 0.278365040625 0.207245184375 0.280617703125
0 0.168949878125 0.35559926875 0.17828234999999998 0.3778041125 0.19372919375 0.382953059375 0.216255846875 0.37168973437499997 0.22043936562500002 0.357530125 0.214968609375 0.327923671875 0.206923375 0.322131103125 0.18150044062499998 0.322774721875 0.168949878125 0.334681665625 0.168949878125 0.35559926875
0 0.12293114999999999 0.31440768124999996 0.12743648125 0.334681665625 0.13902161562499998 0.34948489375 0.16701902500000002 0.35688650625 0.18182225000000002 0.3501285125 0.1943728125 0.331463571875 0.19694728749999998 0.3185912 0.19598185937499998 0.31440768124999996 0.189545675 0.305718828125 0.1731334 0.300248071875 0.15253760624999999 0.298317215625 0.13483809375 0.30185711875 0.12293114999999999 0.31440768124999996
0 0.08206136875 0.29252465 0.080774134375 0.307006065625 0.09171565000000001 0.32180929375 0.11038058749999999 0.33017633750000003 0.13097638125 0.332750809375 0.14481418125 0.32953271875 0.160261028125 0.310867778125 0.16251369375 0.30056988125 0.160261028125 0.29059379375 0.13902161562499998 0.280295896875 0.121322103125 0.27804323124999997 0.09235926875 0.2835139875 0.08206136875 0.29252465
0 0.11778220312500001 0.245540490625 0.11134601562499999 0.264527240625 0.12196572187500002 0.283835796875 0.13998704374999998 0.296386359375 0.1692716875 0.30314435624999997 0.18536215312499998 0.302822546875 0.2020962375 0.29091560312500003 0.20660156562499998 0.27772142187500004 0.198234525 0.262596384375 0.18150044062499998 0.250689440625 0.1544684625 0.24167878125 0.13676895 0.238138878125 0.11778220312500001 0.245540490625
0 0.054385771875 0.266458096875 0.059212909375 0.2912374125 0.082383178125 0.301535309375 0.11488591875000001 0.29799540625 0.13837799687500002 0.28512303437500003 0.15382484375 0.267101715625 0.155433890625 0.256803815625 0.15736474375 0.249402203125 0.13837799687500002 0.239426115625 0.10748430312499999 0.2384606875 0.06854538125000001 0.2471495375 0.054385771875 0.266458096875
0 0.028641028125000002 0.2873757 0.071763471875 0.300248071875 0.100082690625 0.29928264375 0.11874762812499999 0.27868685000000004 0.10941515937499999 0.2558383875 0.0965427875 0.247471346875 0.08978479375000001 0.242644209375 0.057603862500000005 0.242000590625 0.034755403125 0.24875858437499998 0.020273984375 0.26549266875 0.028641028125000002 0.2873757
0 0.051811296875 0.20949784999999999 0.03829530625 0.22397926875000002 0.045375109375 0.239426115625 0.0852794625 0.252620296875 0.12486200624999999 0.251333059375 0.13902161562499998 0.241356971875 0.14095247187499998 0.23363354687500001 0.1432051375 0.22494469687500002 0.129689146875 0.2133595625 0.098795453125 0.20177442812500002 0.07530337499999999 0.200487190625 0.051811296875 0.20949784999999999
0 0.006436184374999999 0.20016538125 0.026066553125000003 0.21850850937500002 0.057925671874999994 0.22591012500000002 0.080774134375 0.210463278125 0.083992225 0.193407384375 0.074337946875 0.18085682187500002 0.052776725000000003 0.16637540625 0.032180928125 0.16605359687500001 0.010941515625 0.17924777812499998 0.006436184374999999 0.20016538125