0 0.5125 0.078125 0.546875 0.071875 0.55625 0.059375 0.55625 0.03125 0.4875 0.0375 0.484375 0.040625 0.48125 0.046875 0.48125 0.075 0.4875 0.078125 0.5125 0.078125
0 0.565625 0.096875 0.56875 0.0875 0.56875 0.084375 0.55625 0.06875 0.484375 0.075 0.478125 0.084375 0.475 0.103125 0.48125 0.115625 0.553125 0.1125 0.565625 0.096875
0 0.50625 0.15 0.553125 0.14375 0.56875 0.1375 0.571875 0.128125 0.56875 0.10625 0.559375 0.1 0.48125 0.109375 0.478125 0.1125 0.475 0.121875 0.475 0.14375 0.48125 0.15 0.50625 0.15
0 0.571875 0.165625 0.56875 0.146875 0.5625 0.140625 0.515625 0.1375 0.48125 0.146875 0.471875 0.159375 0.46875 0.16875 0.46875 0.19375 0.559375 0.1875 0.571875 0.165625
0 0.490625 0.228125 0.540625 0.228125 0.5625 0.221875 0.56875 0.2125 0.56875 0.190625 0.559375 0.178125 0.503125 0.178125 0.475 0.18125 0.465625 0.196875 0.4625 0.20625 0.465625 0.21875 0.475 0.225 0.490625 0.228125
0 0.496875 0.3125 0.54375 0.30625 0.55625 0.290625 0.55625 0.26875 0.546875 0.2625 0.534375 0.259375 0.484375 0.2625 0.4625 0.265625 0.459375 0.26875 0.453125 0.28125 0.453125 0.30625 0.465625 0.3125 0.496875 0.3125
0 0.525 0.30625 0.5375 0.30625 0.55 0.3 0.55625 0.284375 0.55625 0.271875 0.55 0.259375 0.5375 0.25 0.496875 0.240625 0.46875 0.246875 0.465625 0.259375 0.465625 0.275 0.48125 0.290625 0.525 0.30625
0 0.503125 0.271875 0.553125 0.265625 0.5625 0.25625 0.5625 0.234375 0.55625 0.23125 0.534375 0.228125 0.48125 0.23125 0.46875 0.234375 0.465625 0.240625 0.465625 0.259375 0.46875 0.265625 0.503125 0.271875
0 0.46875 0.346875 0.546875 0.3375 0.55 0.328125 0.55 0.30625 0.546875 0.303125 0.46875 0.3 0.453125 0.30625 0.453125 0.340625 0.459375 0.34375 0.46875 0.346875
0 0.515625 0.378125 0.525 0.375 0.540625 0.3625 0.54375 0.353125 0.54375 0.3375 0.540625 0.334375 0.50625 0.334375 0.475 0.340625 0.45625 0.35 0.446875 0.365625 0.44375 0.378125 0.446875 0.390625 0.459375 0.390625 0.515625 0.378125
0 0.46875 0.446875 0.50625 0.44375 0.53125 0.43125 0.534375 0.41875 0.53125 0.396875 0.515625 0.3875 0.496875 0.38125 0.4875 0.38125 0.45 0.390625 0.4375 0.403125 0.434375 0.4125 0.434375 0.43125 0.44375 0.44375 0.46875 0.446875
0 0.50625 0.440625 0.521875 0.434375 0.53125 0.425 0.5375 0.409375 0.540625 0.3875 0.540625 0.371875 0.5375 0.36875 0.51875 0.365625 0.503125 0.371875 0.478125 0.3875 0.46875 0.403125 0.46875 0.41875 0.48125 0.440625 0.50625 0.440625
0 0.471875 0.46875 0.528125 0.46875 0.534375 0.465625 0.540625 0.45 0.540625 0.434375 0.534375 0.421875 0.525 0.415625 0.5125 0.4125 0.4625 0.41875 0.4375 0.43125 0.4375 0.45 0.45 0.465625 0.471875 0.46875
0 0.53125 0.5 0.5375 0.490625 0.5375 0.4625 0.534375 0.45625 0.5 0.45 0.45 0.453125 0.44375 0.45625 0.4375 0.471875 0.4375 0.496875 0.45 0.503125 0.53125 0.5
0 0.453125 0.540625 0.46875 0.540625 0.5125 0.53125 0.53125 0.521875 0.534375 0.503125 0.528125 0.49375 0.5125 0.490625 0.471875 0.490625 0.45 0.49375 0.440625 0.503125 0.4375 0.5125 0.4375 0.528125 0.440625 0.534375 0.453125 0.540625
0 0.465625 0.634375 0.50625 0.61875 0.521875 0.60625 0.528125 0.5875 0.528125 0.565625 0.521875 0.55 0.515625 0.54375 0.496875 0.540625 0.48125 0.546875 0.4625 0.56875 0.45625 0.58125 0.45 0.6 0.45 0.61875 0.4625 0.634375 0.465625 0.634375
0 0.515625 0.575 0.528125 0.56875 0.534375 0.546875 0.53125 0.53125 0.503125 0.528125 0.45625 0.53125 0.4375 0.546875 0.434375 0.5625 0.434375 0.571875 0.4375 0.575 0.515625 0.575
0 0.465625 0.7125 0.475 0.7 0.4875 0.66875 0.478125 0.628125 0.459375 0.60625 0.44375 0.603125 0.43125 0.609375 0.425 0.625 0.421875 0.653125 0.428125 0.696875 0.434375 0.703125 0.465625 0.7125
0 0.51875 0.684375 0.528125 0.684375 0.53125 0.675 0.53125 0.659375 0.528125 0.646875 0.521875 0.634375 0.5125 0.625 0.50625 0.621875 0.484375 0.621875 0.46875 0.634375 0.465625 0.640625 0.465625 0.65625 0.471875 0.665625 0.51875 0.684375
0 0.509375 0.7375 0.528125 0.73125 0.53125 0.725 0.53125 0.7125 0.525 0.690625 0.509375 0.678125 0.490625 0.66875 0.4625 0.66875 0.453125 0.678125 0.45 0.6875 0.446875 0.70625 0.471875 0.725 0.490625 0.734375 0.509375 0.7375
0 0.446875 0.78125 0.459375 0.7875 0.465625 0.7875 0.48125 0.778125 0.471875 0.725 0.4625 0.7125 0.44375 0.703125 0.4375 0.703125 0.434375 0.70625 0.43125 0.7125 0.43125 0.753125 0.434375 0.7625 0.446875 0.78125
0 0.4875 0.790625 0.50625 0.790625 0.5125 0.7875 0.525 0.775 0.528125 0.76875 0.528125 0.74375 0.525 0.734375 0.509375 0.721875 0.5 0.71875 0.48125 0.71875 0.471875 0.721875 0.465625 0.725 0.465625 0.75 0.471875 0.78125 0.4875 0.790625