0 0.4 0.15625 0.425 0.15625 0.434375 0.15 0.46875 0.1125 0.478125 0.0875 0.475 0.075 0.46875 0.065625 0.459375 0.059375 0.43125 0.059375 0.4125 0.071875 0.39375 0.09375 0.384375 0.1125 0.38125 0.121875 0.38125 0.1375 0.384375 0.14375 0.4 0.15625
0 0.546875 0.159375 0.565625 0.15625 0.58125 0.146875 0.596875 0.125 0.596875 0.103125 0.58125 0.090625 0.55625 0.090625 0.528125 0.103125 0.515625 0.1125 0.490625 0.140625 0.4875 0.15 0.490625 0.15625 0.496875 0.159375 0.546875 0.159375
0 0.5375 0.1875 0.56875 0.178125 0.575 0.175 0.5875 0.159375 0.5875 0.134375 0.584375 0.128125 0.58125 0.125 0.5625 0.121875 0.5125 0.121875 0.496875 0.134375 0.490625 0.14375 0.4875 0.1625 0.490625 0.175 0.5125 0.1875 0.5375 0.1875
0 0.55 0.228125 0.565625 0.225 0.58125 0.209375 0.5875 0.19375 0.58125 0.165625 0.575 0.1625 0.54375 0.165625 0.528125 0.18125 0.521875 0.196875 0.525 0.20625 0.5375 0.221875 0.55 0.228125
0 0.5003124999999999 0.16468750000000001 0.484375 0.17124999999999999 0.47093749999999995 0.1853125 0.4615625 0.199375 0.46312499999999995 0.2171875 0.4659375 0.226875 0.48531250000000004 0.22875 0.5059375 0.22531249999999997 0.5184375 0.21937500000000001 0.5349999999999999 0.20750000000000002 0.5415625000000001 0.1990625 0.545 0.19 0.5453125 0.1740625 0.5365624999999999 0.161875 0.5209374999999999 0.1603125 0.5003124999999999 0.16468750000000001
0 0.51125 0.2225 0.495625 0.2340625 0.48562500000000003 0.24937499999999999 0.4840625 0.2659375 0.49000000000000005 0.2778125 0.5046875 0.27875 0.524375 0.274375 0.538125 0.265625 0.5484375 0.2578125 0.561875 0.246875 0.5640625 0.226875 0.5596875 0.2165625 0.546875 0.21218750000000003 0.53125 0.21437499999999998 0.51125 0.2225
0 0.489375 0.21125 0.47906250000000006 0.21125 0.46187500000000004 0.21937500000000001 0.44781250000000006 0.23531249999999998 0.438125 0.25375000000000003 0.4390625 0.2640625 0.44437499999999996 0.2740625 0.4625 0.275 0.4759375 0.27 0.49812500000000004 0.25375000000000003 0.5184375 0.2390625 0.510625 0.2234375 0.50625 0.21593749999999998 0.489375 0.21125
0 0.43062500000000004 0.288125 0.41656250000000006 0.306875 0.41281249999999997 0.3234375 0.421875 0.3359375 0.4484375 0.33718750000000003 0.47406249999999994 0.3271875 0.49031250000000004 0.31375000000000003 0.4965625 0.2990625 0.49468750000000006 0.2840625 0.48218750000000005 0.27375 0.4659375 0.27218749999999997 0.44656250000000003 0.276875 0.43062500000000004 0.288125
0 0.4421875 0.2790625 0.43968749999999995 0.299375 0.45875000000000005 0.30843750000000003 0.48687500000000006 0.3078125 0.50875 0.299375 0.5228125 0.28312499999999996 0.531875 0.26625 0.5337500000000001 0.2459375 0.5131249999999999 0.24375 0.48187499999999994 0.248125 0.459375 0.26125 0.4421875 0.2790625
0 0.48531250000000004 0.3315625 0.5081249999999999 0.3359375 0.53 0.3328125 0.54125 0.31656249999999997 0.5478125 0.2971875 0.546875 0.281875 0.5428124999999999 0.27125 0.521875 0.26749999999999996 0.495625 0.27937500000000004 0.476875 0.308125 0.48531250000000004 0.3315625
0 0.4146875 0.344375 0.41500000000000004 0.36625 0.42750000000000005 0.3825 0.4646875 0.383125 0.48875 0.3703125 0.49874999999999997 0.3571875 0.504375 0.340625 0.50625 0.33468749999999997 0.48562500000000003 0.320625 0.4446875 0.316875 0.42781250000000004 0.32625000000000004 0.4146875 0.344375
0 0.44437499999999996 0.366875 0.43156249999999996 0.3834375 0.4253125 0.4015625 0.4303125 0.41875 0.44656250000000003 0.42281250000000004 0.46312499999999995 0.41937499999999994 0.47562499999999996 0.40875000000000006 0.4884375 0.3915625 0.4915625 0.3821875 0.49375 0.3771875 0.49749999999999994 0.36843750000000003 0.48968749999999994 0.3584375 0.47843749999999996 0.355 0.45999999999999996 0.3590625 0.44437499999999996 0.366875
0 0.3734375 0.384375 0.3771875 0.41 0.38625 0.43 0.40718750000000004 0.44625000000000004 0.42000000000000004 0.45093750000000005 0.4403125 0.44125 0.44312500000000005 0.42625 0.44000000000000006 0.399375 0.43562500000000004 0.38468749999999996 0.43156249999999996 0.37906249999999997 0.4234375 0.37093750000000003 0.41593749999999996 0.3609375 0.39437500000000003 0.35750000000000004 0.3803125 0.36343749999999997 0.3734375 0.384375
0 0.4090625 0.33406250000000004 0.3934375 0.3365625 0.385 0.3446875 0.38625 0.3615625 0.3896875 0.37906249999999997 0.395 0.39437500000000003 0.4059375 0.4065625 0.41968750000000005 0.40531249999999996 0.4328125 0.39718749999999997 0.4403125 0.379375 0.4421875 0.3565625 0.44343750000000004 0.335 0.43218750000000006 0.33406250000000004 0.425625 0.33406250000000004 0.4090625 0.33406250000000004
0 0.4140625 0.406875 0.406875 0.4246875 0.409375 0.44625000000000004 0.426875 0.46218750000000003 0.4409375 0.46781249999999996 0.45125000000000004 0.45999999999999996 0.46343750000000006 0.44437499999999996 0.4671875 0.42874999999999996 0.46781249999999996 0.415625 0.4684375 0.40531249999999996 0.4609375 0.3928125 0.44875 0.38656250000000003 0.4290625 0.3915625 0.4140625 0.406875
0 0.3415625 0.43125 0.34249999999999997 0.44625000000000004 0.3484375 0.45625 0.36531250000000004 0.4575 0.388125 0.44749999999999995 0.4021875 0.43531250000000005 0.4090625 0.418125 0.40812499999999996 0.401875 0.40406250000000005 0.3915625 0.40125 0.38687499999999997 0.3896875 0.385625 0.37374999999999997 0.39249999999999996 0.3571875 0.4034375 0.34781249999999997 0.41500000000000004 0.3415625 0.43125
0 0.34375 0.4653125 0.33875 0.48312499999999997 0.344375 0.4965625 0.36124999999999996 0.499375 0.37906249999999997 0.49437499999999995 0.40125 0.480625 0.416875 0.4671875 0.425625 0.44875 0.425 0.43562500000000004 0.41937499999999994 0.429375 0.40750000000000003 0.42406249999999995 0.38687499999999997 0.428125 0.3696875 0.4371875 0.3540625 0.45093750000000005 0.34375 0.4653125
0 0.3446875 0.5215625 0.3328125 0.5240625 0.32687499999999997 0.545 0.3325 0.5634375 0.3440625 0.5778125000000001 0.364375 0.589375 0.378125 0.5896874999999999 0.39125 0.578125 0.390625 0.568125 0.39375 0.553125 0.3859375 0.53625 0.37625000000000003 0.5275000000000001 0.3628125 0.5231250000000001 0.3446875 0.5215625
0 0.2921875 0.5884375000000001 0.28250000000000003 0.59875 0.28312499999999996 0.6184375 0.2971875 0.63625 0.3140625 0.6490625 0.3403125 0.6559375000000001 0.3578125 0.6534375 0.3640625 0.6390625 0.3628125 0.6321875 0.364375 0.6259375 0.34968750000000004 0.61 0.3275 0.594375 0.305625 0.5875 0.2921875 0.5884375000000001
0 0.32218749999999996 0.6003125 0.32406250000000003 0.6159375 0.3384375 0.6278125 0.3609375 0.6275000000000001 0.375625 0.6140625 0.38406250000000003 0.5978125000000001 0.383125 0.589375 0.3678125 0.57625 0.3546875 0.57375 0.3353125 0.583125 0.32218749999999996 0.6003125
0 0.29125 0.5775 0.30093749999999997 0.5928125 0.3225 0.6015625 0.33999999999999997 0.58875 0.3459375 0.5746875 0.34750000000000003 0.5659375 0.3428125 0.55125 0.3315625 0.5428124999999999 0.311875 0.5443749999999999 0.2990625 0.5543750000000001 0.29125 0.5775
0 0.290625 0.628125 0.2759375 0.6303124999999999 0.274375 0.6443749999999999 0.275625 0.660625 0.28781249999999997 0.6775 0.3046875 0.6890625 0.3246875 0.6971875 0.3403125 0.6975 0.350625 0.6909375 0.35625 0.6775 0.35375 0.6690625 0.3515625 0.658125 0.33999999999999997 0.645625 0.32218749999999996 0.6365624999999999 0.308125 0.63125 0.290625 0.628125
0 0.3 0.6628125 0.2875 0.6665625000000001 0.280625 0.6790625 0.27999999999999997 0.69625 0.2846875 0.71375 0.2971875 0.7278125 0.31 0.7396874999999999 0.321875 0.7424999999999999 0.3290625 0.74125 0.3375 0.73125 0.3415625 0.720625 0.3428125 0.7065625 0.34249999999999997 0.69375 0.33468749999999997 0.6778125 0.32625000000000004 0.66875 0.3140625 0.6637500000000001 0.3 0.6628125
0 0.246875 0.6643749999999999 0.2396875 0.6784375 0.2346875 0.696875 0.23718750000000002 0.7162499999999999 0.24656250000000002 0.733125 0.259375 0.7390625 0.2778125 0.734375 0.286875 0.7184375000000001 0.28781249999999997 0.7040625 0.28875 0.6875 0.28625 0.6796875 0.28250000000000003 0.665 0.273125 0.656875 0.259375 0.658125 0.246875 0.6643749999999999
0 0.25625 0.6503125 0.2584375 0.6709375 0.268125 0.690625 0.2834375 0.708125 0.2965625 0.7203125 0.31062500000000004 0.724375 0.3196875 0.7153125 0.3209375 0.6959375 0.320625 0.67375 0.31625000000000003 0.6603125000000001 0.305 0.6440625 0.2890625 0.6334375 0.27531249999999996 0.6325000000000001 0.2634375 0.6365624999999999 0.25625 0.6503125
0 0.224375 0.7834375 0.24156249999999999 0.79625 0.2690625 0.795625 0.29 0.7840625 0.305 0.7681250000000001 0.3103125 0.7509375 0.31062500000000004 0.7396874999999999 0.2921875 0.733125 0.2625 0.7371875 0.24156249999999999 0.7474999999999999 0.22531249999999997 0.76375 0.224375 0.7834375
0 0.2621875 0.7212500000000001 0.2603125 0.7515625 0.26187499999999997 0.774375 0.26687500000000003 0.7896875 0.2809375 0.7959375 0.29562499999999997 0.7896875 0.3040625 0.7703125 0.308125 0.7540625000000001 0.308125 0.745 0.30874999999999997 0.7296875 0.305 0.711875 0.29 0.705 0.2728125 0.7059375 0.2621875 0.7212500000000001
0 0.21187499999999998 0.7268749999999999 0.20437500000000003 0.7646875 0.20031249999999998 0.785625 0.2053125 0.8009375000000001 0.2184375 0.8090624999999999 0.2325 0.8065625000000001 0.2484375 0.795 0.2553125 0.7765625 0.258125 0.7553124999999999 0.2584375 0.7396874999999999 0.2621875 0.7203125 0.2503125 0.7090625 0.236875 0.7103125 0.2228125 0.7175 0.21187499999999998 0.7268749999999999
0 0.225 0.8081250000000001 0.220625 0.82875 0.23156249999999998 0.846875 0.2546875 0.8446875 0.2734375 0.838125 0.294375 0.825 0.306875 0.8074999999999999 0.3071875 0.7953125 0.305 0.7884375 0.29375 0.779375 0.26937500000000003 0.781875 0.2453125 0.7896875 0.225 0.8081250000000001
0 0.2453125 0.8237500000000001 0.2396875 0.8434375 0.23875000000000002 0.866875 0.24125000000000002 0.883125 0.248125 0.8928125 0.2678125 0.8925000000000001 0.2778125 0.8865624999999999 0.28312499999999996 0.8790625000000001 0.29812500000000003 0.8440625 0.29812500000000003 0.8300000000000001 0.29812500000000003 0.8209375 0.29093749999999996 0.8078125 0.27937500000000004 0.8059375 0.26187499999999997 0.8103125 0.2453125 0.8237500000000001
0 0.199375 0.8315625000000001 0.2125 0.8428125 0.2340625 0.838125 0.2521875 0.8196875 0.2671875 0.796875 0.26968749999999997 0.7803125 0.26968749999999997 0.7715625 0.2628125 0.765625 0.24125000000000002 0.7653125000000001 0.21625 0.7803125 0.2015625 0.805 0.199375 0.8315625000000001
0 0.1678125 0.9665625 0.16999999999999998 0.9821875 0.18562499999999998 0.9921875 0.206875 0.9915625 0.22749999999999998 0.9800000000000001 0.2446875 0.9643750000000001 0.256875 0.9471875000000001 0.2584375 0.9384375 0.2528125 0.9259375000000001 0.231875 0.9228125 0.2 0.9309375 0.1703125 0.9506249999999999 0.1678125 0.9665625
0 0.16375 0.965625 0.171875 0.9778125 0.18875 0.9806250000000001 0.2109375 0.9659375000000001 0.22781250000000003 0.9490624999999999 0.23531249999999998 0.928125 0.23562500000000003 0.9106249999999999 0.2284375 0.8959374999999999 0.224375 0.8940625000000001 0.2078125 0.89375 0.18562499999999998 0.911875 0.1684375 0.9271874999999999 0.1628125 0.9453125 0.16375 0.965625
0 0.2225 0.8503125 0.215625 0.8675 0.215625 0.8903125 0.2240625 0.9103125000000001 0.23312499999999997 0.9240625 0.244375 0.92875 0.25625 0.9228125 0.2671875 0.9103125000000001 0.26968749999999997 0.8953125 0.27218749999999997 0.8784375000000001 0.2709375 0.8643750000000001 0.26749999999999996 0.85125 0.250625 0.8440625 0.23500000000000001 0.8421875 0.2225 0.8503125
0 0.1625 0.89125 0.16375 0.9090624999999999 0.1678125 0.928125 0.1796875 0.9390625 0.1953125 0.9359375 0.209375 0.9228125 0.21531250000000002 0.8975 0.21781250000000002 0.8771875 0.21781250000000002 0.85875 0.2190625 0.846875 0.20625 0.8400000000000001 0.19375 0.8446875 0.17875000000000002 0.8559374999999999 0.168125 0.8721875000000001 0.1625 0.89125