0 0.5720251281250001 0.767805075 0.57119730625 0.78932845 0.5798894375 0.8120935625 0.60389628125 0.833203028125 0.630386590625 0.8365143156249999 0.643631746875 0.8236830718749999 0.6423900125 0.801745784375 0.636181346875 0.783119784375 0.6117605937499999 0.765321609375 0.588995484375 0.75869903125 0.5720251281250001 0.767805075
0 0.5525713062500001 0.734278275 0.542223528125 0.75869903125 0.54884610625 0.783119784375 0.57450859375 0.803815340625 0.601412815625 0.807126628125 0.607207571875 0.8050570718750001 0.6059658375 0.775255475 0.600998903125 0.749179075 0.5836146375 0.728069609375 0.56333299375 0.7272417875 0.5525713062500001 0.734278275
0 0.495451575 0.699095834375 0.489656821875 0.7197913875 0.500004596875 0.74379823125 0.529392284375 0.7711163625 0.5546408625 0.781050228125 0.568713840625 0.7636659625 0.570369484375 0.753732096875 0.57492250625 0.735106096875 0.55671041875 0.707787965625 0.54180961875 0.695370634375 0.522355796875 0.6904037 0.495451575 0.699095834375
0 0.4735142875 0.72144703125 0.48800117812500005 0.746695609375 0.519044509375 0.749179075 0.5322896625 0.72558614375 0.535600953125 0.699095834375 0.535600953125 0.69205934375 0.5331174843750001 0.665155125 0.51242193125 0.64487348125 0.489656821875 0.647356946875 0.4772394875 0.673019434375 0.4735142875 0.72144703125
0 0.2121248125 0.30854518125 0.191187815625 0.33829775 0.191187815625 0.36309155937500004 0.2027582625 0.3812736875 0.22810304375 0.384579528125 0.25179490625 0.366948375 0.266671190625 0.352072090625 0.271629953125 0.32727828125 0.269426059375 0.309647128125 0.260059509375 0.29532181562500004 0.235816675 0.294770840625 0.2121248125 0.30854518125
0 0.25620269375000004 0.342154565625 0.2308579125 0.368601296875 0.217083571875 0.39780289375 0.21928746875 0.419841834375 0.25069295937499997 0.4281064375 0.274384821875 0.419841834375 0.28926110625 0.40661846874999996 0.29366889375 0.392293159375 0.29917863125 0.36805032187500003 0.2958727875 0.346562353125 0.28209845 0.335542884375 0.25620269375000004 0.342154565625
0 0.2165326 0.26887508437499996 0.197248525 0.29532181562500004 0.19173879062500002 0.32727828125 0.20771702187500002 0.342154565625 0.23306180625 0.337195803125 0.250141984375 0.3250743875 0.25620269375000004 0.31350394062500003 0.257855615625 0.28815915937500003 0.253447828125 0.265018271875 0.236367646875 0.26061048124999997 0.2165326 0.26887508437499996
0 0.18512710937500002 0.244081278125 0.184576134375 0.28209845 0.20330923437499998 0.30303544375 0.22589915 0.29421986875 0.244081278125 0.2776906625 0.252896853125 0.26997703125 0.255100746875 0.23691862187499999 0.247938090625 0.22314428125000002 0.224246228125 0.215981625 0.197248525 0.21983844062500002 0.18512710937500002 0.244081278125
0 0.165843034375 0.19945241875 0.163639140625 0.226450125 0.1746586125 0.2490400375 0.20000339375 0.24628517187500001 0.217634546875 0.23416375312499998 0.22149136249999998 0.23251083125 0.22975596562499997 0.20881896875 0.22479720312499998 0.182372240625 0.21157383749999997 0.165843034375 0.18843295 0.168597903125 0.165843034375 0.19945241875
0 0.1416002 0.1454570125 0.1548235625 0.17686250625 0.175209584375 0.193942684375 0.19945241875 0.179617371875 0.213226759375 0.153721615625 0.19945241875 0.12507099375 0.16969985 0.10193010312499999 0.14821188125 0.10578691874999999 0.1416002 0.1454570125
0 0.116806390625 0.14380409375 0.131131703125 0.16969985 0.1548235625 0.155925509375 0.15537453750000002 0.137192409375 0.15537453750000002 0.1272748875 0.15537453750000002 0.107439840625 0.14380409375 0.08540089687499999 0.12452001875 0.0749324 0.11350054999999999 0.104133996875 0.116806390625 0.14380409375
0 0.23691862187499999 0.450696353125 0.23857154062500002 0.47273529375 0.25675366875 0.4843057375 0.28981208125 0.47989794999999996 0.311851021875 0.46832750624999997 0.32287049375 0.45565511562500005 0.32617633437500004 0.426453515625 0.31350394062500003 0.413781125 0.283200396875 0.413781125 0.260059509375 0.42590254375000003 0.23691862187499999 0.450696353125
0 0.445737590625 0.6495978 0.44132980312500003 0.6837581593750001 0.452349271875 0.709653915625 0.47714308125000005 0.714612678125 0.489815475 0.688165946875 0.49257034062500005 0.6765955031249999 0.499732996875 0.66061726875 0.498080078125 0.633619565625 0.48485671249999995 0.6214981500000001 0.46116485 0.6226000968750001 0.445737590625 0.6495978
0 0.413781125 0.60496894375 0.41212820624999996 0.64739390625 0.422596703125 0.67549355625 0.44959440624999997 0.6738406343750001 0.45951192812499997 0.655107534375 0.462817771875 0.6457409843749999 0.46391971875 0.629762753125 0.45510414062500004 0.598908234375 0.436371040625 0.581828053125 0.419841834375 0.580175134375 0.413781125 0.60496894375