0 0.300195059375 0.455610328125 0.30774281875 0.470362771875 0.3259260625 0.47550897187499996 0.346853946875 0.471735090625 0.366752590625 0.461099609375 0.372241871875 0.448062565625 0.367095671875 0.433653203125 0.361606390625 0.4240469625 0.339649265625 0.41855768125 0.3132321 0.42370388124999997 0.29985197812500003 0.43605476562499995 0.300195059375 0.455610328125
0 0.343766228125 0.4038052375 0.340335425 0.41169608125 0.339306184375 0.4240469625 0.340335425 0.43605476562499995 0.34582470625 0.44463176562499995 0.359547909375 0.450464128125 0.376358834375 0.452179528125 0.390425115625 0.452179528125 0.40757911875 0.4460040875 0.410666840625 0.43674092499999995 0.41135299999999997 0.4257623625 0.41169608125 0.41993 0.40757911875 0.40963760000000005 0.4003744375 0.404834478125 0.379103475 0.4003744375 0.354401709375 0.401060596875 0.343766228125 0.4038052375
0 0.39145435625 0.410666840625 0.390082034375 0.42885008437499994 0.396257478125 0.44840564687500006 0.404834478125 0.45629648749999996 0.416156121875 0.46007036875 0.444974846875 0.46178576875 0.45835496875 0.45149336875 0.46144269062500004 0.44051480625000006 0.462471928125 0.42610544375000003 0.45972729062499995 0.412039159375 0.44394560624999996 0.39934519687500003 0.41684228125 0.39591439687499996 0.401403678125 0.3986590375 0.39145435625 0.410666840625
0 0.53794954375 0.401403678125 0.5214817 0.39831595625 0.50570001875 0.40414831875 0.488546015625 0.41032375937500004 0.4696766125 0.41100991875000004 0.45423800937500003 0.416156121875 0.44840564687500006 0.430222403125 0.457668809375 0.44840564687500006 0.47893977187500003 0.46007036875 0.497123015625 0.46281500937500003 0.526627903125 0.46281500937500003 0.5551035468750001 0.45423800937500003 0.567797509375 0.43982864375 0.57088523125 0.423017721875 0.56676826875 0.41100991875000004 0.5485850250000001 0.41341148125 0.5475557875 0.41032375937500004 0.546526546875 0.40792219999999996 0.53794954375 0.401403678125
0 0.5105031375 0.44325944687499996 0.50913081875 0.457668809375 0.5163355000000001 0.467961209375 0.529715621875 0.47516589062500003 0.555446628125 0.474136653125 0.579119153125 0.46487349062499994 0.5997039562500001 0.45115028749999997 0.6103394375 0.43914248437500003 0.613084078125 0.425076203125 0.6086240375 0.41169608125 0.604163996875 0.40689295937500003 0.587353075 0.39900211875 0.56162206875 0.404834478125 0.544468065625 0.41649919999999996 0.5204524593750001 0.43125164375 0.5105031375 0.44325944687499996
0 0.609996359375 0.41684228125 0.6069086375 0.43468244375 0.6220041593750001 0.45320876875 0.634698121875 0.46521656875 0.66694765 0.470362771875 0.6830724125 0.466245809375 0.6995402562499999 0.44737640624999997 0.694050975 0.43948556562499996 0.682386253125 0.4189007625 0.658370646875 0.41100991875000004 0.62680728125 0.408951440625 0.609996359375 0.41684228125
0 0.69542329375 0.382534275 0.67758313125 0.38390659375 0.6628306875 0.390082034375 0.6542536875 0.397972878125 0.655282928125 0.40929451875 0.6624876093750001 0.4189007625 0.67586773125 0.42782084375 0.692335575 0.433653203125 0.716694259375 0.43639784375 0.73590674375 0.435711684375 0.7496299468750001 0.429879321875 0.75717770625 0.41821460000000005 0.757863865625 0.40963760000000005 0.75374690625 0.40071751874999995 0.744140665625 0.390425115625 0.7293882218750001 0.384935834375 0.71394961875 0.382877353125 0.69542329375 0.382534275
0 0.6628306875 0.419243840625 0.6525382875 0.42679160312500003 0.651509046875 0.440857884375 0.655282928125 0.45698264999999993 0.66831996875 0.47447973125000004 0.67758313125 0.48374289375 0.696452534375 0.493692215625 0.71909581875 0.49575069687499995 0.731103621875 0.488546015625 0.736935984375 0.471735090625 0.736249821875 0.46178576875 0.731446703125 0.45115028749999997 0.70811725625 0.431937803125 0.69542329375 0.423360803125 0.669692290625 0.416156121875 0.6628306875 0.419243840625
0 0.731103621875 0.4189007625 0.712920378125 0.4206161625 0.7015987375 0.43125164375 0.70297105625 0.44463176562499995 0.711548059375 0.46178576875 0.72321278125 0.47996901249999996 0.73522058125 0.490947575 0.747571465625 0.49883841562500003 0.7688424281249999 0.501239978125 0.781536390625 0.49746609687500004 0.790456471875 0.486830615625 0.791142634375 0.48442905312500006 0.7935441937500001 0.47722437187500005 0.7863395125 0.45663956875 0.76815626875 0.44120096562500005 0.750659184375 0.427134684375 0.731103621875 0.4189007625
0 0.713263459375 0.42679160312500003 0.7084603375 0.44223020625 0.7211543 0.45492416875 0.74448374375 0.462471928125 0.77364555 0.46658889062500003 0.797318075 0.46521656875 0.814128996875 0.45629648749999996 0.8165305593750001 0.44291636562500003 0.812756678125 0.435711684375 0.801435034375 0.428507003125 0.77227323125 0.41581304062499996 0.750659184375 0.41272531875 0.734877503125 0.41546995937500003 0.713263459375 0.42679160312500003
0 0.76644086875 0.397629796875 0.7558053874999999 0.40517755937500005 0.75203150625 0.42370388124999997 0.759922346875 0.4442886875 0.77364555 0.46384425 0.79525959375 0.48442905312500006 0.8175598000000001 0.48957525625000003 0.8302537624999999 0.474136653125 0.8323122406250001 0.463158090625 0.83334148125 0.45252260624999996 0.815844396875 0.4240469625 0.80280735625 0.41032375937500004 0.785310271875 0.40071751874999995 0.76644086875 0.397629796875
0 0.8185890375 0.481341334375 0.82819528125 0.505013859375 0.8456923625 0.5197663 0.8738249281250001 0.5273140625 0.898869775 0.528000221875 0.9139652968749999 0.51084621875 0.916023778125 0.49472145625 0.907446775 0.47447973125000004 0.88068653125 0.45492416875 0.841575403125 0.4494348875 0.8179028781250001 0.46384425 0.8185890375 0.481341334375
0 0.90092825625 0.45629648749999996 0.8947528124999999 0.472421253125 0.8995559343749999 0.490947575 0.91533761875 0.5139339406250001 0.9297469812499999 0.5238832625 0.9475871437500001 0.52868638125 0.964741146875 0.52010938125 0.9726319875 0.508101578125 0.972288909375 0.491976815625 0.9623395875 0.475852053125 0.9438132625 0.4580118875 0.930776221875 0.44977796875 0.9139652968749999 0.44840564687500006 0.90092825625 0.45629648749999996
0 0.883088090625 0.412039159375 0.872452609375 0.42027308124999996 0.868678728125 0.43399628437500004 0.874168009375 0.45183644687499996 0.8906358531249999 0.47379357187500004 0.9026436562500001 0.486830615625 0.91876841875 0.49472145625 0.9369516625 0.494378375 0.943470184375 0.48511521562500004 0.944499421875 0.48168441250000005 0.946557903125 0.4731074125 0.93146238125 0.443602525 0.9122498968749999 0.42541928125000006 0.8964682125 0.41581304062499996 0.883088090625 0.412039159375
0 0.8103551156250001 0.401403678125 0.79937655625 0.416156121875 0.8048658375000001 0.437427084375 0.825107559375 0.457668809375 0.852210884375 0.47001969062500004 0.8765695687499999 0.46864737187500005 0.8844604125 0.45355184687500005 0.8827450125 0.435025525 0.8810296093750001 0.429879321875 0.8755403312500001 0.42095924062499995 0.8649048468749999 0.409980678125 0.85118164375 0.40414831875 0.828538359375 0.397972878125 0.8103551156250001 0.401403678125
0 0.7932011125 0.47482281249999997 0.80280735625 0.493692215625 0.83677228125 0.5002107375 0.8635325281249999 0.495407615625 0.8851465718749999 0.48374289375 0.895782053125 0.46727505 0.8920081718749999 0.450121046875 0.88754813125 0.44463176562499995 0.874511090625 0.43605476562499995 0.851524725 0.435711684375 0.8230490781249999 0.443602525 0.804179675 0.455953409375 0.7932011125 0.47482281249999997
0 0.30525823124999996 0.408407240625 0.286408665625 0.39217566875 0.26127591250000004 0.39898245625 0.25813431875 0.431969196875 0.24661514062499998 0.445059171875 0.23876115625 0.46024354375 0.24661514062499998 0.47333351874999996 0.2691299 0.47333351874999996 0.29530985 0.46600313125000004 0.313635815625 0.45710195000000003 0.327772990625 0.44087037812499996 0.319919003125 0.43563438750000005 0.3157302125 0.42463880937500004 0.30525823124999996 0.408407240625