0 0.67 0.1565625 0.6621875 0.1696875 0.6475 0.1909375 0.6446875000000001 0.206875 0.6434375 0.22218749999999998 0.6481250000000001 0.24 0.6640625 0.2484375 0.676875 0.2459375 0.6975 0.2284375 0.704375 0.21125 0.71 0.1965625 0.711875 0.1809375 0.7125 0.17124999999999999 0.7175 0.1615625 0.7056250000000001 0.14875 0.69375 0.143125 0.6821875000000001 0.14750000000000002 0.67 0.1565625
0 0.696875 0.1234375 0.6900000000000001 0.1278125 0.6825 0.138125 0.6746875 0.15437499999999998 0.66875 0.173125 0.6665625000000001 0.18937500000000002 0.66625 0.20406249999999998 0.6684375 0.21968749999999998 0.6759375000000001 0.2296875 0.6909375 0.231875 0.7040625 0.2284375 0.7134375000000001 0.2203125 0.719375 0.20593750000000002 0.7228125000000001 0.19343749999999998 0.7265625 0.1784375 0.728125 0.16625 0.7275 0.1596875 0.729375 0.14250000000000002 0.72375 0.13125 0.715625 0.1253125 0.7053125 0.1221875 0.696875 0.1234375
0 0.65 0.1375 0.6381249999999999 0.144375 0.6246875000000001 0.1590625 0.6153125 0.17250000000000001 0.60875 0.18812500000000001 0.6078125 0.20249999999999999 0.6159375 0.21218750000000003 0.6328125 0.21625 0.6481250000000001 0.21156250000000001 0.6615624999999999 0.2028125 0.6734375 0.18937500000000002 0.6815625 0.175625 0.6840625 0.1678125 0.6834374999999999 0.1515625 0.678125 0.1409375 0.6690625 0.136875 0.6596875 0.135 0.65 0.1375
0 0.6331249999999999 0.18375 0.6178125 0.19125 0.605 0.2028125 0.5946875 0.2146875 0.5878125 0.22531249999999997 0.5862499999999999 0.2365625 0.591875 0.2484375 0.6128125 0.2525 0.6253124999999999 0.24718749999999998 0.64375 0.24125000000000002 0.6571875 0.2321875 0.6671875 0.2203125 0.6709375 0.2084375 0.671875 0.19593750000000001 0.671875 0.19125 0.6678124999999999 0.185 0.6540625 0.1809375 0.6443749999999999 0.18062499999999998 0.6331249999999999 0.18375
0 0.6578125 0.2346875 0.645625 0.250625 0.6353125000000001 0.26687500000000003 0.6309375 0.28125 0.6271875 0.299375 0.626875 0.3103125 0.63 0.3246875 0.6396875 0.33187500000000003 0.6525000000000001 0.3265625 0.6653125 0.316875 0.6753125 0.3021875 0.68625 0.285625 0.693125 0.2725 0.6950000000000001 0.2659375 0.69875 0.25 0.6946875 0.23718750000000002 0.6865625 0.230625 0.67625 0.22999999999999998 0.6578125 0.2346875
0 0.6228125 0.2321875 0.6021875 0.238125 0.5778125000000001 0.2475 0.5665625000000001 0.25625 0.56375 0.26625 0.5665625000000001 0.27875 0.5809375 0.289375 0.6075 0.29093749999999996 0.64 0.284375 0.650625 0.27218749999999997 0.6565624999999999 0.263125 0.666875 0.2496875 0.6625 0.2346875 0.6528125 0.230625 0.6384375 0.2290625 0.6228125 0.2321875
0 0.56125 0.3021875 0.5434375 0.315 0.5390625 0.3278125 0.5459375 0.3409375 0.5725 0.3471875 0.6 0.3471875 0.63 0.3415625 0.6409374999999999 0.3296875 0.6443749999999999 0.3171875 0.6434375 0.313125 0.6440625 0.2940625 0.625625 0.286875 0.6025 0.28531249999999997 0.58125 0.29375 0.56125 0.3021875
0 0.5803125 0.3509375 0.5671875 0.3671875 0.5650000000000001 0.3934375 0.5725 0.41531250000000003 0.590625 0.43218750000000006 0.6068749999999999 0.43156249999999996 0.6140625 0.4184375 0.6215625 0.4015625 0.623125 0.39375 0.6253124999999999 0.38125 0.6228125 0.365 0.6128125 0.349375 0.5928125 0.3453125 0.5803125 0.3509375
0 0.5506249999999999 0.364375 0.5503125 0.38093750000000004 0.5659375 0.3896875 0.6021875 0.396875 0.6209374999999999 0.3896875 0.6353125000000001 0.375625 0.6381249999999999 0.361875 0.6409374999999999 0.35 0.6346875 0.3359375 0.6128125 0.33218749999999997 0.5846875 0.33718750000000003 0.56375 0.34562499999999996 0.5506249999999999 0.364375
0 0.5396875 0.33968750000000003 0.5290625 0.3453125 0.5228125 0.3559375 0.5215625 0.369375 0.5234375 0.38 0.5265625 0.3903125 0.535625 0.40406250000000005 0.5459375 0.41375 0.561875 0.4171875 0.5659375 0.40625 0.5728125000000001 0.3915625 0.5728125000000001 0.3821875 0.57375 0.3746875 0.5725 0.361875 0.569375 0.35031249999999997 0.55625 0.3421875 0.5493750000000001 0.339375 0.5396875 0.33968750000000003
0 0.4871875 0.42125 0.4759375 0.42750000000000005 0.47375 0.43843750000000004 0.4759375 0.46125 0.488125 0.4890625 0.5053124999999999 0.503125 0.525 0.5153125000000001 0.5428124999999999 0.506875 0.5443749999999999 0.48968749999999994 0.5440625 0.47874999999999995 0.538125 0.4725 0.526875 0.45406250000000004 0.5159374999999999 0.4375 0.49874999999999997 0.42374999999999996 0.4871875 0.42125
0 0.50875 0.410625 0.4959375 0.41937499999999994 0.4928125 0.44343750000000004 0.504375 0.47093749999999995 0.52 0.4953125 0.5349999999999999 0.51 0.5525 0.5078125 0.5590625 0.49312500000000004 0.561875 0.47750000000000004 0.5584374999999999 0.4684375 0.5493750000000001 0.4421875 0.5428124999999999 0.4303125 0.520625 0.41281249999999997 0.50875 0.410625
0 0.5296875 0.406875 0.5271874999999999 0.42718749999999994 0.5271874999999999 0.45406250000000004 0.53625 0.4703125 0.5584374999999999 0.47468750000000004 0.576875 0.46375 0.5796875 0.44781250000000006 0.5809375 0.44312500000000005 0.5896874999999999 0.42625 0.5809375 0.4065625 0.5775 0.3975 0.5434375 0.39625 0.5296875 0.406875
0 0.5131249999999999 0.3665625 0.5025000000000001 0.378125 0.488125 0.40875000000000006 0.4890625 0.43187499999999995 0.50625 0.4453125 0.5203125 0.453125 0.5334375 0.45062499999999994 0.5431250000000001 0.434375 0.5425 0.4175 0.5443749999999999 0.409375 0.5440625 0.3928125 0.5396875 0.374375 0.5296875 0.36312500000000003 0.5131249999999999 0.3665625
0 0.49874999999999997 0.49781250000000005 0.49000000000000005 0.505625 0.47843749999999996 0.51875 0.471875 0.5353125000000001 0.480625 0.5484375 0.4984375 0.5534375 0.5246875 0.5515625 0.535625 0.5393749999999999 0.5409375 0.530625 0.5384375 0.514375 0.5325 0.505625 0.5175 0.4965625 0.5090625 0.49468750000000006 0.49874999999999997 0.49781250000000005
0 0.465 0.45875000000000005 0.4496875 0.4721875 0.4403125 0.48312499999999997 0.43875000000000003 0.4996875 0.45375 0.5103125000000001 0.47406249999999994 0.5146875 0.4921875 0.5009375 0.4965625 0.4890625 0.503125 0.469375 0.5 0.45562500000000006 0.4859375 0.44656250000000003 0.475 0.449375 0.465 0.45875000000000005
0 0.42874999999999996 0.5159374999999999 0.42000000000000004 0.5290625 0.418125 0.541875 0.428125 0.551875 0.449375 0.5596875 0.46687500000000004 0.5553125 0.47906250000000006 0.545625 0.48624999999999996 0.529375 0.488125 0.52 0.485 0.5159374999999999 0.476875 0.504375 0.45562500000000006 0.4996875 0.4415625 0.5034375 0.42874999999999996 0.5159374999999999
0 0.45499999999999996 0.5509375000000001 0.4459375 0.5659375 0.44875 0.5821875000000001 0.4659375 0.5912499999999999 0.48562500000000003 0.5974999999999999 0.5015625 0.5959375 0.52125 0.5865625 0.5271874999999999 0.5743750000000001 0.5275000000000001 0.5584374999999999 0.525625 0.548125 0.5184375 0.5446875 0.5021875 0.54 0.48624999999999996 0.5396875 0.46781249999999996 0.5425 0.45499999999999996 0.5509375000000001
0 0.40406250000000005 0.5546875 0.39718749999999997 0.568125 0.4 0.5818749999999999 0.4146875 0.5915625 0.43499999999999994 0.5965625 0.4571875 0.5909375 0.4671875 0.5740624999999999 0.46781249999999996 0.560625 0.4646875 0.551875 0.45218749999999996 0.54625 0.4290625 0.5431250000000001 0.4146875 0.5446875 0.40406250000000005 0.5546875
0 0.414375 0.5840625 0.401875 0.5940624999999999 0.4 0.608125 0.42281250000000004 0.6246875000000001 0.45437500000000003 0.6359375 0.4771875 0.634375 0.49375 0.621875 0.50125 0.6075 0.5025000000000001 0.604375 0.5025000000000001 0.5971875 0.48562500000000003 0.5900000000000001 0.45875000000000005 0.5846875 0.4290625 0.5815625 0.414375 0.5840625
0 0.3753125 0.63375 0.36593749999999997 0.6521874999999999 0.3728125 0.6715625000000001 0.41312499999999996 0.6993750000000001 0.4334375 0.70875 0.44656250000000003 0.7028125000000001 0.449375 0.689375 0.449375 0.6878124999999999 0.448125 0.6756249999999999 0.4259375 0.6534375 0.4090625 0.6443749999999999 0.3890625 0.6331249999999999 0.3753125 0.63375
0 0.370625 0.6446875000000001 0.41281249999999997 0.673125 0.43843750000000004 0.6821875000000001 0.4640625 0.67625 0.468125 0.661875 0.4603125 0.6415625 0.4334375 0.625 0.40125 0.6146874999999999 0.3725 0.623125 0.370625 0.6446875000000001
0 0.335 0.70375 0.375 0.751875 0.4065625 0.7603125000000001 0.429375 0.748125 0.43156249999999996 0.733125 0.4296875 0.725 0.4259375 0.7125 0.398125 0.691875 0.353125 0.6743750000000001 0.34125 0.683125 0.335 0.70375
0 0.34375 0.6653125 0.3365625 0.681875 0.35343749999999996 0.705 0.3853125 0.719375 0.41 0.7203125 0.4221875 0.708125 0.4215625 0.7009375 0.42312500000000003 0.6878124999999999 0.4103125 0.6759375000000001 0.388125 0.6603125000000001 0.3615625 0.6565624999999999 0.34375 0.6653125
0 0.3075 0.724375 0.3159375 0.7478125 0.3440625 0.7575000000000001 0.37 0.7571875 0.3825 0.744375 0.38937499999999997 0.7309375 0.379375 0.7196875 0.3509375 0.7075 0.33218749999999997 0.7075 0.3140625 0.7153125 0.3075 0.724375
0 0.36875 0.790625 0.375 0.790625 0.38125 0.784375 0.3875 0.771875 0.390625 0.746875 0.371875 0.74375 0.334375 0.74375 0.33125 0.746875 0.33125 0.7625 0.340625 0.775 0.36875 0.790625
0 0.346875 0.834375 0.359375 0.821875 0.36875 0.8 0.36875 0.7875 0.35625 0.771875 0.340625 0.765625 0.325 0.76875 0.315625 0.778125 0.309375 0.80625 0.315625 0.825 0.3375 0.834375 0.346875 0.834375
0 0.2875 0.828125 0.296875 0.828125 0.303125 0.821875 0.3125 0.8 0.3125 0.775 0.30625 0.76875 0.290625 0.76875 0.271875 0.778125 0.2625 0.790625 0.2625 0.796875 0.275 0.821875 0.2875 0.828125
0 0.315625 0.878125 0.321875 0.878125 0.3375 0.8625 0.34375 0.85 0.346875 0.828125 0.340625 0.821875 0.328125 0.815625 0.315625 0.8125 0.3 0.815625 0.29375 0.821875 0.29375 0.85 0.3 0.86875 0.315625 0.878125
0 0.26875 0.865625 0.290625 0.85625 0.3 0.821875 0.278125 0.80625 0.259375 0.80625 0.253125 0.809375 0.2375 0.825 0.23125 0.8375 0.23125 0.853125 0.240625 0.8625 0.26875 0.865625
0 0.240625 0.9125 0.278125 0.9125 0.30625 0.89375 0.3125 0.88125 0.3125 0.86875 0.30625 0.859375 0.284375 0.846875 0.24375 0.859375 0.221875 0.878125 0.215625 0.890625 0.21875 0.896875 0.234375 0.909375 0.240625 0.9125
0 0.275 0.959375 0.29375 0.94375 0.309375 0.91875 0.31875 0.896875 0.31875 0.884375 0.311875 0.875 0.3 0.869375 0.2809375 0.8790625000000001 0.259375 0.903125 0.246875 0.9125 0.240625 0.91875 0.240625 0.95 0.25625 0.9625 0.275 0.959375
0 0.225 0.990625 0.234375 0.984375 0.2375 0.978125 0.234375 0.91875 0.228125 0.909375 0.21875 0.903125 0.2 0.90625 0.190625 0.915625 0.18125 0.93125 0.171875 0.95625 0.16875 0.978125 0.171875 0.98125 0.21875 0.990625 0.225 0.990625
0 0.25625 0.996875 0.2625 0.990625 0.275 0.965625 0.278125 0.953125 0.278125 0.925 0.271875 0.915625 0.2625 0.9125 0.253125 0.9125 0.234375 0.91875 0.23125 0.921875 0.228125 0.94375 0.228125 0.98125 0.240625 0.996875 0.25625 0.996875