0 0.703125 0.315625 0.70625 0.3125 0.728125 0.3125 0.753125 0.30625 0.765625 0.3 0.771875 0.2875 0.771875 0.278125 0.759375 0.246875 0.75 0.246875 0.696875 0.2625 0.675 0.271875 0.665625 0.28125 0.6625 0.29375 0.665625 0.303125 0.678125 0.315625 0.703125 0.315625
0 0.71875 0.284375 0.7375 0.278125 0.765625 0.2625 0.765625 0.234375 0.753125 0.221875 0.725 0.225 0.715625 0.228125 0.69375 0.24375 0.671875 0.265625 0.66875 0.271875 0.66875 0.290625 0.690625 0.290625 0.71875 0.284375
0 0.7240624999999999 0.281875 0.723125 0.3 0.73375 0.3109375 0.7521875 0.31375000000000003 0.76375 0.3090625 0.7828125 0.299375 0.796875 0.284375 0.805625 0.2628125 0.8040625 0.2503125 0.8025 0.24375 0.7928124999999999 0.2359375 0.7653125000000001 0.23781249999999998 0.746875 0.2509375 0.73125 0.265625 0.7240624999999999 0.281875
0 0.6878124999999999 0.31656249999999997 0.6743750000000001 0.32999999999999996 0.6659375 0.34375 0.6659375 0.3565625 0.6734375 0.36875 0.686875 0.37312500000000004 0.7040625 0.369375 0.7150000000000001 0.3640625 0.73375 0.35281250000000003 0.7474999999999999 0.3403125 0.755625 0.33125 0.7581249999999999 0.32687499999999997 0.759375 0.31843750000000004 0.753125 0.305 0.73625 0.2978125 0.7075 0.30625 0.6878124999999999 0.31656249999999997
0 0.6253124999999999 0.3209375 0.6259375 0.3403125 0.64 0.348125 0.655625 0.350625 0.67875 0.34249999999999997 0.6896875 0.33125 0.6934375 0.3128125 0.6934375 0.29281250000000003 0.689375 0.2840625 0.6815625 0.2784375 0.66625 0.27999999999999997 0.6434375 0.2946875 0.629375 0.30874999999999997 0.6253124999999999 0.3209375
0 0.5834374999999999 0.3375 0.5825 0.3509375 0.598125 0.36312500000000003 0.6209374999999999 0.3696875 0.6421875 0.3696875 0.6634375 0.356875 0.6734375 0.339375 0.6709375 0.32156250000000003 0.6634375 0.3103125 0.6584375 0.30656249999999996 0.6484375 0.306875 0.6368750000000001 0.3046875 0.6131249999999999 0.3103125 0.5946875 0.32406250000000003 0.5834374999999999 0.3375
0 0.5706249999999999 0.3621875 0.5646875 0.3734375 0.5678124999999999 0.39125 0.5871875 0.4059375 0.619375 0.4065625 0.64375 0.3990625 0.6681250000000001 0.3825 0.6756249999999999 0.364375 0.6746875 0.356875 0.6721874999999999 0.3546875 0.6596875 0.340625 0.620625 0.33875 0.5896874999999999 0.3453125 0.5706249999999999 0.3621875
0 0.5700000000000001 0.4171875 0.5640625 0.4359375 0.560625 0.45625 0.564375 0.46749999999999997 0.5725 0.47406249999999994 0.58875 0.47562499999999996 0.60625 0.465 0.6228125 0.4453125 0.6287499999999999 0.426875 0.63 0.42125 0.6303124999999999 0.40718750000000004 0.6259375 0.3909375 0.6040625000000001 0.38656250000000003 0.58 0.39718749999999997 0.5700000000000001 0.4171875
0 0.593125 0.39375 0.5818749999999999 0.405625 0.575 0.4215625 0.5728125000000001 0.43875000000000003 0.5825 0.44749999999999995 0.6009375 0.44749999999999995 0.6159375 0.445625 0.6381249999999999 0.4346875 0.6496875 0.42281250000000004 0.6596875 0.410625 0.6637500000000001 0.40406250000000005 0.6646875 0.3934375 0.6496875 0.38468749999999996 0.6340625 0.381875 0.6131249999999999 0.38468749999999996 0.593125 0.39375
0 0.533125 0.39 0.5209374999999999 0.4334375 0.5215625 0.4496875 0.5284375 0.4703125 0.5465625000000001 0.48125 0.565625 0.4803125 0.5743750000000001 0.4653125 0.5828125 0.43375 0.58125 0.4134375 0.5796875 0.40499999999999997 0.5809375 0.39875 0.5765625 0.38625 0.568125 0.37875000000000003 0.5490625 0.379375 0.533125 0.39
0 0.5734375 0.4559375 0.5725 0.43562500000000004 0.5587500000000001 0.42125 0.54 0.4290625 0.5209374999999999 0.44781250000000006 0.50625 0.476875 0.51 0.49906249999999996 0.52625 0.5159374999999999 0.540625 0.516875 0.5584374999999999 0.4984375 0.5659375 0.49093749999999997 0.5665625000000001 0.48218750000000005 0.5684375 0.4759375 0.5734375 0.4559375
0 0.48 0.4575 0.4803125 0.48562500000000003 0.485 0.5025000000000001 0.49874999999999997 0.5181250000000001 0.5171875 0.5181250000000001 0.5353125000000001 0.499375 0.5384375 0.48656249999999995 0.5409375 0.465 0.54 0.44406249999999997 0.53625 0.43062500000000004 0.5340625 0.4246875 0.52125 0.4125 0.5034375 0.41187500000000005 0.48312499999999997 0.434375 0.48 0.4575
0 0.50625 0.45125000000000004 0.5221875 0.45062499999999994 0.546875 0.4378125 0.5599999999999999 0.4296875 0.5753125 0.41156249999999994 0.57625 0.3975 0.5696875 0.3821875 0.54875 0.3771875 0.535625 0.380625 0.53125 0.3828125 0.506875 0.39656250000000004 0.4915625 0.416875 0.49406249999999996 0.43875000000000003 0.50625 0.45125000000000004
0 0.4503125 0.4771875 0.464375 0.489375 0.4828125 0.49312500000000004 0.5065625 0.48624999999999996 0.516875 0.46749999999999997 0.515 0.44718749999999996 0.5059375 0.43937499999999996 0.4846875 0.434375 0.46968750000000004 0.4375 0.45218749999999996 0.4528125 0.44625000000000004 0.465 0.4503125 0.4771875
0 0.47625 0.5553125 0.49874999999999997 0.5496875 0.5171875 0.5340625 0.5240625 0.5203125 0.52 0.5037499999999999 0.5125 0.4921875 0.47874999999999995 0.49343750000000003 0.465625 0.5025000000000001 0.45375 0.51625 0.45406250000000004 0.5334375 0.47625 0.5553125
0 0.41593749999999996 0.5021875 0.43499999999999994 0.515 0.45968749999999997 0.5181250000000001 0.47781250000000003 0.5081249999999999 0.489375 0.49000000000000005 0.484375 0.47781250000000003 0.47874999999999995 0.47000000000000003 0.465 0.4609375 0.44875 0.4615625 0.42718749999999994 0.47125000000000006 0.41531250000000003 0.48375 0.41593749999999996 0.5021875
0 0.4034375 0.5484375 0.40093750000000006 0.561875 0.40406250000000005 0.5765625 0.4234375 0.5884375000000001 0.4453125 0.58875 0.465 0.5871875 0.48656249999999995 0.5790625 0.49312500000000004 0.5662499999999999 0.49437499999999995 0.5599999999999999 0.4890625 0.5475 0.4671875 0.5359375 0.4425 0.5349999999999999 0.4140625 0.5371875 0.4034375 0.5484375
0 0.3909375 0.5275000000000001 0.40843749999999995 0.5421875 0.43375 0.54625 0.4515625 0.5415625000000001 0.465625 0.529375 0.4671875 0.5196875000000001 0.4559375 0.506875 0.434375 0.49812500000000004 0.414375 0.495625 0.39375 0.500625 0.3871875 0.510625 0.3909375 0.5275000000000001
0 0.3765625 0.6118750000000001 0.39 0.6284375 0.4028125 0.6271875 0.41593749999999996 0.6184375 0.428125 0.6028125 0.43656249999999996 0.58 0.43843750000000004 0.564375 0.4359375 0.545 0.43062500000000004 0.53625 0.41156249999999994 0.534375 0.3859375 0.5490625 0.3771875 0.5715625 0.3715625 0.595625 0.3765625 0.6118750000000001
0 0.3446875 0.5684375 0.3446875 0.5853125 0.349375 0.5974999999999999 0.3721875 0.6121875 0.38125 0.61 0.399375 0.5925 0.4096875 0.5690625 0.41375 0.536875 0.40531249999999996 0.5181250000000001 0.40406250000000005 0.51625 0.398125 0.5128125 0.38687499999999997 0.515 0.364375 0.528125 0.3490625 0.5503125 0.3446875 0.5684375
0 0.033437499999999995 0.8728125 0.023125 0.8853125000000001 0.023125 0.900625 0.034999999999999996 0.9109375 0.061875 0.9146875 0.078125 0.913125 0.1 0.9046875 0.11687499999999999 0.889375 0.1290625 0.871875 0.12687500000000002 0.86 0.104375 0.853125 0.08375 0.8534375000000001 0.055937499999999994 0.8615625 0.033437499999999995 0.8728125
0 0.03 0.8375 0.025937500000000002 0.8603125 0.0421875 0.8724999999999999 0.076875 0.8731249999999999 0.11125 0.8609375 0.135625 0.8400000000000001 0.1384375 0.8309374999999999 0.1375 0.8240624999999999 0.13187500000000002 0.813125 0.11281250000000001 0.80625 0.0853125 0.806875 0.05500000000000001 0.82125 0.03 0.8375
0 0.07906250000000001 0.78 0.08562499999999999 0.7990625 0.105625 0.8140625 0.1459375 0.821875 0.16375 0.8240624999999999 0.18562499999999998 0.8184374999999999 0.1925 0.8 0.1915625 0.7865624999999999 0.1896875 0.78125 0.1840625 0.7740625 0.1525 0.7659374999999999 0.11687499999999999 0.7634375 0.0909375 0.7665625 0.07906250000000001 0.78
0 0.10906249999999999 0.748125 0.10874999999999999 0.766875 0.13625 0.7834375 0.1740625 0.785625 0.1990625 0.7696875000000001 0.20406249999999998 0.7521875 0.2028125 0.7434375 0.18875 0.7321875 0.17281249999999998 0.725625 0.145625 0.7259375 0.12375 0.7318749999999999 0.10906249999999999 0.748125
0 0.16499999999999998 0.734375 0.1715625 0.73625 0.2034375 0.7459374999999999 0.2375 0.7537499999999999 0.2528125 0.7503124999999999 0.256875 0.7265625 0.24312499999999998 0.7112499999999999 0.2190625 0.698125 0.20750000000000002 0.6915625000000001 0.190625 0.6875 0.1759375 0.688125 0.15531250000000002 0.7003125 0.145 0.7165625 0.16499999999999998 0.734375
0 0.1840625 0.7065625 0.1771875 0.72 0.17875000000000002 0.7365625 0.190625 0.7478125 0.22156250000000002 0.7575000000000001 0.24656250000000002 0.7609375 0.26437499999999997 0.7609375 0.2803125 0.7515625 0.28625 0.7375 0.28718750000000004 0.7315625 0.28718750000000004 0.7190624999999999 0.26437499999999997 0.704375 0.2303125 0.6959375 0.20625 0.696875 0.1840625 0.7065625
0 0.22312500000000002 0.6740625 0.22000000000000003 0.6871875000000001 0.2303125 0.7059375 0.26749999999999996 0.7203125 0.2934375 0.7271875 0.3134375 0.7253125 0.3225 0.71375 0.323125 0.7071875000000001 0.319375 0.6915625000000001 0.2953125 0.6759375000000001 0.2665625 0.6675 0.2440625 0.6665625000000001 0.22312500000000002 0.6740625
0 0.23500000000000001 0.6693749999999999 0.27218749999999997 0.683125 0.30125 0.6890625 0.3325 0.6878124999999999 0.31437499999999996 0.6599999999999999 0.2925 0.6431250000000001 0.2834375 0.639375 0.2640625 0.6328125 0.2459375 0.6328125 0.2340625 0.63875 0.2265625 0.6515625 0.23500000000000001 0.6693749999999999
0 0.26187499999999997 0.6465625 0.25625 0.6646875 0.26749999999999996 0.6784375 0.29500000000000004 0.6915625000000001 0.32625000000000004 0.7006249999999999 0.340625 0.6996875 0.35562499999999997 0.6878124999999999 0.35750000000000004 0.67875 0.35562499999999997 0.6725 0.3525 0.660625 0.320625 0.645 0.29625 0.6375 0.27468750000000003 0.6371875 0.26187499999999997 0.6465625
0 0.2990625 0.603125 0.2884375 0.6109375 0.29625 0.63625 0.32156250000000003 0.660625 0.35531250000000003 0.6725 0.3721875 0.67375 0.3796875 0.6643749999999999 0.38468749999999996 0.649375 0.384375 0.6403125000000001 0.375 0.6278125 0.34875 0.615 0.3325 0.6059375 0.31656249999999997 0.599375 0.2990625 0.603125
0 0.3109375 0.6621875 0.33468749999999997 0.665 0.34968750000000004 0.6440625 0.32937500000000003 0.62 0.31124999999999997 0.6090625000000001 0.2990625 0.6078125 0.2821875 0.605 0.2609375 0.6118750000000001 0.2525 0.6284375 0.2671875 0.6487499999999999 0.3109375 0.6621875
0 0.210625 0.70625 0.2521875 0.720625 0.271875 0.7246875 0.290625 0.7203125 0.29 0.6956249999999999 0.275 0.6799999999999999 0.2503125 0.6681250000000001 0.2390625 0.6621875 0.220625 0.6590625 0.20750000000000002 0.6621875 0.1940625 0.6690625 0.1915625 0.6903125 0.210625 0.70625
0 0.17983684687499998 0.736174228125 0.170722309375 0.74353596875 0.172475103125 0.755805540625 0.191054740625 0.76982790625 0.20893325625 0.781746915625 0.228915128125 0.789108659375 0.2436386125 0.784551390625 0.2541553875 0.776488528125 0.25695986249999997 0.7628167218749999 0.25345426875 0.751598828125 0.23943190312499998 0.7389787 0.21909947187499998 0.73442143125 0.2005198375 0.7337203125 0.17983684687499998 0.736174228125
0 0.140574221875 0.778591884375 0.135315834375 0.788407540625 0.13812030625 0.8024299062500001 0.154947146875 0.8189061875 0.177733490625 0.8255668125 0.201922075 0.820308425 0.22085226875 0.80523438125 0.22435785937500002 0.7961198406250001 0.22540953749999998 0.792964809375 0.2226050625 0.7834997125000001 0.214542203125 0.774034615625 0.18614691249999998 0.7638684 0.16090665312500002 0.766672871875 0.140574221875 0.778591884375
0 0.16090665312500002 0.81820506875 0.1440798125 0.8206589843750001 0.13181024375 0.83538246875 0.12409794062499999 0.8511576281250001 0.12900576875 0.857818253125 0.1440798125 0.857818253125 0.16301000625 0.84835315625 0.177733490625 0.8329285531249999 0.175980696875 0.8290724031250001 0.17492901875 0.828020725 0.16090665312500002 0.81820506875
0 0.029446968750000004 0.8101422093749999 0.023136903125 0.825917371875 0.02699305625 0.84064085625 0.04136598125 0.849404834375 0.0655545625 0.84835315625 0.09009370312500001 0.8311757562500001 0.09885768125 0.8175039500000001 0.10236327187500001 0.7992748749999999 0.10061047812499999 0.7887581 0.09745544375000001 0.778241325 0.092197059375 0.770879584375 0.080278046875 0.7729829374999999 0.0627500875 0.78279859375 0.0445210125 0.795418725 0.029446968750000004 0.8101422093749999