0 0.8618750000000001 0.1371875 0.8459375 0.13999999999999999 0.8346875 0.15031250000000002 0.8321875000000001 0.16375 0.8396874999999999 0.17281249999999998 0.8543749999999999 0.18156250000000002 0.8759375 0.1871875 0.8984375 0.1896875 0.911875 0.1878125 0.91875 0.1796875 0.920625 0.1684375 0.9203125 0.16375 0.9178124999999999 0.15562499999999999 0.9021874999999999 0.1434375 0.8946875000000001 0.13999999999999999 0.8787499999999999 0.1371875 0.8618750000000001 0.1371875
0 0.8 0.206875 0.79625 0.22531249999999997 0.804375 0.2384375 0.834375 0.2365625 0.859375 0.22125 0.8793749999999999 0.20625 0.88125 0.195 0.8793749999999999 0.1796875 0.8696875000000001 0.17375000000000002 0.8550000000000001 0.1690625 0.8378125000000001 0.173125 0.82125 0.18156250000000002 0.8090624999999999 0.19468749999999999 0.8 0.206875
0 0.7771874999999999 0.16499999999999998 0.7690625 0.1740625 0.7696875000000001 0.18937500000000002 0.7771874999999999 0.199375 0.791875 0.205625 0.8090624999999999 0.20593750000000002 0.83125 0.20218750000000002 0.845 0.1915625 0.8521875 0.1825 0.85 0.1678125 0.840625 0.15718749999999998 0.83125 0.153125 0.8109375 0.151875 0.7928124999999999 0.15718749999999998 0.7771874999999999 0.16499999999999998
0 0.7346874999999999 0.18656250000000002 0.7318749999999999 0.1984375 0.743125 0.2146875 0.75875 0.22625 0.775625 0.2325 0.795625 0.234375 0.811875 0.2321875 0.8175000000000001 0.22218749999999998 0.8162499999999999 0.21031249999999999 0.811875 0.199375 0.79875 0.18937500000000002 0.7815624999999999 0.181875 0.760625 0.1796875 0.748125 0.18 0.7346874999999999 0.18656250000000002
0 0.7006249999999999 0.20812499999999998 0.704375 0.220625 0.7171875 0.2321875 0.7309375 0.240625 0.7496875000000001 0.24500000000000002 0.764375 0.2421875 0.7703125 0.2290625 0.766875 0.2184375 0.753125 0.2071875 0.745625 0.20218750000000002 0.725 0.198125 0.716875 0.1978125 0.7006249999999999 0.20812499999999998
0 0.6775 0.2609375 0.6921875 0.2809375 0.708125 0.29031250000000003 0.73125 0.2946875 0.7381249999999999 0.28781249999999997 0.74125 0.2728125 0.7368750000000001 0.25375000000000003 0.7275 0.2421875 0.7146874999999999 0.2303125 0.7053125 0.2240625 0.698125 0.2209375 0.685625 0.22125 0.676875 0.2290625 0.67375 0.241875 0.6775 0.2609375
0 0.6693749999999999 0.28781249999999997 0.6900000000000001 0.3025 0.708125 0.30843750000000003 0.7184375000000001 0.303125 0.718125 0.286875 0.71 0.2603125 0.7025 0.24625 0.6915625000000001 0.23718750000000002 0.6859375 0.2346875 0.6578125 0.22875 0.6515625 0.2359375 0.6521874999999999 0.2515625 0.6565624999999999 0.27125 0.6693749999999999 0.28781249999999997
0 0.6287499999999999 0.294375 0.6224999999999999 0.2784375 0.6125 0.268125 0.5959375 0.2603125 0.5834374999999999 0.263125 0.5756249999999999 0.268125 0.5715625 0.28125 0.575 0.2953125 0.5871875 0.31906249999999997 0.598125 0.33625 0.609375 0.344375 0.6178125 0.34968750000000004 0.63 0.348125 0.6384375 0.34249999999999997 0.6431250000000001 0.3334375 0.6396875 0.31875 0.635625 0.3090625 0.6287499999999999 0.294375
0 0.6084375 0.285625 0.61875 0.3015625 0.6321875 0.3134375 0.6440625 0.320625 0.655625 0.3246875 0.663125 0.3146875 0.6578125 0.29125 0.6490625 0.26968749999999997 0.6415625 0.25656249999999997 0.6396875 0.24874999999999997 0.6259375 0.2440625 0.6190625 0.244375 0.6065625 0.2640625 0.6084375 0.285625
0 0.6259375 0.276875 0.6346875 0.2946875 0.654375 0.3115625 0.6659375 0.31906249999999997 0.675 0.319375 0.681875 0.30281250000000004 0.6809375 0.28625 0.6784375 0.26687500000000003 0.670625 0.2521875 0.6628125 0.2453125 0.64625 0.23718750000000002 0.6328125 0.2375 0.62375 0.2515625 0.6259375 0.276875
0 0.5771875 0.2946875 0.5634375 0.284375 0.5478125 0.28875 0.540625 0.313125 0.546875 0.3359375 0.56875 0.3596875 0.594375 0.365 0.604375 0.3459375 0.5984375 0.3278125 0.591875 0.31375000000000003 0.5771875 0.2946875
0 0.5587500000000001 0.33375 0.536875 0.31375000000000003 0.5203125 0.311875 0.5081249999999999 0.316875 0.5078125 0.33125 0.5153125000000001 0.3546875 0.5359375 0.3740625 0.5596875 0.378125 0.5706249999999999 0.3665625 0.5740624999999999 0.364375 0.5696875 0.35562499999999997 0.5587500000000001 0.33375
0 0.45531249999999995 0.34500000000000003 0.45999999999999996 0.3628125 0.47093749999999995 0.375625 0.489375 0.37312500000000004 0.505 0.359375 0.509375 0.3403125 0.5078125 0.321875 0.5065625 0.318125 0.4996875 0.3071875 0.489375 0.30375 0.475 0.309375 0.46125 0.32125 0.45531249999999995 0.34500000000000003
0 0.48687500000000006 0.375 0.4965625 0.39625 0.5125 0.40531249999999996 0.530625 0.3953125 0.5384375 0.37875000000000003 0.5346875 0.3596875 0.529375 0.34875 0.5234375 0.3421875 0.5121875 0.33718750000000003 0.5015625 0.3421875 0.49124999999999996 0.35750000000000004 0.48687500000000006 0.375
0 0.41156249999999994 0.38156249999999997 0.40437500000000004 0.3928125 0.40875000000000006 0.409375 0.43187499999999995 0.4215625 0.45499999999999996 0.42406249999999995 0.47406249999999994 0.42062499999999997 0.4921875 0.4134375 0.49906249999999996 0.401875 0.49812500000000004 0.3884375 0.49468750000000006 0.3803125 0.4875 0.3725 0.4725 0.3671875 0.45 0.3671875 0.43062500000000004 0.371875 0.41156249999999994 0.38156249999999997
0 0.46218750000000003 0.395625 0.4459375 0.37625000000000003 0.42874999999999996 0.35750000000000004 0.41375 0.35343749999999996 0.3990625 0.36062500000000003 0.3959375 0.378125 0.40812499999999996 0.3990625 0.42718749999999994 0.42093749999999996 0.44000000000000006 0.4303125 0.45968749999999997 0.4346875 0.471875 0.426875 0.47437500000000005 0.4203125 0.47062499999999996 0.40437500000000004 0.46218750000000003 0.395625
0 0.46125 0.3353125 0.44343750000000004 0.33187500000000003 0.429375 0.338125 0.42625 0.3603125 0.43968749999999995 0.381875 0.460625 0.40406250000000005 0.47562499999999996 0.4140625 0.48562500000000003 0.4134375 0.4953125 0.40437500000000004 0.4996875 0.3953125 0.4953125 0.383125 0.4875 0.36875 0.4803125 0.353125 0.4703125 0.33999999999999997 0.46125 0.3353125
0 0.37312500000000004 0.40531249999999996 0.3571875 0.40031249999999996 0.3415625 0.4034375 0.3328125 0.41937499999999994 0.33625 0.43 0.346875 0.4421875 0.3671875 0.4565625 0.38687499999999997 0.4684375 0.40062499999999995 0.47125000000000006 0.414375 0.4609375 0.40374999999999994 0.4378125 0.395625 0.42874999999999996 0.37312500000000004 0.40531249999999996
0 0.3296875 0.416875 0.33468749999999997 0.43499999999999994 0.354375 0.44781250000000006 0.37374999999999997 0.45093750000000005 0.39468749999999997 0.45218749999999996 0.4065625 0.45187499999999997 0.421875 0.45 0.4325 0.440625 0.4303125 0.425 0.42125 0.4125 0.41187500000000005 0.40531249999999996 0.39375 0.39718749999999997 0.3746875 0.39718749999999997 0.34875 0.398125 0.336875 0.4028125 0.3296875 0.416875
0 0.3978125 0.3775 0.38125 0.3771875 0.3715625 0.3803125 0.366875 0.39437500000000003 0.369375 0.41 0.381875 0.43125 0.398125 0.448125 0.409375 0.45531249999999995 0.42000000000000004 0.45499999999999996 0.43187499999999995 0.45125000000000004 0.44000000000000006 0.4446875 0.44406249999999997 0.4390625 0.43218750000000006 0.41624999999999995 0.42062499999999997 0.40062499999999995 0.40374999999999994 0.381875 0.3978125 0.3775
0 0.37124999999999997 0.44375 0.340625 0.42781250000000004 0.32 0.426875 0.3053125 0.43843750000000004 0.3053125 0.45531249999999995 0.3203125 0.47093749999999995 0.34249999999999997 0.48343749999999996 0.35750000000000004 0.488125 0.37875000000000003 0.48531250000000004 0.3875 0.47468750000000004 0.390625 0.468125 0.385625 0.4575 0.37124999999999997 0.44375
0 0.2890625 0.43093750000000003 0.2815625 0.44281249999999994 0.2875 0.45437500000000003 0.308125 0.468125 0.33218749999999997 0.4725 0.3559375 0.473125 0.3715625 0.46781249999999996 0.3759375 0.4559375 0.375 0.4484375 0.368125 0.4334375 0.3453125 0.425 0.32375 0.42125 0.3096875 0.42374999999999996 0.2890625 0.43093750000000003
0 0.290625 0.4653125 0.275 0.473125 0.2803125 0.490625 0.296875 0.5065625 0.3228125 0.51125 0.3453125 0.5071875 0.3565625 0.4996875 0.35875 0.489375 0.34562499999999996 0.47437500000000005 0.325625 0.4640625 0.30874999999999997 0.4625 0.290625 0.4653125
0 0.253125 0.4571875 0.24 0.47062499999999996 0.2403125 0.48875 0.2621875 0.504375 0.2884375 0.505 0.305 0.5003124999999999 0.3178125 0.49093749999999997 0.320625 0.4871875 0.3303125 0.475 0.3209375 0.45625 0.30093749999999997 0.4484375 0.27625 0.4484375 0.253125 0.4571875
0 0.190625 0.5081249999999999 0.1975 0.520625 0.2184375 0.5265625 0.241875 0.5259375000000001 0.26125 0.5165625 0.2740625 0.50625 0.2815625 0.4928125 0.2834375 0.479375 0.2484375 0.4646875 0.2328125 0.46312499999999995 0.20187499999999997 0.48531250000000004 0.190625 0.5081249999999999
0 0.2359375 0.5240625 0.2296875 0.540625 0.23562500000000003 0.5571875000000001 0.2509375 0.5628124999999999 0.2703125 0.5603125 0.290625 0.5521874999999999 0.30125 0.545625 0.315625 0.531875 0.3265625 0.52 0.3296875 0.5131249999999999 0.33125 0.504375 0.3071875 0.4965625 0.284375 0.499375 0.2509375 0.5128125 0.2359375 0.5240625
0 0.1840625 0.5253125 0.1740625 0.5378125 0.1690625 0.55375 0.1771875 0.5659375 0.19875 0.5709375 0.226875 0.56875 0.2421875 0.561875 0.26 0.5453125 0.2659375 0.5371875 0.26749999999999996 0.5328125 0.26875 0.5225 0.2478125 0.5140625 0.22218749999999998 0.5118750000000001 0.1975 0.5184375 0.1840625 0.5253125
0 0.17375000000000002 0.559375 0.15812500000000002 0.57625 0.1575 0.5896874999999999 0.16312500000000002 0.6012500000000001 0.175 0.608125 0.19375 0.6078125 0.215625 0.6 0.23312499999999997 0.588125 0.2453125 0.576875 0.2515625 0.5690625 0.2528125 0.5596875 0.240625 0.5528125 0.22312500000000002 0.54875 0.20656249999999998 0.5525 0.17375000000000002 0.559375