0 0.35531250000000003 0.6756249999999999 0.35031249999999997 0.7025 0.3509375 0.7221875 0.3609375 0.7375 0.37312500000000004 0.7424999999999999 0.3834375 0.74 0.3975 0.72875 0.4025 0.7134375000000001 0.40750000000000003 0.693125 0.40718750000000004 0.6771874999999999 0.40406250000000005 0.659375 0.39125 0.649375 0.3771875 0.65125 0.3625 0.6596875 0.35531250000000003 0.6756249999999999
0 0.3753125 0.6690625 0.3765625 0.6837500000000001 0.3859375 0.6946875 0.4 0.696875 0.4146875 0.694375 0.42843749999999997 0.6840625 0.4371875 0.67125 0.4453125 0.6546875 0.446875 0.6431250000000001 0.43187499999999995 0.6303124999999999 0.41125 0.63375 0.3953125 0.6403125000000001 0.3828125 0.6503125 0.3753125 0.6690625
0 0.3740625 0.604375 0.3675 0.621875 0.36625 0.6390625 0.3734375 0.6453125 0.3890625 0.645625 0.40843749999999995 0.6415625 0.425 0.6371875 0.4390625 0.62625 0.4525 0.6115625 0.4575 0.5974999999999999 0.4603125 0.5815625 0.4603125 0.5753125 0.4515625 0.56875 0.428125 0.569375 0.40718750000000004 0.5756249999999999 0.3903125 0.589375 0.3740625 0.604375
0 0.40031249999999996 0.5696875 0.39437500000000003 0.586875 0.40499999999999997 0.5965625 0.4246875 0.598125 0.4446875 0.596875 0.46656250000000005 0.5875 0.47906250000000006 0.5740624999999999 0.4815625 0.5625 0.4828125 0.555625 0.47750000000000004 0.55 0.4534375 0.5443749999999999 0.43968749999999995 0.5453125 0.41968750000000005 0.55375 0.40031249999999996 0.5696875
0 0.44000000000000006 0.5390625 0.45093750000000005 0.54625 0.46749999999999997 0.5475 0.4828125 0.54875 0.49625 0.541875 0.5 0.529375 0.49312500000000004 0.5225 0.4725 0.5190625 0.45406250000000004 0.52 0.44125 0.5278125 0.44000000000000006 0.5390625
0 0.4525 0.4928125 0.45625 0.5075000000000001 0.47062499999999996 0.514375 0.4928125 0.510625 0.50875 0.49812500000000004 0.53 0.48125 0.5393749999999999 0.45999999999999996 0.5375 0.449375 0.5296875 0.44437499999999996 0.510625 0.44718749999999996 0.47062499999999996 0.46312499999999995 0.45625 0.47781250000000003 0.4525 0.4928125
0 0.5284375 0.30843750000000003 0.5128125 0.3225 0.5125 0.334375 0.5271874999999999 0.343125 0.5453125 0.3453125 0.5740624999999999 0.34500000000000003 0.5890625 0.34187500000000004 0.603125 0.33218749999999997 0.6090625000000001 0.31906249999999997 0.60875 0.305 0.5909375 0.29874999999999996 0.573125 0.2953125 0.541875 0.29812500000000003 0.5284375 0.30843750000000003
0 0.5665625000000001 0.30375 0.55 0.32 0.5475 0.3365625 0.5587500000000001 0.3521875 0.57375 0.355 0.59375 0.35125 0.61375 0.3390625 0.6271875 0.3303125 0.6309375 0.321875 0.6434375 0.30593750000000003 0.631875 0.29625 0.61 0.294375 0.5865625 0.2975 0.5665625000000001 0.30375
0 0.516875 0.35875 0.5103125000000001 0.3671875 0.5109375 0.39125 0.5284375 0.39875 0.5490625 0.398125 0.5659375 0.3940625 0.5862499999999999 0.3834375 0.5965625 0.369375 0.5978125000000001 0.36593749999999997 0.6021875 0.3515625 0.5828125 0.34187500000000004 0.5565625 0.34187500000000004 0.5325 0.34781249999999997 0.516875 0.35875
0 0.575 0.2740625 0.5709375 0.2875 0.5828125 0.2996875 0.603125 0.30375 0.623125 0.30343749999999997 0.6459374999999999 0.296875 0.6584375 0.28875 0.6625 0.2734375 0.6628125 0.2684375 0.6565624999999999 0.26187499999999997 0.629375 0.255 0.610625 0.255 0.5859375 0.2628125 0.575 0.2740625
0 0.526875 0.2828125 0.524375 0.2959375 0.5346875 0.3075 0.5528125 0.309375 0.5856250000000001 0.306875 0.6021875 0.29874999999999996 0.6125 0.2846875 0.6131249999999999 0.2690625 0.6118750000000001 0.25593750000000004 0.5909375 0.2453125 0.5715625 0.2484375 0.5553125 0.25875 0.5390625 0.27125 0.526875 0.2828125
0 0.5746875 0.210625 0.56375 0.22312500000000002 0.5621875000000001 0.2234375 0.55625 0.248125 0.5587500000000001 0.25875 0.5640625 0.263125 0.57875 0.2640625 0.5909375 0.2603125 0.6034375 0.2528125 0.615625 0.2440625 0.625 0.2328125 0.630625 0.2203125 0.6353125000000001 0.206875 0.635 0.1953125 0.6224999999999999 0.190625 0.6075 0.1921875 0.5890625 0.198125 0.5746875 0.210625
0 0.6259375 0.22000000000000003 0.6140625 0.22562500000000002 0.6075 0.2384375 0.609375 0.2484375 0.6168750000000001 0.25656249999999997 0.6287499999999999 0.2621875 0.64375 0.265625 0.659375 0.2653125 0.6725 0.26187499999999997 0.6825 0.2475 0.6900000000000001 0.2396875 0.6900000000000001 0.22999999999999998 0.6815625 0.2234375 0.6675 0.21781250000000002 0.654375 0.2171875 0.6421875 0.2184375 0.6259375 0.22000000000000003
0 0.6234375 0.1840625 0.6178125 0.1909375 0.61625 0.2046875 0.63 0.2203125 0.6475 0.22749999999999998 0.6628125 0.22875 0.6634375 0.22875 0.68875 0.22781250000000003 0.6993750000000001 0.224375 0.7015625 0.21937500000000001 0.7009375 0.199375 0.6928124999999999 0.18937500000000002 0.686875 0.1840625 0.6734375 0.1809375 0.6584375 0.18031250000000001 0.6415625 0.181875 0.6234375 0.1840625
0 0.6381249999999999 0.153125 0.634375 0.161875 0.6365624999999999 0.17625 0.649375 0.18687499999999999 0.6665625000000001 0.19375 0.6799999999999999 0.195625 0.7 0.195625 0.7140625 0.19375 0.715625 0.1896875 0.7275 0.1765625 0.724375 0.1609375 0.704375 0.150625 0.67875 0.148125 0.6515625 0.148125 0.6381249999999999 0.153125
0 0.615 0.14656249999999998 0.604375 0.168125 0.6025 0.1825 0.6128125 0.19468749999999999 0.6234375 0.1953125 0.6443749999999999 0.1896875 0.6553125 0.17875000000000002 0.6696875 0.1615625 0.6743750000000001 0.15031250000000002 0.680625 0.1328125 0.6799999999999999 0.121875 0.6709375 0.11374999999999999 0.6571875 0.109375 0.64125 0.1134375 0.6271875 0.12375 0.615 0.14656249999999998
0 0.6678124999999999 0.1171875 0.65 0.12468749999999999 0.6496875 0.13999999999999999 0.658125 0.1534375 0.67875 0.1603125 0.7059375 0.1628125 0.7209375 0.1628125 0.7381249999999999 0.15718749999999998 0.7459374999999999 0.13999999999999999 0.746875 0.1303125 0.7465625 0.12250000000000001 0.7278125 0.11374999999999999 0.7128125 0.113125 0.68875 0.113125 0.6678124999999999 0.1171875
0 0.663125 0.091875 0.6634375 0.10718749999999999 0.6846875 0.115625 0.71375 0.11875 0.7434375 0.11968749999999999 0.7571875 0.10968750000000001 0.760625 0.09406250000000001 0.75875 0.083125 0.7540625000000001 0.07625 0.725 0.0734375 0.6971875 0.075 0.6734375 0.0834375 0.663125 0.091875
0 0.6793750000000001 0.061875 0.665 0.079375 0.654375 0.0990625 0.655 0.11499999999999999 0.6696875 0.12875 0.6875 0.128125 0.7053125 0.11875 0.7203125 0.10593749999999999 0.73 0.08875 0.7346874999999999 0.0721875 0.7353125 0.0578125 0.7268749999999999 0.0503125 0.713125 0.049062499999999995 0.696875 0.052500000000000005 0.6793750000000001 0.061875
0 0.683125 0.043125000000000004 0.673125 0.056874999999999995 0.6759375000000001 0.0759375 0.6993750000000001 0.084375 0.734375 0.079375 0.7528125 0.0721875 0.76375 0.06 0.765625 0.049062499999999995 0.76625 0.035312500000000004 0.7474999999999999 0.0265625 0.73125 0.0290625 0.7065625 0.034999999999999996 0.683125 0.043125000000000004