0 0.6375 0.796875 0.65625 0.796875 0.665625 0.79375 0.66875 0.7875 0.66875 0.765625 0.665625 0.759375 0.60625 0.71875 0.596875 0.71875 0.590625 0.725 0.5875 0.734375 0.590625 0.75 0.6125 0.78125 0.6375 0.796875
0 0.628125 0.746875 0.646875 0.75625 0.6625 0.75625 0.675 0.746875 0.678125 0.740625 0.678125 0.728125 0.675 0.71875 0.65625 0.696875 0.6375 0.684375 0.621875 0.678125 0.603125 0.678125 0.596875 0.684375 0.59375 0.690625 0.59375 0.7125 0.596875 0.71875 0.628125 0.746875
0 0.6375 0.68125 0.65625 0.66875 0.659375 0.6625 0.65625 0.621875 0.653125 0.609375 0.646875 0.6 0.634375 0.596875 0.6125 0.60625 0.59375 0.625 0.590625 0.653125 0.59375 0.665625 0.6 0.675 0.6375 0.68125
0 0.659375 0.7 0.671875 0.7 0.671875 0.68125 0.66875 0.671875 0.6625 0.659375 0.64375 0.640625 0.625 0.63125 0.6125 0.63125 0.6 0.64375 0.59375 0.653125 0.59375 0.665625 0.6 0.678125 0.659375 0.7
0 0.64375 0.590625 0.64375 0.571875 0.640625 0.5625 0.628125 0.55625 0.615625 0.559375 0.59375 0.575 0.58125 0.59375 0.565625 0.61875 0.58125 0.65 0.590625 0.653125 0.64375 0.590625
0 0.571875 0.6375 0.5875 0.65 0.60625 0.63125 0.615625 0.596875 0.60625 0.565625 0.590625 0.55 0.584375 0.546875 0.571875 0.546875 0.565625 0.55 0.5625 0.55625 0.559375 0.565625 0.559375 0.603125 0.5625 0.61875 0.571875 0.6375
0 0.621875 0.55625 0.625 0.54375 0.621875 0.525 0.6125 0.515625 0.6 0.515625 0.58125 0.525 0.571875 0.534375 0.559375 0.55625 0.55625 0.56875 0.559375 0.590625 0.5875 0.590625 0.621875 0.55625
0 0.609375 0.5125 0.609375 0.49375 0.603125 0.48125 0.59375 0.475 0.575 0.48125 0.56875 0.4875 0.546875 0.525 0.55625 0.54375 0.5625 0.54375 0.609375 0.5125
0 0.534375 0.525 0.54375 0.521875 0.559375 0.509375 0.5625 0.484375 0.55625 0.475 0.55 0.471875 0.534375 0.471875 0.5125 0.478125 0.50625 0.490625 0.50625 0.509375 0.515625 0.525 0.534375 0.525
0 0.575 0.5 0.59375 0.478125 0.59375 0.45625 0.590625 0.446875 0.58125 0.434375 0.575 0.43125 0.55625 0.434375 0.55 0.45 0.546875 0.46875 0.565625 0.503125 0.56875 0.503125 0.575 0.5
0 0.51875 0.475 0.546875 0.46875 0.546875 0.44375 0.5375 0.43125 0.528125 0.425 0.521875 0.425 0.5 0.434375 0.496875 0.446875 0.503125 0.471875 0.509375 0.475 0.51875 0.475
0 0.578125 0.4125 0.5625 0.390625 0.55625 0.3875 0.546875 0.3875 0.5375 0.390625 0.528125 0.4 0.525 0.41875 0.55 0.44375 0.578125 0.434375 0.578125 0.4125
0 0.5125 0.421875 0.553125 0.3875 0.546875 0.365625 0.5375 0.35625 0.521875 0.35625 0.4875 0.390625 0.49375 0.4125 0.509375 0.421875 0.5125 0.421875
0 0.484375 0.3875 0.49375 0.390625 0.5125 0.375 0.521875 0.35625 0.525 0.346875 0.51875 0.321875 0.503125 0.309375 0.4875 0.309375 0.465625 0.328125 0.4625 0.33125 0.46875 0.3625 0.478125 0.38125 0.484375 0.3875
0 0.4375 0.325 0.459375 0.325 0.4875 0.303125 0.496875 0.278125 0.490625 0.265625 0.48125 0.25625 0.471875 0.25625 0.453125 0.2625 0.428125 0.284375 0.421875 0.29375 0.421875 0.30625 0.43125 0.31875 0.4375 0.325
0 0.41875 0.278125 0.440625 0.278125 0.478125 0.25 0.48125 0.240625 0.48125 0.225 0.478125 0.21875 0.465625 0.209375 0.446875 0.209375 0.428125 0.21875 0.409375 0.240625 0.40625 0.25 0.40625 0.2625 0.409375 0.26875 0.41875 0.278125
0 0.46749999999999997 0.2996875 0.45875000000000005 0.3125 0.4578125 0.3259375 0.4646875 0.33718750000000003 0.475 0.3421875 0.4925 0.3390625 0.5065625 0.33125 0.5253125 0.31875 0.531875 0.308125 0.5334375 0.2971875 0.5346875 0.2875 0.526875 0.280625 0.5125 0.27468750000000003 0.4925 0.2815625 0.46749999999999997 0.2996875
0 0.46218750000000003 0.2421875 0.45218749999999996 0.2525 0.4459375 0.26749999999999996 0.44625000000000004 0.2803125 0.4528125 0.2925 0.4653125 0.2953125 0.488125 0.2921875 0.5028125 0.2846875 0.5125 0.275 0.5181250000000001 0.2653125 0.520625 0.2553125 0.520625 0.2521875 0.516875 0.24156249999999999 0.50875 0.236875 0.496875 0.2325 0.480625 0.23312499999999997 0.46218750000000003 0.2421875
0 0.45968749999999997 0.181875 0.4490625 0.19125 0.44000000000000006 0.2053125 0.43968749999999995 0.21968749999999998 0.4453125 0.23625 0.45906250000000004 0.24312499999999998 0.47437500000000005 0.23937499999999998 0.4921875 0.22781250000000003 0.49906249999999996 0.2190625 0.5040625000000001 0.2015625 0.5040625000000001 0.19437500000000002 0.49874999999999997 0.1840625 0.49124999999999996 0.1765625 0.4815625 0.174375 0.471875 0.175 0.45968749999999997 0.181875
0 0.45 0.203125 0.48125 0.16875 0.48125 0.146875 0.475 0.134375 0.465625 0.128125 0.45625 0.128125 0.43125 0.1375 0.41875 0.15625 0.415625 0.178125 0.41875 0.19375 0.428125 0.203125 0.45 0.203125
0 0.41875 0.165625 0.465625 0.121875 0.4625 0.1 0.45 0.084375 0.43125 0.084375 0.41875 0.090625 0.403125 0.109375 0.403125 0.134375 0.409375 0.15625 0.41875 0.165625
0 0.409375 0.115625 0.446875 0.08125 0.44375 0.059375 0.4375 0.046875 0.425 0.0375 0.403125 0.040625 0.3875 0.059375 0.384375 0.078125 0.396875 0.109375 0.403125 0.11875 0.409375 0.115625
0 0.378125 0 0.36875 0.015625 0.3625 0.03125 0.3625 0.053125 0.365625 0.059375 0.371875 0.06875 0.384375 0.078125 0.40625 0.075 0.43125 0.04375 0.421875 0.015625 0.409375 0 0.378125 0