0 0.22781250000000003 0.5706249999999999 0.21531250000000002 0.5834374999999999 0.21187499999999998 0.5959375 0.2134375 0.6065625 0.2190625 0.61375 0.2321875 0.618125 0.248125 0.6184375 0.26187499999999997 0.6165625 0.2784375 0.61125 0.28875 0.6025 0.2953125 0.5884375000000001 0.2990625 0.57375 0.2990625 0.5678124999999999 0.2978125 0.560625 0.27875 0.5584374999999999 0.25906250000000003 0.5590625 0.24343750000000003 0.5625 0.22781250000000003 0.5706249999999999
0 0.29 0.5084375 0.273125 0.5159374999999999 0.25875 0.526875 0.2521875 0.5428124999999999 0.255625 0.5546875 0.26937500000000003 0.5625 0.29031250000000003 0.5628124999999999 0.306875 0.5603125 0.32218749999999996 0.5571875000000001 0.3375 0.5493750000000001 0.346875 0.5384375 0.34968750000000004 0.525625 0.34968750000000004 0.5165625 0.348125 0.5128125 0.335625 0.5084375 0.32156250000000003 0.5071875 0.3046875 0.506875 0.29 0.5084375
0 0.3121875 0.548125 0.29874999999999996 0.561875 0.289375 0.5740624999999999 0.281875 0.589375 0.2815625 0.6028125 0.286875 0.6128125 0.2996875 0.6159375 0.3121875 0.6159375 0.3228125 0.6128125 0.3328125 0.6068749999999999 0.3428125 0.595 0.34968750000000004 0.5846875 0.35625 0.5706249999999999 0.35875 0.5575 0.35875 0.5471874999999999 0.35812499999999997 0.5459375 0.350625 0.5375 0.33625 0.5353125000000001 0.32406250000000003 0.538125 0.3121875 0.548125
0 0.37093750000000003 0.55 0.35343749999999996 0.5609375 0.3403125 0.5759375 0.3359375 0.5890625 0.3421875 0.6065625 0.3509375 0.610625 0.36593749999999997 0.610625 0.384375 0.60625 0.3953125 0.6025 0.4046875 0.5974999999999999 0.41593749999999996 0.5875 0.421875 0.5709375 0.421875 0.5549999999999999 0.41968750000000005 0.5459375 0.41375 0.5390625 0.4034375 0.5387500000000001 0.3878125 0.5415625000000001 0.37093750000000003 0.55
0 0.3915625 0.495625 0.3778125 0.5 0.36343749999999997 0.50875 0.35281250000000003 0.52125 0.34875 0.5340625 0.34875 0.546875 0.3571875 0.5565625 0.368125 0.559375 0.385625 0.558125 0.40031249999999996 0.5565625 0.41375 0.5503125 0.42406249999999995 0.5384375 0.4328125 0.5259375000000001 0.4390625 0.5131249999999999 0.4403125 0.5059375 0.433125 0.49812500000000004 0.421875 0.4953125 0.40625 0.4953125 0.3915625 0.495625
0 0.41593749999999996 0.5349999999999999 0.4090625 0.5540625 0.40718750000000004 0.5703125 0.4078125 0.5825 0.4125 0.591875 0.4221875 0.5965625 0.440625 0.59375 0.45218749999999996 0.5862499999999999 0.45968749999999997 0.573125 0.4690625 0.5540625 0.4721875 0.5378125 0.471875 0.524375 0.47093749999999995 0.515625 0.46375 0.5071875 0.4490625 0.506875 0.43562500000000004 0.509375 0.42437500000000006 0.5203125 0.41593749999999996 0.5349999999999999
0 0.46125 0.5659375 0.46125 0.5775 0.4671875 0.5890625 0.47781250000000003 0.591875 0.4925 0.589375 0.5053124999999999 0.5809375 0.5184375 0.5650000000000001 0.521875 0.5506249999999999 0.525 0.5346875 0.5259375000000001 0.5275000000000001 0.5259375000000001 0.5231250000000001 0.521875 0.5053124999999999 0.5153125000000001 0.49906249999999996 0.510625 0.49812500000000004 0.496875 0.49749999999999994 0.489375 0.501875 0.4765625 0.5153125000000001 0.46749999999999997 0.5321875 0.4625 0.5496875 0.46125 0.5659375
0 0.47562499999999996 0.48343749999999996 0.4565625 0.49093749999999997 0.44406249999999997 0.5040625000000001 0.44312500000000005 0.525 0.4496875 0.5390625 0.465 0.541875 0.480625 0.5393749999999999 0.5134375 0.5259375000000001 0.534375 0.5140625 0.5371875 0.5025000000000001 0.5359375 0.4925 0.5253125 0.48 0.5096875 0.47781250000000003 0.491875 0.47874999999999995 0.47562499999999996 0.48343749999999996
0 0.5549999999999999 0.5215625 0.5384375 0.5228125 0.5228125 0.5321875 0.5184375 0.5440625 0.5181250000000001 0.558125 0.525 0.568125 0.536875 0.5753125 0.5553125 0.5778125000000001 0.5796875 0.5778125000000001 0.5953125 0.5756249999999999 0.60625 0.5675 0.6096874999999999 0.5521874999999999 0.61 0.545625 0.6118750000000001 0.5403125 0.6071875 0.5303125 0.5946875 0.5253125 0.5740624999999999 0.5221875 0.5549999999999999 0.5215625
0 0.5549999999999999 0.49000000000000005 0.5428124999999999 0.49406249999999996 0.5284375 0.5071875 0.5284375 0.5228125 0.5434375 0.5353125000000001 0.555625 0.5403125 0.5746875 0.5443749999999999 0.5965625 0.5471874999999999 0.6159375 0.545625 0.625625 0.536875 0.6303124999999999 0.5265625 0.6325000000000001 0.5193749999999999 0.6328125 0.5103125000000001 0.6224999999999999 0.49781250000000005 0.605 0.49124999999999996 0.5796875 0.49000000000000005 0.5549999999999999 0.49000000000000005
0 0.649375 0.5146875 0.63375 0.525 0.6265625 0.5365624999999999 0.629375 0.5496875 0.6381249999999999 0.5603125 0.6484375 0.5653125 0.6643749999999999 0.5646875 0.6793750000000001 0.561875 0.69625 0.5528125 0.7059375 0.545 0.714375 0.53125 0.715625 0.5203125 0.714375 0.515625 0.7125 0.5121875 0.69625 0.5071875 0.68125 0.5053124999999999 0.6653125 0.5078125 0.649375 0.5146875
0 0.6490625 0.468125 0.6321875 0.473125 0.62625 0.48562500000000003 0.6259375 0.500625 0.6334375 0.5115624999999999 0.65 0.5196875000000001 0.6675 0.5231250000000001 0.6884375 0.525 0.6971875 0.52 0.701875 0.51 0.7028125000000001 0.5021875 0.7025 0.491875 0.6896875 0.4803125 0.6771874999999999 0.47468750000000004 0.660625 0.4690625 0.6490625 0.468125
0 0.7034374999999999 0.45499999999999996 0.69375 0.45562500000000006 0.6853125 0.46281249999999996 0.6837500000000001 0.475 0.6903125 0.49124999999999996 0.7009375 0.5028125 0.7140625 0.515625 0.7234375 0.5237499999999999 0.73375 0.5240625 0.745625 0.5209374999999999 0.7521875 0.5103125000000001 0.7559375 0.4953125 0.7559375 0.484375 0.7559375 0.4828125 0.7534375 0.476875 0.740625 0.46656250000000005 0.7271875 0.460625 0.7134375000000001 0.45625 0.7034374999999999 0.45499999999999996
0 0.70625 0.5118750000000001 0.693125 0.5240625 0.6909375 0.538125 0.6990624999999999 0.5503125 0.71375 0.5571875000000001 0.7318749999999999 0.556875 0.7496875000000001 0.5540625 0.77 0.546875 0.775625 0.5353125000000001 0.775 0.5221875 0.7715625 0.51375 0.765625 0.5065625 0.7462500000000001 0.501875 0.7334375 0.5015625 0.7171875 0.504375 0.70625 0.5118750000000001
0 0.7371875 0.4603125 0.729375 0.4765625 0.7275 0.4996875 0.73625 0.5125 0.7496875000000001 0.5165625 0.7681250000000001 0.5096875 0.7815624999999999 0.495625 0.7849999999999999 0.480625 0.7875 0.465625 0.7878125 0.460625 0.7849999999999999 0.45187499999999997 0.7759375000000001 0.4415625 0.7625 0.44000000000000006 0.7484375 0.446875 0.7371875 0.4603125
0 0.7815624999999999 0.4546875 0.774375 0.46749999999999997 0.7665625 0.4878125 0.760625 0.506875 0.76125 0.5225 0.7678125 0.53125 0.7796875 0.531875 0.7940625 0.5231250000000001 0.8081250000000001 0.5096875 0.8150000000000001 0.4921875 0.8203125 0.4759375 0.8237500000000001 0.46218750000000003 0.8262499999999999 0.4525 0.8153124999999999 0.44375 0.8034375 0.4415625 0.7934375 0.44375 0.7815624999999999 0.4546875
0 0.821875 0.4684375 0.8096875000000001 0.49124999999999996 0.8096875000000001 0.5071875 0.8121875 0.5246875 0.825 0.525625 0.8412499999999999 0.5181250000000001 0.8565625000000001 0.504375 0.865625 0.491875 0.87625 0.47531249999999997 0.8793749999999999 0.46343750000000006 0.8793749999999999 0.45625 0.8728125 0.446875 0.8609375 0.440625 0.8471875000000001 0.441875 0.8324999999999999 0.45218749999999996 0.821875 0.4684375
0 0.820625 0.5225 0.8271875 0.5346875 0.8365625 0.5421875 0.8578125 0.5415625000000001 0.8803124999999999 0.5384375 0.8934374999999999 0.5334375 0.9043749999999999 0.520625 0.9075 0.505625 0.905 0.491875 0.9 0.48656249999999995 0.8887499999999999 0.48218750000000005 0.8684375 0.48531250000000004 0.8484375 0.49375 0.8331250000000001 0.5065625 0.820625 0.5225
0 0.8890625 0.479375 0.8800000000000001 0.4971875 0.881875 0.5131249999999999 0.8990625 0.5253125 0.91375 0.53 0.9290625 0.5303125 0.9490624999999999 0.5246875 0.9550000000000001 0.5131249999999999 0.9571875000000001 0.5 0.9581250000000001 0.49124999999999996 0.944375 0.479375 0.929375 0.4725 0.9081250000000001 0.471875 0.8890625 0.479375
0 0.8771875 0.448125 0.8699999999999999 0.4684375 0.87625 0.48375 0.8915625 0.4928125 0.91875 0.49437499999999995 0.940625 0.49406249999999996 0.9625 0.4846875 0.9662499999999999 0.4725 0.968125 0.4559375 0.9675 0.45093750000000005 0.9653124999999999 0.44125 0.946875 0.43875000000000003 0.9078125 0.43843750000000004 0.8928125 0.43968749999999995 0.8771875 0.448125
0 0.9221875 0.434375 0.9087500000000001 0.4490625 0.9099999999999999 0.4653125 0.9275 0.48375 0.94375 0.48656249999999995 0.9709375 0.4771875 0.985625 0.465625 0.9946875000000001 0.4503125 0.9940625000000001 0.44375 0.99125 0.4409375 0.978125 0.43218750000000006 0.9603125 0.4290625 0.9403124999999999 0.428125 0.9221875 0.434375