0 0.55 0.609375 0.56875 0.609375 0.578125 0.6 0.59375 0.56875 0.59375 0.55 0.575 0.53125 0.56875 0.528125 0.54375 0.53125 0.540625 0.534375 0.5375 0.546875 0.53125 0.575 0.53125 0.59375 0.54375 0.60625 0.55 0.609375
0 0.328125 0.66875 0.35 0.684375 0.365625 0.690625 0.378125 0.6875 0.39375 0.671875 0.39375 0.665625 0.38125 0.653125 0.38125 0.65 0.346875 0.61875 0.33125 0.609375 0.3125 0.60625 0.30625 0.628125 0.30625 0.640625 0.309375 0.646875 0.328125 0.66875
0 0.307500146875 0.67062531875 0.32187515312500004 0.673125321875 0.336875159375 0.66875031875 0.34312516249999997 0.648750309375 0.34031266250000003 0.6290628 0.32718765625 0.612500290625 0.310625146875 0.6000002875 0.2915626375 0.5940627843749999 0.27500013125 0.594687784375 0.267812628125 0.6028127875 0.265000125 0.6190627937500001 0.271562628125 0.636875303125 0.2862501375 0.6534378125 0.307500146875 0.67062531875
0 0.2384376125 0.6287503 0.257187621875 0.6387503031249999 0.28968763750000004 0.64093780625 0.309687646875 0.6293753 0.31781265 0.61468779375 0.31218765 0.6003127875 0.29937514374999996 0.59187528125 0.256875121875 0.583125278125 0.23812511249999999 0.5865627812499999 0.22562510625 0.596250284375 0.21906260312499998 0.612187790625 0.2384376125 0.6287503
0 0.175000084375 0.567187771875 0.177500084375 0.580937778125 0.189375090625 0.59125028125 0.2093751 0.596562784375 0.23750011249999997 0.5978127843750001 0.24687511875 0.5940627843749999 0.254375121875 0.573437771875 0.254375121875 0.570625271875 0.24468761562500002 0.5571877656249999 0.22375010624999997 0.5528127625 0.19656259375000001 0.5534377625 0.1809375875 0.556875265625 0.175000084375 0.567187771875
0 0.19718759375 0.528750253125 0.16750008125 0.5209377468749999 0.14406256875 0.52156275 0.1284375625 0.53625025625 0.1296875625 0.5521877625 0.139375065625 0.56312526875 0.161562578125 0.5750002750000001 0.1803125875 0.5778127750000001 0.204375096875 0.576250275 0.215937603125 0.560000265625 0.21375010312499998 0.5481252624999999 0.21000009999999997 0.53968775625 0.19718759375 0.528750253125
0 0.37468767812500003 0.712500340625 0.3909376875 0.72000034375 0.40687519375000003 0.72031284375 0.42062520000000003 0.716250340625 0.43562520625 0.700312834375 0.43656270937499997 0.685312828125 0.42468770312500004 0.66875031875 0.38906268437499997 0.67000031875 0.37687518125 0.6765628218749999 0.371250178125 0.686875328125 0.369062675 0.698125334375 0.37468767812500003 0.712500340625
0 0.428437703125 0.73406285 0.451562715625 0.741875353125 0.473125225 0.7456253562499999 0.4956252375 0.74625035625 0.502812740625 0.72343784375 0.4971877375 0.7065628375 0.46312522187500005 0.690937828125 0.436875209375 0.6943753312500001 0.42156269999999996 0.7075003375 0.4187502 0.72281284375 0.428437703125 0.73406285
0 0.505000240625 0.7518753593749999 0.505000240625 0.780937871875 0.51437524375 0.806250384375 0.52625025 0.829375396875 0.5334377531250001 0.833125396875 0.5478127625 0.833437896875 0.56250026875 0.8193753906250001 0.56437526875 0.8031253843749999 0.56375026875 0.77562536875 0.56343776875 0.7606253625 0.5537502625 0.7409378531249999 0.53687525625 0.7306253468749999 0.516875246875 0.7321878500000001 0.505000240625 0.7518753593749999
0 0.45656271875 0.73593785 0.4468752125 0.74656285625 0.449687715625 0.769687865625 0.45875021875 0.786562875 0.479375228125 0.8100003875 0.49531273750000004 0.820000390625 0.517187746875 0.821875390625 0.52687525 0.8084378843750001 0.527812753125 0.80250038125 0.531250253125 0.788437875 0.519062746875 0.7656253656249999 0.506250240625 0.7506253593750001 0.479375228125 0.73656285 0.45656271875 0.73593785
0 0.5525002625 0.74750035625 0.5490627625 0.7625003625 0.5518752625000001 0.781875371875 0.56312526875 0.8068753843750001 0.576562775 0.8259378937499999 0.5940627843749999 0.8343753968750001 0.6056252875 0.8296878968750001 0.61312529375 0.8137503875000001 0.61343779375 0.793750378125 0.610937790625 0.780625371875 0.6018752875 0.765312865625 0.5887502812500001 0.74875035625 0.5778127750000001 0.739687853125 0.56437526875 0.738437853125 0.5525002625 0.74750035625
0 0.541562759375 0.8106253875 0.533750253125 0.8225003937500001 0.53562525625 0.844375403125 0.554375265625 0.8621879124999999 0.570625271875 0.87562541875 0.58750028125 0.87656291875 0.598750284375 0.859375409375 0.6050002875 0.831875396875 0.5865627812499999 0.8106253875 0.572812771875 0.805937884375 0.5571877656249999 0.805312884375 0.541562759375 0.8106253875
0 0.5978127843750001 0.842812903125 0.6031252874999999 0.868750415625 0.6128127937500001 0.8896879249999999 0.624687796875 0.897500428125 0.64531280625 0.891250425 0.650312809375 0.8768754187500001 0.6525003125 0.8575004093749999 0.6531253125 0.843437903125 0.651562809375 0.82562539375 0.6353128031249999 0.8100003875 0.61843779375 0.805937884375 0.6034377875 0.820625390625 0.5978127843750001 0.842812903125
0 0.6568753125 0.859375409375 0.660312815625 0.8821879218750001 0.6759378218750001 0.8950004281249999 0.6996878343749999 0.899062928125 0.7171878406250001 0.892500425 0.72406284375 0.87593791875 0.72406284375 0.860625409375 0.7168753406249999 0.8518754062499999 0.700625334375 0.8418753999999999 0.683437825 0.8396879 0.66562531875 0.8415628999999999 0.6568753125 0.859375409375
0 0.64093780625 0.9171879374999999 0.648750309375 0.935312946875 0.66906281875 0.94500045 0.690937828125 0.94625045 0.7096878375 0.9240629406249999 0.7065628375 0.90250043125 0.7084378375 0.897500428125 0.677812821875 0.8821879218750001 0.663125315625 0.8837504218750001 0.6462503093749999 0.897500428125 0.64093780625 0.9171879374999999
0 0.7053128375 0.882812921875 0.701875334375 0.90468793125 0.712500340625 0.926562940625 0.73375035 0.94062545 0.755937859375 0.9478129531249999 0.77562536875 0.940000446875 0.7821878718749999 0.924375440625 0.787500375 0.912812934375 0.77406286875 0.895625428125 0.755312859375 0.8856254218749999 0.72281284375 0.8746879156249999 0.7053128375 0.882812921875
0 0.6268753 0.8240628937500001 0.61875029375 0.8509379062500001 0.620625296875 0.8778129187499999 0.636562803125 0.8996879281249999 0.6568753125 0.90375043125 0.674062821875 0.8834379218749999 0.676875321875 0.8656254125 0.676875321875 0.85062540625 0.6725003218750001 0.830312896875 0.664062815625 0.8150003874999999 0.6559378125 0.8087503843749999 0.64093780625 0.8100003875 0.6268753 0.8240628937500001
0 0.581250278125 0.8078128843749999 0.585312778125 0.8378129 0.594375284375 0.860625409375 0.6046877875 0.8662504125 0.61875029375 0.858750409375 0.6281253 0.8387504 0.633750303125 0.8143753874999999 0.634062803125 0.80250038125 0.6309378 0.7903128781250001 0.622500296875 0.780625371875 0.6078127906249999 0.77625036875 0.58843778125 0.783437875 0.581250278125 0.8078128843749999