0 0.353125 0.95625 0.375 0.95625 0.4 0.95 0.4125 0.940625 0.421875 0.921875 0.421875 0.89375 0.40625 0.890625 0.35 0.90625 0.34375 0.9125 0.3375 0.925 0.334375 0.9375 0.3375 0.95 0.34375 0.953125 0.353125 0.95625
0 0.36875 0.90625 0.39375 0.90625 0.40625 0.903125 0.428125 0.890625 0.44375 0.86875 0.44375 0.8625 0.440625 0.859375 0.421875 0.85625 0.371875 0.85625 0.3625 0.865625 0.353125 0.884375 0.353125 0.896875 0.35625 0.903125 0.36875 0.90625
0 0.4375 0.85625 0.434375 0.828125 0.396875 0.815625 0.3875 0.81875 0.371875 0.840625 0.36875 0.85625 0.403125 0.8625 0.421875 0.8625 0.4375 0.85625
0 0.453125 0.825 0.4625 0.81875 0.465625 0.7875 0.453125 0.778125 0.41875 0.778125 0.403125 0.790625 0.396875 0.803125 0.39375 0.81875 0.40625 0.83125 0.440625 0.828125 0.453125 0.825
0 0.465625 0.784375 0.475 0.7375 0.434375 0.728125 0.415625 0.75625 0.409375 0.76875 0.409375 0.78125 0.45625 0.79375 0.465625 0.784375
0 0.465625 0.75 0.475 0.740625 0.4875 0.71875 0.484375 0.7 0.478125 0.690625 0.465625 0.6875 0.45 0.696875 0.4375 0.715625 0.434375 0.725 0.434375 0.740625 0.453125 0.75 0.465625 0.75
0 0.525 0.73125 0.528125 0.728125 0.528125 0.715625 0.5125 0.696875 0.503125 0.690625 0.484375 0.69375 0.48125 0.696875 0.478125 0.71875 0.48125 0.728125 0.5125 0.734375 0.525 0.73125
0 0.49375 0.671875 0.509375 0.65 0.509375 0.646875 0.5 0.64375 0.475 0.646875 0.465625 0.653125 0.45625 0.66875 0.453125 0.678125 0.45625 0.6875 0.46875 0.6875 0.49375 0.671875
0 0.51875 0.646875 0.528125 0.625 0.528125 0.609375 0.525 0.60625 0.509375 0.60625 0.496875 0.609375 0.490625 0.615625 0.48125 0.634375 0.48125 0.65 0.5 0.6625 0.51875 0.646875
0 0.515625 0.621875 0.521875 0.621875 0.528125 0.615625 0.53125 0.58125 0.528125 0.575 0.5125 0.5625 0.50625 0.5625 0.503125 0.56875 0.496875 0.59375 0.496875 0.609375 0.503125 0.615625 0.515625 0.621875
0 0.53125 0.575 0.546875 0.5625 0.55 0.5375 0.525 0.534375 0.5125 0.534375 0.509375 0.5375 0.503125 0.55 0.503125 0.5625 0.50625 0.56875 0.53125 0.575
0 0.55625 0.515625 0.54375 0.49375 0.521875 0.49375 0.515625 0.503125 0.5125 0.53125 0.546875 0.540625 0.55625 0.53125 0.55625 0.515625
0 0.553125 0.5 0.553125 0.471875 0.54375 0.446875 0.540625 0.44375 0.534375 0.446875 0.525 0.459375 0.521875 0.471875 0.521875 0.490625 0.55 0.50625 0.553125 0.5
0 0.54375 0.446875 0.546875 0.434375 0.546875 0.4125 0.540625 0.403125 0.53125 0.41875 0.528125 0.43125 0.528125 0.446875 0.53125 0.45 0.54375 0.446875
0 0.628125 0.434375 0.6375 0.4125 0.640625 0.3625 0.61875 0.35 0.6125 0.353125 0.603125 0.371875 0.6 0.3875 0.6125 0.4375 0.61875 0.4375 0.628125 0.434375
0 0.640625 0.36875 0.646875 0.3625 0.65 0.353125 0.646875 0.334375 0.640625 0.325 0.628125 0.31875 0.621875 0.31875 0.61875 0.321875 0.6125 0.340625 0.6125 0.353125 0.63125 0.36875 0.640625 0.36875
0 0.65 0.3375 0.65625 0.325 0.65625 0.3 0.65 0.278125 0.64375 0.275 0.634375 0.284375 0.625 0.303125 0.625 0.3125 0.64375 0.3375 0.65 0.3375
0 0.571875 0.353125 0.575 0.33125 0.56875 0.31875 0.565625 0.31875 0.55625 0.328125 0.55 0.34375 0.546875 0.35625 0.546875 0.3875 0.559375 0.375 0.571875 0.353125
0 0.896875 0.59375 0.903125 0.5875 0.903125 0.5625 0.896875 0.54375 0.890625 0.53125 0.878125 0.515625 0.871875 0.515625 0.86875 0.51875 0.853125 0.54375 0.853125 0.553125 0.859375 0.5625 0.896875 0.59375
0 0.86875 0.6375 0.896875 0.6375 0.903125 0.63125 0.903125 0.609375 0.890625 0.584375 0.84375 0.55 0.8375 0.55 0.825 0.55625 0.821875 0.565625 0.81875 0.578125 0.821875 0.596875 0.853125 0.625 0.86875 0.6375
0 0.9 0.7 0.903125 0.678125 0.896875 0.653125 0.878125 0.61875 0.83125 0.596875 0.825 0.6 0.821875 0.60625 0.825 0.65625 0.859375 0.68125 0.9 0.7
0 0.8709847999999999 0.918238228125 0.8801952156249999 0.93465679375 0.889405628125 0.939862678125 0.903021021875 0.935057246875 0.911030078125 0.92584683125 0.912631890625 0.9142336999999999 0.910229171875 0.903421475 0.9038219281250001 0.896613778125 0.8866024593749999 0.89180834375 0.8721861593750001 0.89180834375 0.8689825375 0.9066250968749999 0.8709847999999999 0.918238228125
0 0.853364878125 0.8405503875000001 0.857769859375 0.86097348125 0.866980271875 0.874989328125 0.8773920437499999 0.88259793125 0.8886047218750001 0.881396571875 0.895812871875 0.8641771031250001 0.8906069875 0.845355821875 0.882998384375 0.822129559375 0.875790234375 0.8053105437499999 0.8713852531249999 0.796901034375 0.868582084375 0.7936974125 0.857769859375 0.797701940625 0.852563971875 0.8117177874999999 0.8513626125 0.82493273125 0.853364878125 0.8405503875000001
0 0.851763065625 0.78568835625 0.8633761968749999 0.78729016875 0.87378796875 0.7828851875 0.883799290625 0.76045983125 0.876591140625 0.736432665625 0.860172575 0.727222253125 0.842552653125 0.727622703125 0.838548125 0.7324281375 0.8337426906250001 0.7504485125 0.8353445031250001 0.76406390625 0.8401499375 0.775276584375 0.851763065625 0.78568835625
0 0.837346765625 0.71360685625 0.8513626125 0.710403234375 0.8621748406249999 0.696787840625 0.8617743875 0.67756610625 0.8545662374999999 0.6671543343749999 0.83934903125 0.6599461843750001 0.8329417875 0.657143015625 0.822129559375 0.665952975 0.8217291093749999 0.69198240625 0.8257336375 0.70519735 0.837346765625 0.71360685625