0 0.5728125000000001 0.29281250000000003 0.58875 0.30281250000000004 0.6125 0.3125 0.6346875 0.3128125 0.6465625 0.30843750000000003 0.6643749999999999 0.30125 0.6743750000000001 0.2921875 0.6746875 0.276875 0.6690625 0.271875 0.6559375000000001 0.2659375 0.6415625 0.2625 0.6265625 0.260625 0.6125 0.25906250000000003 0.6053124999999999 0.2584375 0.5862499999999999 0.2634375 0.575 0.26968749999999997 0.5706249999999999 0.2803125 0.5728125000000001 0.29281250000000003
0 0.6375 0.3125 0.65 0.309375 0.678125 0.29375 0.690625 0.278125 0.690625 0.265625 0.6875 0.259375 0.675 0.25 0.65 0.25 0.634375 0.253125 0.6125 0.2625 0.59375 0.284375 0.590625 0.296875 0.596875 0.303125 0.615625 0.309375 0.6375 0.3125
0 0.646875 0.26875 0.653125 0.26875 0.65625 0.265625 0.684375 0.265625 0.696875 0.2625 0.7125 0.246875 0.7125 0.228125 0.709375 0.221875 0.7 0.215625 0.6875 0.2125 0.6625 0.2125 0.646875 0.215625 0.625 0.225 0.60625 0.24375 0.60625 0.25625 0.609375 0.2625 0.646875 0.26875
0 0.5340625 0.323125 0.5209374999999999 0.32999999999999996 0.515 0.34500000000000003 0.541875 0.365625 0.561875 0.37875000000000003 0.5846875 0.3878125 0.6118750000000001 0.38625 0.6196875000000001 0.3775 0.624375 0.3671875 0.6224999999999999 0.356875 0.6140625 0.343125 0.5715625 0.323125 0.54875 0.3209375 0.5340625 0.323125
0 0.5884375000000001 0.3053125 0.571875 0.3125 0.55125 0.32625000000000004 0.5415625000000001 0.335625 0.5337500000000001 0.34968750000000004 0.5325 0.3603125 0.548125 0.37093750000000003 0.564375 0.374375 0.588125 0.3675 0.604375 0.3578125 0.62375 0.344375 0.6325000000000001 0.33625 0.6371875 0.32999999999999996 0.6390625 0.32125 0.635 0.311875 0.6287499999999999 0.306875 0.61375 0.3046875 0.5884375000000001 0.3053125
0 0.629375 0.350625 0.64375 0.3459375 0.6525000000000001 0.334375 0.6525000000000001 0.3203125 0.6478125 0.31 0.6284375 0.2990625 0.6115625 0.2940625 0.588125 0.29 0.566875 0.29093749999999996 0.5540625 0.30062500000000003 0.5478125 0.30843750000000003 0.5515625 0.3175 0.5646875 0.3278125 0.5859375 0.339375 0.6053124999999999 0.3459375 0.6171875 0.3509375 0.629375 0.350625
0 0.525 0.403125 0.525 0.40625 0.559375 0.421875 0.565625 0.41875 0.58125 0.403125 0.584375 0.390625 0.575 0.38125 0.525 0.353125 0.50625 0.353125 0.496875 0.359375 0.49375 0.365625 0.49375 0.378125 0.509375 0.39375 0.525 0.403125
0 0.49375 0.44375 0.5125 0.453125 0.525 0.45625 0.5375 0.45 0.553125 0.434375 0.553125 0.425 0.546875 0.41875 0.496875 0.38125 0.478125 0.38125 0.465625 0.390625 0.4625 0.396875 0.4625 0.40625 0.465625 0.4125 0.49375 0.44375
0 0.45625 0.453125 0.5 0.490625 0.515625 0.48125 0.525 0.465625 0.521875 0.45625 0.484375 0.421875 0.4625 0.409375 0.446875 0.4125 0.4375 0.41875 0.43125 0.434375 0.43125 0.440625 0.434375 0.44375 0.45625 0.453125
0 0.453125 0.46218750000000003 0.42874999999999996 0.45906250000000004 0.41156249999999994 0.45843749999999994 0.39718749999999997 0.4625 0.3878125 0.469375 0.380625 0.48187499999999994 0.379375 0.4915625 0.3828125 0.501875 0.39437500000000003 0.50875 0.4140625 0.5121875 0.44375 0.5128125 0.4546875 0.5084375 0.4646875 0.5034375 0.4725 0.49812500000000004 0.47625 0.49468750000000006 0.48 0.4828125 0.476875 0.47406249999999994 0.468125 0.46781249999999996 0.453125 0.46218750000000003
0 0.434375 0.50625 0.4375 0.50625 0.4625 0.528125 0.484375 0.528125 0.49375 0.51875 0.496875 0.5125 0.496875 0.49375 0.4625 0.45625 0.446875 0.446875 0.434375 0.44375 0.425 0.446875 0.415625 0.45625 0.4125 0.4625 0.4125 0.471875 0.421875 0.490625 0.434375 0.50625
0 0.4375 0.55625 0.459375 0.546875 0.465625 0.540625 0.46875 0.53125 0.43125 0.50625 0.38125 0.50625 0.371875 0.5125 0.359375 0.525 0.3625 0.54375 0.40625 0.55625 0.4375 0.55625
0 0.3375 0.6 0.34375 0.596875 0.371875 0.596875 0.390625 0.59375 0.40625 0.584375 0.415625 0.56875 0.415625 0.5625 0.409375 0.55625 0.375 0.546875 0.35 0.546875 0.334375 0.55 0.321875 0.55625 0.315625 0.5625 0.309375 0.575 0.3125 0.5875 0.31875 0.59375 0.3375 0.6
0 0.325 0.63125 0.353125 0.6375 0.371875 0.6375 0.3875 0.61875 0.3875 0.60625 0.384375 0.6 0.359375 0.5875 0.31875 0.575 0.30625 0.575 0.2875 0.590625 0.284375 0.596875 0.284375 0.609375 0.309375 0.625 0.325 0.63125
0 0.33125 0.678125 0.35 0.671875 0.359375 0.6625 0.359375 0.640625 0.328125 0.621875 0.303125 0.615625 0.290625 0.609375 0.271875 0.609375 0.2625 0.615625 0.25625 0.625 0.253125 0.640625 0.26875 0.65625 0.296875 0.671875 0.33125 0.678125
0 0.309375 0.70625 0.325 0.6875 0.325 0.678125 0.271875 0.653125 0.259375 0.64375 0.24375 0.64375 0.23125 0.65 0.221875 0.6625 0.21875 0.68125 0.278125 0.703125 0.303125 0.709375 0.309375 0.70625
0 0.228125 0.740625 0.24375 0.74375 0.275 0.74375 0.296875 0.734375 0.3 0.728125 0.3 0.70625 0.296875 0.7 0.25 0.684375 0.215625 0.68125 0.2 0.690625 0.19375 0.7 0.190625 0.70625 0.190625 0.715625 0.2 0.725 0.228125 0.740625
0 0.234375 0.778125 0.253125 0.775 0.265625 0.765625 0.275 0.75 0.2625 0.740625 0.184375 0.7125 0.1625 0.73125 0.15625 0.746875 0.171875 0.7625 0.203125 0.775 0.234375 0.778125
0 0.21875 0.80625 0.234375 0.8 0.24375 0.784375 0.24375 0.78125 0.234375 0.771875 0.21875 0.765625 0.21875 0.7625 0.171875 0.746875 0.15625 0.746875 0.1375 0.7625 0.134375 0.784375 0.140625 0.8 0.15 0.80625 0.21875 0.80625
0 0.1875 0.85 0.19375 0.846875 0.215625 0.821875 0.215625 0.809375 0.2 0.8 0.1375 0.7875 0.121875 0.790625 0.109375 0.803125 0.10625 0.803125 0.1 0.815625 0.096875 0.825 0.109375 0.840625 0.1375 0.85 0.1875 0.85
0 0.14375 0.890625 0.171875 0.878125 0.1875 0.85625 0.1875 0.84375 0.16875 0.834375 0.1375 0.828125 0.103125 0.828125 0.090625 0.834375 0.078125 0.846875 0.075 0.86875 0.084375 0.88125 0.1 0.890625 0.14375 0.890625