0 0.859375 0.478125 0.878125 0.465625 0.890625 0.453125 0.9 0.4375 0.9 0.409375 0.89375 0.4 0.88125 0.396875 0.85625 0.403125 0.8375 0.41875 0.828125 0.434375 0.81875 0.465625 0.821875 0.484375 0.84375 0.484375 0.859375 0.478125
0 0.809375 0.490625 0.828125 0.484375 0.846875 0.465625 0.865625 0.434375 0.865625 0.41875 0.8625 0.409375 0.85625 0.403125 0.8375 0.403125 0.825 0.40625 0.80625 0.425 0.7875 0.453125 0.7875 0.475 0.8 0.4875 0.809375 0.490625
0 0.8 0.50625 0.828125 0.484375 0.828125 0.471875 0.803125 0.459375 0.746875 0.453125 0.734375 0.453125 0.73125 0.45625 0.71875 0.484375 0.746875 0.509375 0.76875 0.5125 0.8 0.50625
0 0.8 0.45625 0.809375 0.453125 0.828125 0.440625 0.825 0.409375 0.81875 0.40625 0.80625 0.403125 0.7875 0.403125 0.740625 0.415625 0.73125 0.421875 0.73125 0.446875 0.75 0.45625 0.8 0.45625
0 0.6381249999999999 0.4921875 0.6321875 0.5084375 0.6371875 0.5231250000000001 0.6496875 0.5346875 0.680625 0.5387500000000001 0.7162499999999999 0.531875 0.7284375 0.5128125 0.7275 0.4996875 0.7221875 0.491875 0.714375 0.484375 0.6965625 0.4796875 0.6709375 0.479375 0.6496875 0.48218750000000005 0.6381249999999999 0.4921875
0 0.675 0.515625 0.6875 0.5125 0.715625 0.484375 0.728125 0.45 0.728125 0.4375 0.725 0.428125 0.71875 0.421875 0.70625 0.421875 0.6875 0.428125 0.675 0.44375 0.65625 0.48125 0.65625 0.50625 0.6625 0.5125 0.675 0.515625
0 0.634375 0.521875 0.646875 0.509375 0.66875 0.453125 0.66875 0.440625 0.6625 0.434375 0.653125 0.43125 0.63125 0.434375 0.621875 0.440625 0.60625 0.46875 0.60625 0.521875 0.615625 0.528125 0.634375 0.521875
0 0.571875 0.54375 0.584375 0.5375 0.596875 0.525 0.6 0.515625 0.603125 0.4875 0.6 0.471875 0.596875 0.46875 0.575 0.46875 0.56875 0.475 0.54375 0.521875 0.540625 0.528125 0.540625 0.540625 0.55 0.546875 0.571875 0.54375
0 0.51625 0.47874999999999995 0.5015625 0.49312500000000004 0.4878125 0.5096875 0.4846875 0.5287499999999999 0.49343750000000003 0.5434375 0.50625 0.548125 0.5309375000000001 0.5409375 0.5415625000000001 0.5290625 0.5625 0.504375 0.5546875 0.4971875 0.5546875 0.47906250000000006 0.5493750000000001 0.47000000000000003 0.5349999999999999 0.4684375 0.51625 0.47874999999999995
0 0.534375 0.53125 0.553125 0.50625 0.56875 0.475 0.56875 0.446875 0.5625 0.440625 0.553125 0.4375 0.540625 0.4375 0.528125 0.44375 0.5125 0.465625 0.50625 0.49375 0.503125 0.515625 0.50625 0.525 0.5125 0.53125 0.534375 0.53125
0 0.44343750000000004 0.465 0.436875 0.48218750000000005 0.4459375 0.506875 0.4653125 0.5275000000000001 0.4859375 0.5253125 0.50125 0.500625 0.5037499999999999 0.48562500000000003 0.5028125 0.479375 0.4928125 0.46624999999999994 0.4809375 0.4575 0.4671875 0.45375 0.4515625 0.4559375 0.44343750000000004 0.465
0 0.475 0.521875 0.490625 0.521875 0.503125 0.50625 0.521875 0.45 0.5125 0.440625 0.490625 0.440625 0.478125 0.446875 0.4625 0.465625 0.45625 0.478125 0.45625 0.496875 0.465625 0.515625 0.475 0.521875
0 0.4625 0.553125 0.484375 0.55 0.49375 0.54375 0.4875 0.51875 0.459375 0.4875 0.446875 0.48125 0.425 0.48125 0.41875 0.484375 0.4125 0.5 0.409375 0.515625 0.4125 0.521875 0.43125 0.540625 0.4625 0.553125
0 0.321875 0.540625 0.340625 0.53125 0.3625 0.509375 0.371875 0.490625 0.36875 0.48125 0.359375 0.471875 0.340625 0.46875 0.3125 0.48125 0.29375 0.503125 0.290625 0.5125 0.29375 0.53125 0.303125 0.540625 0.321875 0.540625
0 0.2146875 0.491875 0.21437499999999998 0.5084375 0.224375 0.524375 0.2503125 0.5403125 0.275625 0.5540625 0.2896875 0.553125 0.3 0.5346875 0.2975 0.516875 0.2884375 0.5 0.28718750000000004 0.49874999999999997 0.2740625 0.48968749999999994 0.25656249999999997 0.48218750000000005 0.238125 0.47874999999999995 0.22312500000000002 0.4803125 0.2146875 0.491875
0 0.29375 0.528125 0.321875 0.50625 0.321875 0.471875 0.315625 0.46875 0.284375 0.46875 0.25625 0.48125 0.25 0.490625 0.246875 0.509375 0.26875 0.53125 0.284375 0.53125 0.29375 0.528125
0 0.234375 0.5625 0.25625 0.5625 0.265625 0.559375 0.26875 0.5375 0.234375 0.496875 0.21875 0.490625 0.2 0.490625 0.18125 0.496875 0.178125 0.503125 0.18125 0.5125 0.215625 0.553125 0.234375 0.5625
0 0.13125 0.55 0.153125 0.5625 0.16875 0.565625 0.196875 0.5625 0.203125 0.55625 0.20625 0.546875 0.203125 0.5375 0.171875 0.5125 0.153125 0.503125 0.121875 0.503125 0.115625 0.50625 0.109375 0.5125 0.1125 0.525 0.11875 0.5375 0.13125 0.55
0 0.11875 0.6 0.146875 0.6 0.159375 0.596875 0.16875 0.59375 0.178125 0.58125 0.178125 0.571875 0.115625 0.540625 0.1125 0.540625 0.0875 0.5625 0.08125 0.56875 0.08125 0.575 0.096875 0.590625 0.11875 0.6
0 0.04375 0.584375 0.06875 0.571875 0.10625 0.534375 0.10625 0.525 0.103125 0.515625 0.096875 0.5125 0.071875 0.5125 0.053125 0.515625 0.034375 0.525 0.015625 0.540625 0.0125 0.546875 0.015625 0.5625 0.03125 0.578125 0.04375 0.584375
0 0.0615625 0.609375 0.0990625 0.609375 0.1084375 0.60625 0.1325 0.6040625000000001 0.143125 0.589375 0.129375 0.5578125 0.11000000000000001 0.54375 0.07718749999999999 0.571875 0.058437499999999996 0.578125 0.049062499999999995 0.5875 0.049062499999999995 0.59375 0.0553125 0.60625 0.0615625 0.609375
0 0.6900000000000001 0.5109375 0.696875 0.5215625 0.713125 0.5271874999999999 0.7321875 0.5234375 0.746875 0.5209374999999999 0.7703125 0.5115624999999999 0.7753125 0.500625 0.77625 0.48218750000000005 0.7696875000000001 0.46968750000000004 0.7603125000000001 0.46343750000000006 0.73875 0.46218750000000003 0.7090625 0.4728125 0.6965625 0.4840625 0.6896875 0.495625 0.6900000000000001 0.5109375
0 0.5571875000000001 0.47062499999999996 0.558125 0.4871875 0.5696875 0.4971875 0.6003125 0.49343750000000003 0.61625 0.4765625 0.6234375 0.45562500000000006 0.625625 0.445625 0.6159375 0.4334375 0.6012500000000001 0.4328125 0.583125 0.43656249999999996 0.565625 0.4528125 0.5571875000000001 0.47062499999999996
0 0.3765625 0.47406249999999994 0.3640625 0.48343749999999996 0.3571875 0.501875 0.3578125 0.5237499999999999 0.3734375 0.5340625 0.3853125 0.5353125000000001 0.3990625 0.5340625 0.41125 0.525625 0.4184375 0.51375 0.41875 0.5046875 0.41937499999999994 0.484375 0.41 0.47531249999999997 0.40093750000000006 0.4715625 0.39187500000000003 0.471875 0.3765625 0.47406249999999994
0 0.4 0.459375 0.3940625 0.47406249999999994 0.395 0.4953125 0.4059375 0.5121875 0.4215625 0.5178125 0.43968749999999995 0.5065625 0.43937499999999996 0.4890625 0.43875000000000003 0.484375 0.43968749999999995 0.469375 0.43187499999999995 0.45875000000000005 0.4234375 0.45499999999999996 0.41218750000000004 0.4546875 0.4 0.459375
0 0.2921875 0.5203125 0.27999999999999997 0.540625 0.2821875 0.55625 0.3109375 0.5650000000000001 0.3334375 0.55625 0.34562499999999996 0.541875 0.3509375 0.530625 0.34375 0.52 0.3315625 0.51375 0.306875 0.514375 0.2921875 0.5203125