0 0.940625 0.5625 0.959375 0.559375 0.9625 0.553125 0.959375 0.503125 0.953125 0.496875 0.9375 0.490625 0.91875 0.49375 0.909375 0.503125 0.909375 0.521875 0.9125 0.53125 0.940625 0.5625
0 0.9 0.565625 0.9125 0.565625 0.93125 0.559375 0.915625 0.496875 0.890625 0.48125 0.875 0.48125 0.871875 0.490625 0.871875 0.5125 0.884375 0.55625 0.9 0.565625
0 0.871875 0.56875 0.878125 0.565625 0.88125 0.5625 0.88125 0.528125 0.878125 0.49375 0.875 0.4875 0.846875 0.471875 0.821875 0.471875 0.8125 0.475 0.80625 0.48125 0.8375 0.559375 0.8625 0.56875 0.871875 0.56875
0 0.796875 0.4759375 0.7834375 0.485 0.7787499999999999 0.4996875 0.7825 0.5209374999999999 0.7878125 0.5425 0.7965625000000001 0.5584374999999999 0.8109375 0.571875 0.8125 0.57375 0.8271875 0.5706249999999999 0.8375 0.5603125 0.8390625 0.548125 0.8378125000000001 0.5325 0.8324999999999999 0.51375 0.8265625 0.490625 0.820625 0.476875 0.8090624999999999 0.47468750000000004 0.796875 0.4759375
0 0.74375 0.47750000000000004 0.7346874999999999 0.4921875 0.73625 0.5231250000000001 0.74 0.5390625 0.749375 0.55375 0.7634375 0.5596875 0.7778125 0.5625 0.7887500000000001 0.558125 0.790625 0.5453125 0.790625 0.531875 0.7828125 0.5115624999999999 0.775 0.495 0.76125 0.48250000000000004 0.74375 0.47750000000000004
0 0.7471875 0.45906250000000004 0.73375 0.46125 0.7290625000000001 0.47093749999999995 0.7306250000000001 0.48656249999999995 0.7375 0.5015625 0.7515625 0.5159374999999999 0.7653125000000001 0.525625 0.78 0.5296875 0.7943749999999999 0.5321875 0.80625 0.5309375000000001 0.81125 0.52125 0.8109375 0.5090625 0.811875 0.500625 0.786875 0.47375 0.7734375 0.464375 0.7625 0.4609375 0.7471875 0.45906250000000004
0 0.6956249999999999 0.465 0.690625 0.484375 0.6884375 0.5065625 0.6915625000000001 0.5290625 0.718125 0.55625 0.73125 0.55625 0.7428125 0.5490625 0.7515625 0.525 0.7471875 0.5040625000000001 0.7434375 0.485 0.73133125 0.46968750000000004 0.7103125 0.4559375 0.6956249999999999 0.465
0 0.67320625 0.436875 0.66133125 0.4403125 0.65633125 0.4515625 0.6557062499999999 0.465 0.65976875 0.47843749999999996 0.6747687499999999 0.49000000000000005 0.69633125 0.5025000000000001 0.71133125 0.5109375 0.72570625 0.5140625 0.73633125 0.5015625 0.73664375 0.4859375 0.73633125 0.47750000000000004 0.72789375 0.460625 0.71508125 0.45187499999999997 0.7025812499999999 0.44437499999999996 0.6863312500000001 0.4375 0.67320625 0.436875
0 0.64414375 0.46749999999999997 0.64133125 0.4840625 0.64320625 0.4996875 0.64914375 0.5181250000000001 0.65851875 0.53125 0.66914375 0.5428124999999999 0.68101875 0.5453125 0.69133125 0.5421875 0.70039375 0.52625 0.70039375 0.509375 0.69633125 0.489375 0.69320625 0.48187499999999994 0.68664375 0.4671875 0.67664375 0.460625 0.66601875 0.4559375 0.6528937499999999 0.45531249999999995 0.64414375 0.46749999999999997
0 0.62258125 0.43218750000000006 0.61164375 0.44718749999999996 0.6088312499999999 0.46281249999999996 0.6088312499999999 0.48624999999999996 0.61414375 0.509375 0.62101875 0.5228125 0.63289375 0.5296875 0.6450812499999999 0.528125 0.65414375 0.5181250000000001 0.65789375 0.5 0.65820625 0.48312499999999997 0.6594562500000001 0.46968750000000004 0.65726875 0.458125 0.65195625 0.44406249999999997 0.64633125 0.43187499999999995 0.63508125 0.4290625 0.62258125 0.43218750000000006
0 0.530625 0.409375 0.5221875 0.425625 0.520625 0.45093750000000005 0.525 0.4734375 0.533125 0.48968749999999994 0.54375 0.49749999999999994 0.558125 0.49437499999999995 0.5715625 0.48218750000000005 0.5753125 0.4615625 0.5756249999999999 0.45093750000000005 0.579375 0.4334375 0.57125 0.41624999999999995 0.558125 0.40437500000000004 0.5459375 0.4015625 0.530625 0.409375
0 0.5625 0.42374999999999996 0.5625 0.4578125 0.569375 0.48187499999999994 0.57875 0.4959375 0.5978125000000001 0.499375 0.609375 0.49406249999999996 0.615625 0.47468750000000004 0.618125 0.44781250000000006 0.6184375 0.44437499999999996 0.6196875000000001 0.43624999999999997 0.6131249999999999 0.4171875 0.5978125000000001 0.40374999999999994 0.5784374999999999 0.405625 0.5625 0.42374999999999996
0 0.47562499999999996 0.41500000000000004 0.4759375 0.43843750000000004 0.48562500000000003 0.46749999999999997 0.4996875 0.485 0.5128125 0.4928125 0.526875 0.49031250000000004 0.5353125000000001 0.47437500000000005 0.5353125000000001 0.44781250000000006 0.53125 0.4303125 0.5296875 0.425625 0.5275000000000001 0.4225 0.5193749999999999 0.409375 0.5034375 0.399375 0.4875 0.40031249999999996 0.47562499999999996 0.41500000000000004
0 0.42437500000000006 0.42000000000000004 0.4346875 0.44781250000000006 0.44781250000000006 0.4684375 0.46343750000000006 0.48250000000000004 0.47843749999999996 0.48375 0.49124999999999996 0.4690625 0.4871875 0.43843750000000004 0.4815625 0.421875 0.4728125 0.41156249999999994 0.4615625 0.3978125 0.440625 0.393125 0.4303125 0.4015625 0.42437500000000006 0.42000000000000004
0 0.37124999999999997 0.4215625 0.3771875 0.44406249999999997 0.38875000000000004 0.46343750000000006 0.41281249999999997 0.48 0.4303125 0.48375 0.4415625 0.47093749999999995 0.4415625 0.44781250000000006 0.4371875 0.425 0.43093750000000003 0.41 0.4171875 0.40062499999999995 0.3953125 0.3975 0.37687499999999996 0.40625 0.37124999999999997 0.4215625
0 0.289375 0.44125 0.3040625 0.45406250000000004 0.32437499999999997 0.459375 0.34562499999999996 0.46187500000000004 0.36593749999999997 0.4609375 0.378125 0.44718749999999996 0.3775 0.434375 0.3721875 0.42437500000000006 0.359375 0.41 0.32937500000000003 0.4028125 0.2934375 0.4065625 0.286875 0.4171875 0.289375 0.44125
0 0.26156250000000003 0.381875 0.26625 0.39625 0.28312499999999996 0.4065625 0.3053125 0.4109375 0.3328125 0.40718750000000004 0.348125 0.39187500000000003 0.3453125 0.379375 0.3353125 0.36906249999999996 0.321875 0.3609375 0.29312499999999997 0.3578125 0.26937500000000003 0.364375 0.26156250000000003 0.381875
0 0.2396875 0.4109375 0.244375 0.4325 0.270625 0.4446875 0.2953125 0.4528125 0.3303125 0.45218749999999996 0.338125 0.4425 0.33406250000000004 0.4175 0.30656249999999996 0.40437500000000004 0.265625 0.3978125 0.2425 0.40031249999999996 0.2396875 0.4109375
0 0.1921875 0.41187500000000005 0.1978125 0.428125 0.21749999999999997 0.44312500000000005 0.240625 0.446875 0.2684375 0.4459375 0.278125 0.43 0.278125 0.4171875 0.275 0.40093750000000006 0.2528125 0.3921875 0.22625 0.3915625 0.2046875 0.396875 0.1921875 0.41187500000000005