0 0.7512334593750001 0.80097339375 0.74674081875 0.810600478125 0.7448154031249999 0.8272874218749999 0.744173596875 0.84269075625 0.745457209375 0.8616240218750001 0.74962894375 0.882803609375 0.757009709375 0.8943561093750001 0.7659949875 0.9010950687499999 0.7788311 0.903020484375 0.784286446875 0.897244234375 0.7923090187499999 0.8863335375 0.7948762406250001 0.8725347187500001 0.7948762406250001 0.854885065625 0.7948762406250001 0.8475043 0.7887790875 0.8195857562500001 0.775622071875 0.8003315875 0.7659949875 0.7945553375000001 0.760539640625 0.7951971437500001 0.7512334593750001 0.80097339375
0 0.6658733125 0.831459159375 0.676784009375 0.8494297156249999 0.6937918562500001 0.865795759375 0.707590678125 0.8789527749999999 0.72074769375 0.88248270625 0.734867415625 0.8831245093750001 0.7448154031249999 0.8728556218750001 0.747061721875 0.8600195093749999 0.74674081875 0.845899784375 0.73936005625 0.8353099937499999 0.724919428125 0.8205484656250001 0.709836996875 0.8061078374999999 0.7030980375 0.801294296875 0.6915455374999999 0.7948762406250001 0.674537690625 0.800652490625 0.668761440625 0.809316865625 0.6629851875 0.82119026875 0.6658733125 0.831459159375
0 0.72074769375 0.769204015625 0.71497144375 0.77658478125 0.7101579 0.789099990625 0.7082324843750001 0.80225700625 0.7059861656249999 0.822152978125 0.707269775 0.8404444375000001 0.710478803125 0.85841499375 0.717538665625 0.8715720093750001 0.728449359375 0.8805572875 0.73871825 0.8805572875 0.7512334593750001 0.8734974281250001 0.755405196875 0.8600195093749999 0.756367903125 0.8410862437500001 0.7573306125 0.8247202 0.75668880625 0.8054660312499999 0.7521961687500001 0.7919881156249999 0.7448154031249999 0.778510196875 0.733262903125 0.7708085312499999 0.72074769375 0.769204015625
0 0.702456234375 0.743531790625 0.695396371875 0.75508429375 0.69347095625 0.768562209375 0.694754565625 0.78524915625 0.7021353312499999 0.80386151875 0.7130460249999999 0.8173394375 0.724919428125 0.8295337437500001 0.739680959375 0.833063675 0.749949846875 0.8279292281249999 0.754763390625 0.812204990625 0.7544424875 0.7935926281250001 0.753479778125 0.783323740625 0.746099015625 0.767599503125 0.7342256093749999 0.75027075 0.7217104 0.7428899875 0.713366928125 0.7371137375 0.702456234375 0.743531790625
0 0.675 0.840625 0.690625 0.840625 0.7 0.8375 0.703125 0.825 0.7125 0.771875 0.709375 0.7375 0.6875 0.728125 0.671875 0.728125 0.665625 0.73125 0.65625 0.74375 0.65625 0.803125 0.66875 0.834375 0.675 0.840625
0 0.604259975 0.736151028125 0.6026554625 0.7451363062499999 0.603939071875 0.76086054375 0.609715325 0.7736966562500001 0.620946921875 0.787495475 0.6331412281250001 0.79968978125 0.6511117843750001 0.81092138125 0.661701578125 0.8141304093749999 0.673895884375 0.8115631875 0.68159755 0.8016152 0.683202065625 0.790704503125 0.6828811625 0.778510196875 0.681918453125 0.765674084375 0.680313940625 0.759897834375 0.671649565625 0.7509125562500001 0.6437310218750001 0.7374346375 0.621588728125 0.7294120687500001 0.610357128125 0.729091165625 0.604259975 0.736151028125
0 0.667156925 0.689620121875 0.6511117843750001 0.6867319968750001 0.6341039375 0.690261928125 0.623193240625 0.69924720625 0.616133378125 0.714650540625 0.6170960875 0.724598528125 0.6270440749999999 0.732621096875 0.6427683125 0.7400018625 0.66073886875 0.74385269375 0.68223935625 0.750591653125 0.6973217875 0.7518752656250001 0.7059861656249999 0.7486662374999999 0.7091951937500001 0.73518831875 0.7127251218749999 0.72652394375 0.70662796875 0.71368783125 0.69507546875 0.70085171875 0.682560259375 0.695717275 0.667156925 0.689620121875
0 0.567997959375 0.6527163 0.56767705625 0.666194215625 0.57184879375 0.6857692875 0.578908653125 0.706307065625 0.58757303125 0.7201058875 0.59784191875 0.73101658125 0.611640740625 0.73518831875 0.6225514343749999 0.7316583875 0.625118659375 0.7236358187499999 0.6264022687499999 0.7082324843750001 0.6273649781249999 0.689941025 0.62415595 0.6726122718750001 0.62062601875 0.6600970625 0.619663309375 0.649828175 0.60329726875 0.6369920625 0.588214834375 0.634745740625 0.575699628125 0.6414847 0.567997959375 0.6527163
0 0.621267825 0.65656713125 0.621267825 0.67357498125 0.6286485875000001 0.688336509375 0.64501463125 0.69635908125 0.675500396875 0.701493525 0.684806578125 0.69796359375 0.684806578125 0.686090190625 0.680313940625 0.674537690625 0.6703659531249999 0.661059771875 0.661059771875 0.6527163 0.65367900625 0.64501463125 0.6414847 0.6376338687499999 0.630894909375 0.63795476875 0.6228723375 0.64501463125 0.621267825 0.65656713125
0 0.53269865 0.624476853125 0.528526915625 0.634424840625 0.53045233125 0.6479027562499999 0.531415040625 0.6629851875 0.539437609375 0.677425815625 0.55195281875 0.69347095625 0.5631844187499999 0.703418940625 0.5728115 0.707590678125 0.582438584375 0.7079115812500001 0.58981935 0.702456234375 0.5939910875 0.689941025 0.595916503125 0.6764631062500001 0.59623740625 0.66779873125 0.597200115625 0.6591343562499999 0.58211768125 0.64212650625 0.561579903125 0.631536715625 0.548101984375 0.623835046875 0.53269865 0.624476853125
0 0.5689606687500001 0.578908653125 0.5541991375 0.57826685 0.544251153125 0.58211768125 0.53751219375 0.58981935 0.535907678125 0.60040914375 0.53622858125 0.61067803125 0.548101984375 0.624476853125 0.565751640625 0.6376338687499999 0.582438584375 0.64726095 0.603939071875 0.653358103125 0.617416990625 0.653037203125 0.624476853125 0.644051921875 0.6273649781249999 0.63217851875 0.6283276875 0.6183797 0.61773789375 0.6049017812499999 0.598804628125 0.592707475 0.58179678125 0.5834012937499999 0.5689606687500001 0.578908653125
0 0.5654307375000001 0.5846849062499999 0.5628635156249999 0.6055435874999999 0.56350531875 0.62415595 0.5683188625 0.63570845 0.577945946875 0.64341011875 0.595274696875 0.641163796875 0.6061853937499999 0.625439559375 0.6068271968750001 0.6074690031250001 0.6068271968750001 0.595274696875 0.6074690031250001 0.583080390625 0.5968792125 0.571527890625 0.587252128125 0.566393446875 0.5724906 0.57184879375 0.5654307375000001 0.5846849062499999
0 0.49900385625 0.595274696875 0.498682953125 0.610036225 0.5044592031249999 0.624476853125 0.515690803125 0.638275671875 0.527243303125 0.644051921875 0.5410421249999999 0.643089215625 0.55901268125 0.6334621312500001 0.56350531875 0.620305115625 0.5641471250000001 0.609715325 0.558370875 0.595274696875 0.544251153125 0.5846849062499999 0.5310941375 0.58051316875 0.5169744125 0.5792295562499999 0.502854690625 0.5834012937499999 0.49900385625 0.595274696875
0 0.545213859375 0.5365494843749999 0.5368703874999999 0.546497471875 0.5282060125 0.558691778125 0.524355178125 0.570886084375 0.523713371875 0.5792295562499999 0.52756420625 0.58917754375 0.538795803125 0.597200115625 0.555161846875 0.597200115625 0.55901268125 0.59495379375 0.57345330625 0.57826685 0.577304140625 0.5683188625 0.5792295562499999 0.56061719375 0.575378725 0.548101984375 0.5683188625 0.53911670625 0.556445459375 0.535265875 0.545213859375 0.5365494843749999
0 0.49375 0.59375 0.53125 0.565625 0.540625 0.534375 0.534375 0.503125 0.51875 0.490625 0.50625 0.490625 0.4875 0.51875 0.475 0.546875 0.471875 0.55625 0.475 0.578125 0.484375 0.590625 0.49375 0.59375
0 0.475 0.553125 0.48125 0.546875 0.509375 0.496875 0.509375 0.4875 0.503125 0.46875 0.49375 0.459375 0.484375 0.45625 0.475 0.459375 0.465625 0.465625 0.45 0.490625 0.44375 0.50625 0.440625 0.53125 0.446875 0.546875 0.46875 0.55625 0.475 0.553125
0 0.4375 0.496875 0.490625 0.453125 0.4875 0.440625 0.471875 0.428125 0.4625 0.425 0.45 0.43125 0.390625 0.46875 0.390625 0.48125 0.403125 0.5 0.4375 0.496875
0 0.396875 0.465625 0.4125 0.465625 0.459375 0.4375 0.465625 0.43125 0.465625 0.428125 0.446875 0.40625 0.375 0.440625 0.371875 0.44375 0.375 0.45 0.390625 0.4625 0.396875 0.465625
0 0.43125 0.41875 0.44375 0.40625 0.44375 0.396875 0.440625 0.384375 0.43125 0.371875 0.40625 0.371875 0.346875 0.403125 0.34375 0.41875 0.35625 0.434375 0.384375 0.4375 0.43125 0.41875
0 0.3875 0.390625 0.415625 0.365625 0.415625 0.35 0.409375 0.3375 0.4 0.33125 0.39375 0.33125 0.340625 0.353125 0.325 0.375 0.325 0.396875 0.35 0.40625 0.3875 0.390625
0 0.375 0.340625 0.3875 0.334375 0.39375 0.325 0.390625 0.30625 0.38125 0.2875 0.3625 0.26875 0.35625 0.26875 0.353125 0.271875 0.334375 0.321875 0.340625 0.33125 0.353125 0.340625 0.375 0.340625
0 0.315625 0.36875 0.33125 0.359375 0.35 0.34375 0.328125 0.31875 0.309375 0.321875 0.290625 0.340625 0.290625 0.35625 0.303125 0.36875 0.315625 0.36875
0 0.309375 0.3125 0.334375 0.3125 0.35 0.2875 0.35 0.259375 0.340625 0.234375 0.328125 0.221875 0.309375 0.24375 0.3 0.259375 0.29375 0.275 0.29375 0.29375 0.3 0.30625 0.309375 0.3125
0 0.28125 0.340625 0.2875 0.340625 0.303125 0.321875 0.303125 0.315625 0.2875 0.29375 0.278125 0.29375 0.2625 0.30625 0.259375 0.309375 0.259375 0.315625 0.265625 0.328125 0.28125 0.340625
0 0.265625 0.3 0.28125 0.290625 0.2875 0.26875 0.2875 0.253125 0.28125 0.246875 0.26875 0.24375 0.2625 0.246875 0.246875 0.2625 0.234375 0.278125 0.246875 0.296875 0.253125 0.3 0.265625 0.3
0 0.23125 0.271875 0.2375 0.271875 0.259375 0.253125 0.2625 0.246875 0.2625 0.2375 0.259375 0.234375 0.221875 0.228125 0.215625 0.228125 0.215625 0.253125 0.21875 0.259375 0.23125 0.271875
0 0.284375 0.24375 0.3 0.24375 0.309375 0.2375 0.315625 0.228125 0.31875 0.221875 0.31875 0.2125 0.3 0.175 0.284375 0.159375 0.28125 0.1625 0.265625 0.221875 0.271875 0.234375 0.278125 0.240625 0.284375 0.24375
0 0.25 0.23125 0.2625 0.225 0.271875 0.20625 0.278125 0.1625 0.278125 0.153125 0.271875 0.1375 0.2625 0.128125 0.25 0.125 0.215625 0.165625 0.2125 0.1875 0.2125 0.221875 0.215625 0.228125 0.25 0.23125
0 0.21875 0.178125 0.225 0.171875 0.246875 0.121875 0.24375 0.103125 0.2375 0.090625 0.23125 0.084375 0.221875 0.08125 0.2125 0.090625 0.184375 0.134375 0.171875 0.159375 0.184375 0.18125 0.2 0.1875 0.21875 0.178125
0 0.171875 0.128125 0.184375 0.128125 0.190625 0.125 0.196875 0.11875 0.203125 0.103125 0.203125 0.09375 0.196875 0.078125 0.165625 0.0375 0.15 0.028125 0.1375 0.03125 0.128125 0.040625 0.1375 0.09375 0.159375 0.121875 0.171875 0.128125
0 0.203125 0.0875 0.2125 0.084375 0.221875 0.075 0.221875 0.071875 0.209375 0.046875 0.19375 0.028125 0.1625 0.0125 0.14375 0.0125 0.15625 0.034375 0.2 0.084375 0.203125 0.0875
0 0.103125 0 0.096875 0.00625 0.09375 0.0125 0.09375 0.0375 0.1 0.071875 0.10625 0.084375 0.115625 0.09375 0.128125 0.096875 0.134375 0.090625 0.140625 0.075 0.146875 0.0125 0.1375 0 0.103125 0
0 0.165625 0.1625 0.175 0.1625 0.1875 0.1375 0.1375 0.096875 0.134375 0.096875 0.125 0.10625 0.140625 0.140625 0.159375 0.159375 0.165625 0.1625