0 0.465625 0.61875 0.471875 0.6125 0.475 0.603125 0.475 0.596875 0.465625 0.584375 0.415625 0.56875 0.4 0.571875 0.384375 0.584375 0.38125 0.6 0.3875 0.60625 0.453125 0.621875 0.465625 0.61875
0 0.434375 0.671875 0.453125 0.671875 0.4625 0.6625 0.46875 0.64375 0.4625 0.628125 0.453125 0.621875 0.421875 0.609375 0.40625 0.60625 0.390625 0.60625 0.3875 0.609375 0.384375 0.621875 0.384375 0.6375 0.39375 0.65 0.434375 0.671875
0 0.365625 0.696875 0.390625 0.709375 0.409375 0.709375 0.425 0.703125 0.43125 0.696875 0.4375 0.68125 0.434375 0.671875 0.421875 0.6625 0.409375 0.65625 0.3875 0.65 0.35625 0.65 0.35 0.653125 0.353125 0.678125 0.35625 0.6875 0.365625 0.696875
0 0.421875 0.65625 0.434375 0.64375 0.4375 0.6375 0.43125 0.61875 0.415625 0.609375 0.371875 0.60625 0.359375 0.6125 0.346875 0.628125 0.34375 0.6375 0.35625 0.64375 0.415625 0.65625 0.421875 0.65625
0 0.378125 0.703125 0.3875 0.703125 0.390625 0.7 0.390625 0.66875 0.38125 0.65625 0.365625 0.65 0.3375 0.65 0.325 0.65625 0.31875 0.6625 0.309375 0.68125 0.315625 0.69375 0.334375 0.7 0.378125 0.703125
0 0.36875 0.7375 0.375 0.734375 0.390625 0.71875 0.384375 0.70625 0.36875 0.7 0.35 0.696875 0.309375 0.696875 0.303125 0.7 0.3 0.70625 0.296875 0.715625 0.315625 0.734375 0.328125 0.740625 0.36875 0.7375
0 0.3 0.7625 0.325 0.775 0.35 0.78125 0.365625 0.76875 0.36875 0.7625 0.36875 0.75 0.35625 0.734375 0.29375 0.71875 0.2875 0.725 0.270625 0.7390625 0.275 0.7615624999999999 0.3 0.7625
0 0.309375 0.8125 0.33125 0.81875 0.3375 0.815625 0.35 0.8 0.35 0.784375 0.325 0.76875 0.290625 0.7625 0.278125 0.765625 0.2646875 0.7703125 0.2621875 0.7846875 0.27625 0.8028124999999999 0.309375 0.8125
0 0.1875 0.99375 0.21875 0.98125 0.228125 0.975 0.2375 0.965625 0.24375 0.953125 0.246875 0.9375 0.2525 0.9221875 0.24312499999999998 0.9103125000000001 0.2165625 0.9071875 0.185 0.9209375 0.153125 0.959375 0.15 0.965625 0.15 0.98125 0.165625 0.99375 0.1875 0.99375
0 0.209375 0.934375 0.25 0.934375 0.265625 0.928125 0.28125 0.9125 0.284375 0.90625 0.284375 0.89375 0.278125 0.8875 0.2625 0.88125 0.20625 0.884375 0.1990625 0.8859375 0.1921875 0.89125 0.183125 0.9125 0.19343749999999998 0.9296875 0.203125 0.93125 0.209375 0.934375
0 0.165625 0.953125 0.178125 0.95 0.184375 0.946875 0.196875 0.934375 0.21218750000000003 0.9159375000000001 0.22125 0.8921875 0.21593749999999998 0.8803124999999999 0.1996875 0.86875 0.18375 0.8706250000000001 0.16875 0.8875 0.153125 0.903125 0.146875 0.91875 0.14375 0.934375 0.146875 0.946875 0.15 0.95 0.165625 0.953125
0 0.20625 0.8875 0.225 0.884375 0.246875 0.884375 0.26875 0.878125 0.271875 0.853125 0.2625 0.846875 0.215625 0.834375 0.20625 0.834375 0.2 0.8375 0.196875 0.840625 0.1828125 0.8590625 0.1925 0.88125 0.20625 0.8875
0 0.284375 0.89375 0.296875 0.88125 0.30625 0.865625 0.30625 0.85 0.303125 0.846875 0.225 0.846875 0.21875 0.85625 0.215625 0.86875 0.228125 0.8875 0.246875 0.896875 0.284375 0.89375
0 0.315625 0.84375 0.328125 0.83125 0.3375 0.8125 0.33125 0.8 0.315625 0.7875 0.25875 0.8006249999999999 0.24375 0.8109375 0.234375 0.825 0.25 0.840625 0.275 0.846875 0.315625 0.84375
0 0.290625 0.846875 0.3 0.84375 0.30625 0.825 0.296875 0.809375 0.28125 0.796875 0.234375 0.79375 0.221875 0.8 0.215625 0.809375 0.209375 0.825 0.221875 0.840625 0.271875 0.846875 0.290625 0.846875
0 0.3 0.79375 0.3125 0.78125 0.315625 0.771875 0.315625 0.746875 0.30625 0.734375 0.284375 0.728125 0.275 0.73125 0.234375 0.778125 0.23125 0.79375 0.265625 0.796875 0.2875 0.796875 0.3 0.79375
0 0.434375 0.5421875 0.4225 0.5525 0.42000000000000004 0.5662499999999999 0.4246875 0.57625 0.44281249999999994 0.58 0.4571875 0.583125 0.4796875 0.585 0.49874999999999997 0.5846875 0.504375 0.5709375 0.504375 0.5596875 0.4996875 0.548125 0.4871875 0.5359375 0.46312499999999995 0.5349999999999999 0.44656250000000003 0.53625 0.434375 0.5421875
0 0.4815625 0.515 0.45843749999999994 0.5140625 0.446875 0.5225 0.433125 0.5396875 0.43843750000000004 0.55125 0.4496875 0.5615625 0.47000000000000003 0.5659375 0.5003124999999999 0.5678124999999999 0.516875 0.566875 0.5303125 0.556875 0.5337500000000001 0.5478125 0.5337500000000001 0.5403125 0.536875 0.5349999999999999 0.5246875 0.5271874999999999 0.5125 0.5225 0.4959375 0.516875 0.4815625 0.515
0 0.4803125 0.485 0.4721875 0.4971875 0.47375 0.51125 0.4871875 0.5237499999999999 0.5053124999999999 0.530625 0.529375 0.53 0.5490625 0.525625 0.571875 0.5131249999999999 0.5703125 0.50125 0.5662499999999999 0.49000000000000005 0.555625 0.4815625 0.5409375 0.47750000000000004 0.5125 0.47531249999999997 0.49375 0.4759375 0.4803125 0.485
0 0.448125 0.4984375 0.43968749999999995 0.510625 0.4409375 0.528125 0.45625 0.5349999999999999 0.484375 0.54 0.516875 0.5403125 0.5309375000000001 0.5325 0.5403125 0.5209374999999999 0.5371875 0.50875 0.534375 0.5003124999999999 0.505625 0.49375 0.47781250000000003 0.4921875 0.460625 0.4921875 0.448125 0.4984375
0 0.47562499999999996 0.4534375 0.4653125 0.4653125 0.4671875 0.47781250000000003 0.48187499999999994 0.49031250000000004 0.49906249999999996 0.49468750000000006 0.5190625 0.499375 0.5428124999999999 0.4996875 0.553125 0.4953125 0.5590625 0.48312499999999997 0.5515625 0.4659375 0.5515625 0.465625 0.548125 0.4559375 0.5287499999999999 0.45093750000000005 0.5071875 0.44718749999999996 0.4915625 0.44656250000000003 0.47562499999999996 0.4534375
0 0.5228125 0.40374999999999994 0.5153125000000001 0.4334375 0.51125 0.46687500000000004 0.516875 0.480625 0.531875 0.4878125 0.5640625 0.47062499999999996 0.5700000000000001 0.45875000000000005 0.5803125 0.42874999999999996 0.58125 0.41281249999999997 0.5818749999999999 0.405625 0.5784374999999999 0.3934375 0.565625 0.38687499999999997 0.5431250000000001 0.3884375 0.5228125 0.40374999999999994
0 0.495625 0.41624999999999995 0.4884375 0.43 0.491875 0.4415625 0.50625 0.4534375 0.533125 0.4575 0.5534375 0.4571875 0.5778125000000001 0.4453125 0.5790625 0.43187499999999995 0.579375 0.42000000000000004 0.559375 0.4090625 0.5246875 0.40406250000000005 0.5134375 0.40499999999999997 0.495625 0.41624999999999995
0 0.5721875 0.4059375 0.559375 0.4290625 0.55625 0.44718749999999996 0.5543750000000001 0.46875 0.558125 0.48218750000000005 0.5775 0.48187499999999994 0.590625 0.4721875 0.6034375 0.4575 0.6168750000000001 0.4375 0.6190625 0.4215625 0.6246875000000001 0.41624999999999995 0.6228125 0.4025 0.61125 0.3921875 0.5940624999999999 0.3934375 0.5721875 0.4059375
0 0.5181250000000001 0.385625 0.5178125 0.40093750000000006 0.536875 0.4134375 0.5578125 0.416875 0.584375 0.4134375 0.6046875 0.4 0.60875 0.3875 0.605 0.3728125 0.59875 0.365 0.5784374999999999 0.35875 0.5553125 0.3603125 0.5371875 0.36843750000000003 0.5181250000000001 0.385625
0 0.5846875 0.38093750000000004 0.5740624999999999 0.399375 0.5796875 0.41875 0.5953125 0.42718749999999994 0.6153125 0.42374999999999996 0.6328125 0.41500000000000004 0.6484375 0.401875 0.6590625 0.3884375 0.6637500000000001 0.3753125 0.6643749999999999 0.371875 0.6628125 0.35812499999999997 0.640625 0.3525 0.61375 0.35281250000000003 0.5962500000000001 0.3628125 0.5846875 0.38093750000000004
0 0.5596875 0.3309375 0.555625 0.3415625 0.545625 0.3625 0.5490625 0.379375 0.559375 0.39125 0.5825 0.39 0.6015625 0.3778125 0.615 0.355 0.614375 0.34125 0.6171875 0.33625 0.6040625000000001 0.3225 0.591875 0.31906249999999997 0.5728125000000001 0.32218749999999996 0.5596875 0.3309375
0 0.5996875 0.3109375 0.5871875 0.32999999999999996 0.5928125 0.3515625 0.621875 0.3628125 0.6525000000000001 0.361875 0.67125 0.3465625 0.6784375 0.33375 0.6828125 0.3228125 0.6646875 0.30343749999999997 0.6368750000000001 0.29625 0.6190625 0.29812500000000003 0.5996875 0.3109375
0 0.5965625 0.2828125 0.5862499999999999 0.2990625 0.5818749999999999 0.315625 0.5959375 0.3284375 0.6275000000000001 0.32625000000000004 0.645625 0.3175 0.6637500000000001 0.30125 0.6709375 0.2821875 0.6696875 0.2740625 0.6578125 0.25968749999999996 0.6425 0.2553125 0.6184375 0.2628125 0.5965625 0.2828125
0 0.624375 0.25187499999999996 0.6215625 0.27218749999999997 0.6240625 0.29093749999999996 0.6431250000000001 0.3003125 0.66875 0.29312499999999997 0.6815625 0.26875 0.6875 0.24625 0.689375 0.2346875 0.68125 0.21749999999999997 0.6675 0.213125 0.6540625 0.2190625 0.6340625 0.23531249999999998 0.624375 0.25187499999999996
0 0.663125 0.284375 0.6643749999999999 0.30843750000000003 0.67375 0.32218749999999996 0.6921875 0.3203125 0.7078125 0.3090625 0.7240624999999999 0.2953125 0.7378125 0.27531249999999996 0.7421875 0.25968749999999996 0.7434375 0.24125000000000002 0.7334375 0.2284375 0.725625 0.2290625 0.7009375 0.234375 0.685625 0.24500000000000002 0.6703125 0.2646875 0.663125 0.284375
0 0.68125 0.17281249999999998 0.6634375 0.19437500000000002 0.6596875 0.21593749999999998 0.6628125 0.2390625 0.6753125 0.2453125 0.694375 0.2459375 0.7125 0.2325 0.724375 0.21031249999999999 0.7384375000000001 0.1896875 0.744375 0.1721875 0.744375 0.15687500000000001 0.7346874999999999 0.1471875 0.7209375 0.14781249999999999 0.7025 0.15718749999999998 0.68125 0.17281249999999998
0 0.6578125 0.23093750000000002 0.661875 0.246875 0.67375 0.2528125 0.705 0.2503125 0.718125 0.24375 0.739375 0.2265625 0.7462500000000001 0.2078125 0.7465625 0.1928125 0.7421875 0.17906249999999999 0.7259375 0.178125 0.6925 0.19343749999999998 0.6765625 0.209375 0.6578125 0.23093750000000002
0 0.7028125000000001 0.1915625 0.6953125 0.2090625 0.69625 0.22781250000000003 0.7006249999999999 0.240625 0.713125 0.2453125 0.73375 0.2384375 0.7446875000000001 0.216875 0.76 0.1965625 0.76375 0.1753125 0.76375 0.166875 0.755 0.1565625 0.7453125 0.14937499999999998 0.7303124999999999 0.16 0.7146874999999999 0.1746875 0.7028125000000001 0.1915625