0 0.18375 0.914375 0.173125 0.9146875 0.16375 0.91875 0.1584375 0.9268750000000001 0.1584375 0.93875 0.1596875 0.9525 0.1665625 0.9684375 0.17250000000000001 0.983125 0.18375 0.9928125 0.1846875 0.9928125 0.196875 0.9978125 0.2109375 0.994375 0.21968749999999998 0.9800000000000001 0.21625 0.96125 0.2134375 0.9478125000000001 0.20968749999999997 0.9324999999999999 0.20125 0.9234375 0.1925 0.9159375000000001 0.18375 0.914375
0 0.19875 0.9215625 0.1975 0.9371875 0.1996875 0.95 0.210625 0.9609375 0.22718750000000001 0.96125 0.2421875 0.9534375 0.2478125 0.9384375 0.2634375 0.9025000000000001 0.2634375 0.88375 0.255625 0.8696875000000001 0.24312499999999998 0.8643750000000001 0.22749999999999998 0.8703125 0.2165625 0.8803124999999999 0.206875 0.9009375000000001 0.19875 0.9215625
0 0.1640625 0.874375 0.1603125 0.8934374999999999 0.160625 0.9121874999999999 0.1653125 0.9262499999999999 0.176875 0.9356249999999999 0.19468749999999999 0.9349999999999999 0.2071875 0.9256249999999999 0.215625 0.9087500000000001 0.22125 0.8828125 0.220625 0.8678125 0.21625 0.85875 0.200625 0.8490624999999999 0.18375 0.849375 0.1721875 0.859375 0.1640625 0.874375
0 0.1828125 0.81375 0.17875000000000002 0.8412499999999999 0.18062499999999998 0.8643750000000001 0.18656250000000002 0.880625 0.20187499999999997 0.89125 0.2190625 0.8940625000000001 0.22999999999999998 0.8878125000000001 0.234375 0.8759375 0.234375 0.858125 0.2328125 0.844375 0.22625 0.8334374999999999 0.21781250000000002 0.8128125 0.2084375 0.805625 0.19468749999999999 0.80625 0.1828125 0.81375
0 0.22374999999999998 0.7896875 0.2128125 0.7975 0.210625 0.8109375 0.21375000000000002 0.8306250000000001 0.22374999999999998 0.85125 0.23562500000000003 0.868125 0.24937499999999999 0.8796875 0.265 0.880625 0.27218749999999997 0.871875 0.27375 0.85875 0.27375 0.8425 0.27375 0.8371875 0.2725 0.8278125 0.2603125 0.804375 0.24906250000000002 0.7909375 0.2365625 0.7875 0.22374999999999998 0.7896875
0 0.260625 0.7525000000000001 0.2515625 0.77 0.24656250000000002 0.7940625 0.24906250000000002 0.8128125 0.25906250000000003 0.8328125 0.274375 0.836875 0.288125 0.8318749999999999 0.2990625 0.8134375 0.3021875 0.795625 0.3053125 0.7775000000000001 0.2984375 0.7590625 0.28625 0.7474999999999999 0.276875 0.745625 0.260625 0.7525000000000001
0 0.2140625 0.8087500000000001 0.21593749999999998 0.8231249999999999 0.22781250000000003 0.8328125 0.2453125 0.8324999999999999 0.25968749999999996 0.8203125 0.26625 0.8012499999999999 0.26687500000000003 0.7759375000000001 0.2665625 0.755625 0.26375000000000004 0.7465625 0.25125000000000003 0.7478125 0.2375 0.755625 0.22125 0.7759375000000001 0.21531250000000002 0.7921875 0.2140625 0.8087500000000001
0 0.2171875 0.73375 0.2109375 0.7521875 0.21218750000000003 0.7671875 0.2165625 0.7821875 0.22937500000000002 0.7925 0.24375 0.7903125 0.26375000000000004 0.7734375 0.26625 0.75 0.26625 0.7262500000000001 0.2609375 0.716875 0.25656249999999997 0.7106250000000001 0.24500000000000002 0.7034374999999999 0.234375 0.7053125 0.224375 0.7153125 0.2171875 0.73375
0 0.250625 0.6965625 0.24937499999999999 0.7159375 0.25875 0.73625 0.274375 0.7590625 0.28781249999999997 0.7690625 0.301875 0.7709374999999999 0.31875 0.7634375 0.323125 0.7540625000000001 0.32 0.7365625 0.3134375 0.7224999999999999 0.30281250000000004 0.7096875 0.28500000000000003 0.6940625 0.2703125 0.685625 0.25656249999999997 0.6865625 0.250625 0.6965625
0 0.2815625 0.6546875 0.26937500000000003 0.66125 0.2690625 0.676875 0.2740625 0.6921875 0.2846875 0.7134375000000001 0.30375 0.723125 0.32375 0.7259375 0.33375 0.720625 0.3409375 0.7075 0.33968750000000003 0.6950000000000001 0.3384375 0.6837500000000001 0.325 0.6703125 0.3046875 0.6565624999999999 0.2946875 0.6537499999999999 0.2815625 0.6546875
0 0.256875 0.6346875 0.24093749999999997 0.6528125 0.23718750000000002 0.67 0.2365625 0.6884375 0.2421875 0.705 0.259375 0.708125 0.2784375 0.7 0.28625 0.6828125 0.2971875 0.6625 0.2971875 0.6578125 0.30062500000000003 0.64625 0.2984375 0.6265625 0.284375 0.6184375 0.26937500000000003 0.6209374999999999 0.256875 0.6346875
0 0.2628125 0.6209374999999999 0.27875 0.625625 0.2959375 0.6174999999999999 0.31375000000000003 0.6068749999999999 0.32156250000000003 0.5896874999999999 0.33625 0.56875 0.33375 0.5493750000000001 0.32 0.5446875 0.30843750000000003 0.5446875 0.29375 0.5506249999999999 0.27531249999999996 0.5671875 0.2584375 0.5856250000000001 0.25593750000000004 0.6028125 0.2628125 0.6209374999999999
0 0.2821875 0.6174999999999999 0.2840625 0.6378125 0.29812500000000003 0.6496875 0.325625 0.6515625 0.340625 0.64 0.3490625 0.62375 0.3584375 0.6028125 0.35875 0.5875 0.35343749999999996 0.5759375 0.335625 0.5690625 0.31124999999999997 0.5753125 0.294375 0.5940624999999999 0.2821875 0.6174999999999999
0 0.333125 0.4965625 0.32375 0.5171875 0.3253125 0.5387500000000001 0.335 0.556875 0.353125 0.5684375 0.3671875 0.5662499999999999 0.3721875 0.54875 0.3759375 0.5303125 0.3746875 0.50875 0.37 0.48687500000000006 0.3603125 0.478125 0.34500000000000003 0.48312499999999997 0.333125 0.4965625
0 0.35343749999999996 0.46875 0.349375 0.4971875 0.359375 0.52 0.37625000000000003 0.5275000000000001 0.39375 0.5171875 0.40625 0.49749999999999994 0.4171875 0.47093749999999995 0.4203125 0.4528125 0.4203125 0.4340625 0.40531249999999996 0.42625 0.385625 0.4303125 0.3640625 0.44875 0.35343749999999996 0.46875
0 0.311875 0.445 0.3409375 0.4809375 0.3621875 0.495 0.38406250000000003 0.489375 0.395625 0.471875 0.39625 0.4534375 0.393125 0.43937499999999996 0.36062500000000003 0.41624999999999995 0.34375 0.410625 0.3234375 0.4221875 0.311875 0.445
0 0.396875 0.38375 0.39625 0.41156249999999994 0.40437500000000004 0.43062500000000004 0.41875 0.43656249999999996 0.43624999999999997 0.43062500000000004 0.453125 0.41 0.46375 0.381875 0.46656250000000005 0.366875 0.465 0.3590625 0.4490625 0.3428125 0.42437500000000006 0.3434375 0.409375 0.3571875 0.396875 0.38375
0 0.41156249999999994 0.33218749999999997 0.4015625 0.32218749999999996 0.381875 0.3246875 0.3784375 0.3415625 0.385 0.3578125 0.39375 0.37374999999999997 0.4134375 0.39875 0.433125 0.4065625 0.4415625 0.3953125 0.44343750000000004 0.3675 0.4390625 0.3615625 0.43156249999999996 0.350625 0.41156249999999994 0.33218749999999997
0 0.38406250000000003 0.36312500000000003 0.36625 0.3540625 0.3546875 0.36312500000000003 0.3603125 0.38656250000000003 0.3728125 0.41187500000000005 0.3828125 0.4265625 0.3934375 0.4375 0.410625 0.4503125 0.4221875 0.43937499999999996 0.42093749999999996 0.41218750000000004 0.41187500000000005 0.39 0.406875 0.38156249999999997 0.38406250000000003 0.36312500000000003
0 0.4609375 0.301875 0.464375 0.323125 0.478125 0.33187500000000003 0.4971875 0.3265625 0.5103125000000001 0.3146875 0.5184375 0.29375 0.5234375 0.2684375 0.51875 0.2496875 0.5090625 0.24156249999999999 0.501875 0.23875000000000002 0.48343749999999996 0.24562499999999998 0.4690625 0.26375000000000004 0.46312499999999995 0.2828125 0.4609375 0.301875
0 0.441875 0.2646875 0.4446875 0.280625 0.45906250000000004 0.288125 0.4840625 0.285625 0.5015625 0.275625 0.5184375 0.256875 0.5271874999999999 0.24093749999999997 0.5271874999999999 0.2225 0.5209374999999999 0.21125 0.5009375 0.209375 0.46749999999999997 0.221875 0.44875 0.24125000000000002 0.441875 0.2646875
0 0.45406250000000004 0.26749999999999996 0.4346875 0.27125 0.43093750000000003 0.2925 0.43375 0.3125 0.438125 0.335625 0.4490625 0.351875 0.46687500000000004 0.35562499999999997 0.48218750000000005 0.34750000000000003 0.488125 0.3315625 0.48624999999999996 0.31 0.4803125 0.2978125 0.47062499999999996 0.27468750000000003 0.45406250000000004 0.26749999999999996
0 0.45218749999999996 0.27 0.475 0.260625 0.48687500000000006 0.24874999999999997 0.49781250000000005 0.20812499999999998 0.49406249999999996 0.19593750000000001 0.4815625 0.18625 0.465 0.18625 0.45218749999999996 0.1940625 0.43937499999999996 0.2125 0.4328125 0.23937499999999998 0.43499999999999994 0.26156250000000003 0.45218749999999996 0.27