0 0.8834375 0.8859375 0.8724999999999999 0.8909375 0.865625 0.899375 0.8634375000000001 0.9125 0.8634375000000001 0.9265625 0.8659375 0.9409375000000001 0.875 0.9565625000000001 0.8865624999999999 0.9706250000000001 0.8978125 0.9775 0.9115624999999999 0.9790625000000001 0.9243750000000001 0.975625 0.9315625000000001 0.9659375000000001 0.931875 0.9540625 0.928125 0.9375 0.9140625 0.9081250000000001 0.905 0.8931250000000001 0.8921875 0.885 0.8834375 0.8859375
0 0.8256249999999999 0.884375 0.8115625 0.9071875 0.8090624999999999 0.9225 0.8084374999999999 0.9371875 0.8128125 0.9509375 0.8225 0.9609375 0.8440625 0.9634375000000001 0.85375 0.9609375 0.8625 0.9515625 0.866875 0.9371875 0.8712500000000001 0.9175000000000001 0.8712500000000001 0.8990625 0.8678125 0.884375 0.866875 0.8699999999999999 0.860625 0.85875 0.85 0.8571875 0.83625 0.86875 0.8256249999999999 0.884375
0 0.865 0.8646874999999999 0.8578125 0.8778124999999999 0.8515625 0.89375 0.8478125000000001 0.9115624999999999 0.8459375 0.9321875000000001 0.8474999999999999 0.9478125000000001 0.8543749999999999 0.96125 0.869375 0.965625 0.8790625000000001 0.9637499999999999 0.8871874999999999 0.9521875 0.8928125 0.9346875000000001 0.8965624999999999 0.9125 0.896875 0.9015625 0.8975 0.8940625000000001 0.89375 0.8784375000000001 0.8856249999999999 0.866875 0.8753125 0.8625 0.865 0.8646874999999999
0 0.8525 0.818125 0.8459375 0.8175000000000001 0.83625 0.8196875 0.8290625 0.8271875 0.8231249999999999 0.8387499999999999 0.8168749999999999 0.8521875 0.813125 0.8665625 0.8106249999999999 0.878125 0.8084374999999999 0.8940625000000001 0.8090624999999999 0.9078125 0.81375 0.91875 0.826875 0.9228125 0.840625 0.9228125 0.8543749999999999 0.9184374999999999 0.8659375 0.9028124999999999 0.8715624999999999 0.8631249999999999 0.8684375 0.840625 0.8637499999999999 0.8265625 0.8584375 0.820625 0.8525 0.818125
0 0.8034375 0.7684375 0.7946875 0.7778125 0.7896875 0.7893749999999999 0.783125 0.8053125 0.7784375 0.8225 0.7765625 0.838125 0.776875 0.8540625000000001 0.7803125 0.86625 0.7940625 0.8746875 0.80375 0.87625 0.8162499999999999 0.8728125 0.8256249999999999 0.8615625 0.8328125 0.845 0.8334374999999999 0.8306250000000001 0.836875 0.811875 0.8365625 0.7934375 0.829375 0.7775000000000001 0.8215625 0.7684375 0.8125 0.76375 0.8034375 0.7684375
0 0.7603125000000001 0.8215625 0.75 0.82875 0.7434375 0.8412499999999999 0.744375 0.8568749999999999 0.74875 0.8690625000000001 0.759375 0.8862500000000001 0.7740625 0.9012499999999999 0.7890625 0.913125 0.803125 0.9168749999999999 0.8143750000000001 0.9103125000000001 0.818125 0.8953125 0.818125 0.8800000000000001 0.8165625000000001 0.8721875000000001 0.8109375 0.8659375 0.803125 0.8459375 0.7890625 0.8259375 0.776875 0.8215625 0.7603125000000001 0.8215625
0 0.7675 0.73875 0.7603125000000001 0.740625 0.7546875 0.7453125 0.748125 0.7546875 0.743125 0.76625 0.7418750000000001 0.7803125 0.7403125 0.7965625000000001 0.7418750000000001 0.8143750000000001 0.7428125 0.8271875 0.74375 0.836875 0.7484375 0.8453125 0.75625 0.8546875 0.7615624999999999 0.8556250000000001 0.7709374999999999 0.8543749999999999 0.78 0.85 0.7871875 0.8409375000000001 0.7896875 0.8278125 0.79125 0.8106249999999999 0.7921875 0.79125 0.79375 0.7759375000000001 0.7978125 0.7659374999999999 0.7940625 0.7525000000000001 0.7849999999999999 0.743125 0.775 0.739375 0.7675 0.73875
0 0.766875 0.7224999999999999 0.7590625 0.73875 0.7553124999999999 0.755 0.751875 0.7771874999999999 0.751875 0.7940625 0.7565625 0.805625 0.7681250000000001 0.81125 0.7840625 0.8084374999999999 0.7984375 0.7946875 0.8053125 0.778125 0.80625 0.7618750000000001 0.806875 0.7534375 0.8025 0.7384375000000001 0.79875 0.7265625 0.7871875 0.7165625 0.776875 0.716875 0.766875 0.7224999999999999
0 0.7109375 0.7446875000000001 0.7015625 0.756875 0.6990624999999999 0.775625 0.7034374999999999 0.79375 0.7150000000000001 0.8115625 0.7262500000000001 0.8243750000000001 0.739375 0.8300000000000001 0.759375 0.8221875000000001 0.7621875 0.8087500000000001 0.7634375 0.78625 0.7615624999999999 0.7678125 0.7553124999999999 0.755 0.748125 0.7428125 0.7346874999999999 0.74 0.7221875 0.739375 0.7109375 0.7446875000000001
0 0.7315625 0.7015625 0.7228125000000001 0.72375 0.71875 0.746875 0.723125 0.7659374999999999 0.73375 0.7740625 0.7484375 0.7693749999999999 0.760625 0.755625 0.7731250000000001 0.7353125 0.7765625 0.71875 0.7796875 0.704375 0.774375 0.6859375 0.76375 0.6809375 0.755 0.6803125 0.7409375 0.6875 0.7315625 0.7015625
0 0.693125 0.6921875 0.684375 0.705 0.6790625 0.7221875 0.6784375 0.73875 0.6793750000000001 0.7537499999999999 0.6849999999999999 0.7631249999999999 0.6950000000000001 0.7681250000000001 0.7090625 0.76625 0.718125 0.760625 0.7240624999999999 0.748125 0.728125 0.7353125 0.7321875 0.7196875 0.734375 0.709375 0.7378125 0.69875 0.73 0.6849999999999999 0.7165625 0.67875 0.7040625 0.6815625 0.693125 0.6921875
0 0.7056250000000001 0.6428125 0.7003125 0.6571875 0.69875 0.678125 0.6990624999999999 0.7015625 0.708125 0.7140625 0.7203125 0.72 0.7318749999999999 0.7171875 0.745 0.7046875 0.7515625 0.6940625 0.751875 0.6799999999999999 0.7525000000000001 0.6721874999999999 0.7478125 0.6525000000000001 0.7378125 0.6384375 0.72875 0.6325000000000001 0.7178125 0.6321875 0.7056250000000001 0.6428125
0 0.6721874999999999 0.6421875 0.6621875 0.656875 0.6521874999999999 0.6765625 0.646875 0.6925 0.6490625 0.7071875000000001 0.656875 0.7178125 0.670625 0.7221875 0.683125 0.718125 0.69625 0.7071875000000001 0.7068749999999999 0.6903125 0.7134375000000001 0.6743750000000001 0.7165625 0.6575 0.718125 0.6465625 0.7190624999999999 0.6368750000000001 0.7106250000000001 0.63 0.69875 0.629375 0.686875 0.6334375 0.6721874999999999 0.6421875
0 0.65125 0.6053124999999999 0.63625 0.6134375000000001 0.625625 0.626875 0.6215625 0.6425 0.63 0.6546875 0.64625 0.6599999999999999 0.6646875 0.6584375 0.6865625 0.6534375 0.7034374999999999 0.6487499999999999 0.7171875 0.639375 0.7212500000000001 0.6284375 0.720625 0.6159375 0.718125 0.61125 0.7121875 0.6015625 0.698125 0.599375 0.684375 0.599375 0.6678124999999999 0.6012500000000001 0.65125 0.6053124999999999
0 0.6675 0.609375 0.6599999999999999 0.6068749999999999 0.6490625 0.610625 0.6390625 0.62 0.63 0.6321875 0.6265625 0.645625 0.6253124999999999 0.6625 0.626875 0.6740625 0.6309375 0.6871875000000001 0.63875 0.6946875 0.65 0.6928124999999999 0.661875 0.678125 0.6725 0.6621875 0.6828125 0.639375 0.6753125 0.63125 0.6734375 0.61875 0.6675 0.609375
0 0.596875 0.5990624999999999 0.5903125 0.614375 0.5925 0.6259375 0.6040625000000001 0.6331249999999999 0.618125 0.631875 0.6384375 0.6271875 0.65625 0.6209374999999999 0.6728125 0.6078125 0.6834374999999999 0.594375 0.6865625 0.5834374999999999 0.684375 0.5721875 0.6784375 0.568125 0.6643749999999999 0.5650000000000001 0.6465625 0.5665625000000001 0.63125 0.571875 0.6090625000000001 0.5846875 0.596875 0.5990624999999999
0 0.58125 0.5128125 0.5675 0.5203125 0.5634375 0.5340625 0.5646875 0.5534375 0.57125 0.5709375 0.5784374999999999 0.585 0.5875 0.5984375 0.6015625 0.6015625 0.61375 0.598125 0.621875 0.5890625 0.62375 0.5771875 0.624375 0.5690625 0.62625 0.5571875000000001 0.6196875000000001 0.5403125 0.609375 0.5234375 0.5990624999999999 0.5153125000000001 0.58125 0.5128125
0 0.5940624999999999 0.5118750000000001 0.5915625 0.5346875 0.5946875 0.5634375 0.610625 0.5815625 0.62625 0.589375 0.63875 0.57875 0.650625 0.5628124999999999 0.653125 0.5484375 0.6534375 0.52125 0.6515625 0.50875 0.646875 0.5034375 0.6315625 0.49031250000000004 0.6196875000000001 0.488125 0.6075 0.491875 0.5940624999999999 0.5118750000000001
0 0.578125 0.5025000000000001 0.5884375000000001 0.51875 0.6059375 0.528125 0.619375 0.521875 0.6287499999999999 0.5025000000000001 0.6287499999999999 0.48343749999999996 0.6259375 0.46125 0.6196875000000001 0.4496875 0.61625 0.44437499999999996 0.6090625000000001 0.43875000000000003 0.57875 0.4421875 0.5715625 0.46375 0.5725 0.4828125 0.578125 0.5025000000000001
0 0.57438044375 0.458642478125 0.556527246875 0.44140490625 0.5429834437500001 0.43832676875 0.53128651875 0.45679559375 0.513433321875 0.483267575 0.5140489500000001 0.50912393125 0.536211540625 0.5245146187499999 0.560836640625 0.50912393125 0.576842953125 0.49373324375000005 0.5774585812499999 0.47834255625 0.57438044375 0.458642478125
0 0.5240625 0.4809375 0.526875 0.5021875 0.538125 0.5231250000000001 0.5549999999999999 0.5334375 0.57125 0.531875 0.5796875 0.51625 0.5815625 0.495 0.5825 0.47000000000000003 0.5803125 0.4490625 0.5746875 0.440625 0.5740624999999999 0.43968749999999995 0.5475 0.43968749999999995 0.5315624999999999 0.44406249999999997 0.5237499999999999 0.45562500000000006 0.5240625 0.4809375
0 0.48312499999999997 0.456875 0.49343750000000003 0.47562499999999996 0.5075000000000001 0.48968749999999994 0.5234375 0.49124999999999996 0.535625 0.47625 0.5359375 0.45406250000000004 0.529375 0.4325 0.524375 0.425625 0.51 0.4171875 0.49375 0.4175 0.48375 0.428125 0.480625 0.4425 0.48312499999999997 0.456875
0 0.5103125000000001 0.3559375 0.5009375 0.3621875 0.49437499999999995 0.3753125 0.49343750000000003 0.39375 0.49812500000000004 0.409375 0.5059375 0.425 0.5196875000000001 0.43624999999999997 0.5337500000000001 0.44000000000000006 0.5490625 0.43656249999999996 0.5559375 0.4221875 0.556875 0.40437500000000004 0.5509375000000001 0.38687499999999997 0.5446875 0.375 0.5328125 0.3609375 0.5221875 0.3559375 0.5103125000000001 0.3559375
0 0.465 0.3375 0.4571875 0.3546875 0.4565625 0.3775 0.4609375 0.4034375 0.4640625 0.414375 0.47625 0.42281250000000004 0.48968749999999994 0.42437500000000006 0.50125 0.4134375 0.5025000000000001 0.39468749999999997 0.504375 0.37374999999999997 0.5046875 0.35625 0.5059375 0.34562499999999996 0.499375 0.335625 0.4878125 0.328125 0.478125 0.32875 0.465 0.3375
0 0.5146875 0.40093750000000006 0.51 0.418125 0.520625 0.43875000000000003 0.5340625 0.45499999999999996 0.553125 0.4603125 0.5759375 0.4571875 0.579375 0.44312500000000005 0.573125 0.4296875 0.5696875 0.42093749999999996 0.556875 0.4065625 0.54375 0.39437500000000003 0.5296875 0.393125 0.5146875 0.40093750000000006
0 0.41593749999999996 0.36 0.41593749999999996 0.37906249999999997 0.42093749999999996 0.401875 0.4334375 0.42000000000000004 0.44437499999999996 0.428125 0.4565625 0.4296875 0.46687500000000004 0.41937499999999994 0.4671875 0.399375 0.4653125 0.38 0.4640625 0.36312500000000003 0.46281249999999996 0.35031249999999997 0.45999999999999996 0.3421875 0.44749999999999995 0.334375 0.43125 0.3334375 0.4221875 0.3428125 0.41593749999999996 0.36
0 0.3853125 0.3559375 0.3959375 0.3734375 0.4140625 0.383125 0.43062500000000004 0.388125 0.445625 0.388125 0.4615625 0.37906249999999997 0.46375 0.3628125 0.460625 0.34562499999999996 0.445 0.3275 0.43187499999999995 0.31843750000000004 0.42437500000000006 0.3128125 0.41281249999999997 0.308125 0.39375 0.3096875 0.38 0.31843750000000004 0.3771875 0.33968750000000003 0.3853125 0.3559375
0 0.4190625 0.255 0.4109375 0.2634375 0.4090625 0.27468750000000003 0.40843749999999995 0.2884375 0.41531250000000003 0.3021875 0.42374999999999996 0.31625000000000003 0.434375 0.3296875 0.4453125 0.3421875 0.45499999999999996 0.348125 0.4728125 0.348125 0.4846875 0.33999999999999997 0.4871875 0.3296875 0.4871875 0.3175 0.4625 0.273125 0.44656250000000003 0.2584375 0.43531250000000005 0.25375000000000003 0.4190625 0.255
0 0.3646875 0.1853125 0.349375 0.1925 0.344375 0.205625 0.3471875 0.2234375 0.356875 0.2396875 0.3721875 0.2525 0.38937499999999997 0.2609375 0.403125 0.2671875 0.41656250000000006 0.268125 0.4265625 0.2603125 0.42874999999999996 0.2503125 0.42843749999999997 0.24375 0.42874999999999996 0.22999999999999998 0.4171875 0.2128125 0.3953125 0.1990625 0.378125 0.18562499999999998 0.3646875 0.1853125
0 0.3890625 0.2240625 0.3778125 0.2325 0.3746875 0.248125 0.371875 0.27937500000000004 0.37374999999999997 0.29500000000000004 0.3771875 0.31062500000000004 0.384375 0.321875 0.39468749999999997 0.32999999999999996 0.40499999999999997 0.333125 0.41937499999999994 0.3275 0.4265625 0.31375000000000003 0.42718749999999994 0.2959375 0.42718749999999994 0.26937500000000003 0.42625 0.26 0.4215625 0.24375 0.4125 0.2325 0.4034375 0.2240625 0.3890625 0.2240625
0 0.31656249999999997 0.20656249999999998 0.30874999999999997 0.21593749999999998 0.3071875 0.22999999999999998 0.308125 0.24312499999999998 0.31625000000000003 0.2571875 0.32375 0.27125 0.3334375 0.2821875 0.3484375 0.28625 0.3615625 0.288125 0.3753125 0.2828125 0.3775 0.2671875 0.3759375 0.25125000000000003 0.3753125 0.2396875 0.36531250000000004 0.2240625 0.3590625 0.21437499999999998 0.34562499999999996 0.2053125 0.3309375 0.2046875 0.31656249999999997 0.20656249999999998
0 0.34249999999999997 0.23343750000000002 0.33718750000000003 0.244375 0.33718750000000003 0.26375000000000004 0.33781249999999996 0.27937500000000004 0.34187500000000004 0.2915625 0.3471875 0.3046875 0.35750000000000004 0.3134375 0.36531250000000004 0.319375 0.3746875 0.3209375 0.3853125 0.3203125 0.395625 0.3075 0.39625 0.2946875 0.396875 0.28375 0.3921875 0.2684375 0.385 0.2496875 0.37687499999999996 0.234375 0.3565625 0.22531249999999997 0.34249999999999997 0.23343750000000002
0 0.3115625 0.1625 0.305625 0.170625 0.305625 0.1840625 0.3128125 0.198125 0.325625 0.21375000000000002 0.336875 0.22593749999999999 0.3571875 0.23718750000000002 0.3753125 0.2384375 0.39187500000000003 0.23125 0.3921875 0.22218749999999998 0.39187500000000003 0.20625 0.38468749999999996 0.193125 0.3721875 0.1809375 0.349375 0.1609375 0.33625 0.1578125 0.3234375 0.1584375 0.3115625 0.1625
0 0.574996071875 0.48449883125 0.560836640625 0.47649567499999995 0.550370971875 0.4918863625 0.5448303250000001 0.513433321875 0.542367815625 0.533133403125 0.548524090625 0.54975534375 0.562683521875 0.5651460312500001 0.579305465625 0.55898975625 0.5823836 0.5429834437500001 0.5823836 0.515895834375 0.58361485625 0.516511459375 0.581152346875 0.5005051468749999 0.574996071875 0.48449883125