0 0.3053125 0.74375 0.2940625 0.75 0.2859375 0.75875 0.2809375 0.7740625 0.2740625 0.7896875 0.27156250000000004 0.8090624999999999 0.271875 0.8246874999999999 0.27718750000000003 0.8387499999999999 0.29375 0.8446875 0.3046875 0.844375 0.319375 0.8315625000000001 0.3275 0.8184374999999999 0.335 0.7971874999999999 0.33625 0.7796875 0.335625 0.7715625 0.33406250000000004 0.7584375 0.3290625 0.7509375 0.315 0.743125 0.3053125 0.74375
0 0.335 0.79375 0.32156250000000003 0.8090624999999999 0.31062500000000004 0.8265625 0.3121875 0.8428125 0.31906249999999997 0.8540625000000001 0.333125 0.8568749999999999 0.348125 0.8543749999999999 0.3596875 0.8487500000000001 0.3715625 0.8384375000000001 0.38406250000000003 0.8256249999999999 0.3896875 0.8090624999999999 0.390625 0.7953125 0.39375 0.784375 0.3825 0.778125 0.369375 0.7784375 0.35562499999999997 0.781875 0.335 0.79375
0 0.30281250000000004 0.7693749999999999 0.2978125 0.7903125 0.2975 0.8078125 0.3053125 0.82 0.319375 0.8240624999999999 0.335 0.8146875 0.348125 0.8009375000000001 0.3565625 0.7825 0.3621875 0.7621875 0.361875 0.7490625 0.35562499999999997 0.740625 0.3428125 0.739375 0.32375 0.7474999999999999 0.30281250000000004 0.7693749999999999
0 0.37 0.74 0.3559375 0.7490625 0.3465625 0.7615624999999999 0.34125 0.775625 0.34125 0.790625 0.350625 0.8053125 0.36843750000000003 0.80625 0.384375 0.8018750000000001 0.3940625 0.7940625 0.4028125 0.780625 0.410625 0.7659374999999999 0.415625 0.7596875 0.4190625 0.745625 0.4109375 0.7368750000000001 0.40031249999999996 0.7359375 0.384375 0.73625 0.37 0.74
0 0.33125 0.7284375 0.3225 0.7440625 0.3246875 0.7603125000000001 0.34187500000000004 0.7678125 0.36124999999999996 0.76625 0.38 0.75875 0.4 0.7415625 0.4103125 0.7321875 0.41875 0.7184375000000001 0.4134375 0.7015625 0.3953125 0.6996875 0.3753125 0.70125 0.349375 0.713125 0.33125 0.7284375
0 0.36 0.7028125000000001 0.353125 0.719375 0.35875 0.7418750000000001 0.37687499999999996 0.7471875 0.401875 0.74125 0.4190625 0.7334375 0.43093750000000003 0.7262500000000001 0.43843750000000004 0.7121875 0.4459375 0.6953125 0.44312500000000005 0.6859375 0.4296875 0.6815625 0.4146875 0.681875 0.3928125 0.68875 0.36 0.7028125000000001
0 0.335 0.66625 0.325 0.6771874999999999 0.3115625 0.6903125 0.304375 0.7068749999999999 0.3003125 0.72375 0.3025 0.7381249999999999 0.3153125 0.7446875000000001 0.3353125 0.74125 0.356875 0.7262500000000001 0.37 0.7103125 0.37875000000000003 0.6928124999999999 0.381875 0.67625 0.3778125 0.6634375 0.3675 0.6609375 0.3490625 0.6609375 0.335 0.66625
0 0.390625 0.6525000000000001 0.3803125 0.6634375 0.3784375 0.6784375 0.383125 0.690625 0.3975 0.6956249999999999 0.4184375 0.6950000000000001 0.44437499999999996 0.6878124999999999 0.4534375 0.681875 0.4625 0.6734375 0.46687500000000004 0.6599999999999999 0.4684375 0.6478125 0.46125 0.63875 0.44312500000000005 0.6371875 0.42406249999999995 0.64 0.405625 0.6446875000000001 0.390625 0.6525000000000001
0 0.41375 0.6028125 0.4015625 0.615625 0.3990625 0.6278125 0.41187500000000005 0.64125 0.43 0.6465625 0.4534375 0.6446875000000001 0.47468750000000004 0.635625 0.48312499999999997 0.6203125 0.4840625 0.6040625000000001 0.47125000000000006 0.5934375000000001 0.45406250000000004 0.5903125 0.4303125 0.593125 0.41375 0.6028125
0 0.37875000000000003 0.60375 0.364375 0.614375 0.3546875 0.6296875 0.34750000000000003 0.6471875 0.35562499999999997 0.6584375 0.3759375 0.6590625 0.4 0.65125 0.41 0.64125 0.4215625 0.629375 0.425625 0.62375 0.42406249999999995 0.615 0.42406249999999995 0.5996875 0.41312499999999996 0.5928125 0.39625 0.5946875 0.37875000000000003 0.60375
0 0.366875 0.6431250000000001 0.34968750000000004 0.6621875 0.34500000000000003 0.6756249999999999 0.34781249999999997 0.6878124999999999 0.3640625 0.693125 0.39875 0.6865625 0.42093749999999996 0.67125 0.425625 0.6571875 0.425 0.639375 0.42062499999999997 0.6275000000000001 0.4028125 0.626875 0.3825 0.63375 0.366875 0.6431250000000001
0 0.4034375 0.5446875 0.390625 0.5553125 0.374375 0.5753125 0.37 0.5909375 0.37093750000000003 0.603125 0.39125 0.60875 0.40843749999999995 0.6084375 0.426875 0.6009375 0.44437499999999996 0.586875 0.4503125 0.575 0.4528125 0.5684375 0.45531249999999995 0.5584374999999999 0.45093750000000005 0.5440625 0.440625 0.5353125000000001 0.42781250000000004 0.5365624999999999 0.4034375 0.5446875
0 0.4184375 0.5853125 0.426875 0.5965625 0.440625 0.60375 0.45875000000000005 0.6075 0.47437500000000005 0.6078125 0.48968749999999994 0.6009375 0.5003124999999999 0.590625 0.5040625000000001 0.5756249999999999 0.5 0.5662499999999999 0.496875 0.5599999999999999 0.48375 0.55375 0.445625 0.5578125 0.4290625 0.5628124999999999 0.4184375 0.5725 0.4184375 0.5853125
0 0.438125 0.5165625 0.4265625 0.52125 0.41593749999999996 0.5340625 0.4171875 0.5465625000000001 0.4334375 0.55625 0.46187500000000004 0.5634375 0.4915625 0.5659375 0.5075000000000001 0.5615625 0.5165625 0.5503125 0.5159374999999999 0.54 0.5096875 0.5284375 0.4953125 0.52 0.47437500000000005 0.516875 0.45562500000000006 0.5159374999999999 0.438125 0.5165625
0 0.453125 0.478125 0.44000000000000006 0.48531250000000004 0.43531250000000005 0.4971875 0.4484375 0.5125 0.485 0.528125 0.5159374999999999 0.5290625 0.5321875 0.5237499999999999 0.5384375 0.51 0.5384375 0.496875 0.534375 0.48343749999999996 0.515 0.47843749999999996 0.49000000000000005 0.47437500000000005 0.47375 0.47437500000000005 0.453125 0.478125
0 0.438125 0.489375 0.4234375 0.49625 0.41624999999999995 0.509375 0.418125 0.525 0.45125000000000004 0.538125 0.478125 0.540625 0.501875 0.53625 0.503125 0.5234375 0.5075000000000001 0.51375 0.4921875 0.5003124999999999 0.4771875 0.4915625 0.45906250000000004 0.4890625 0.438125 0.489375
0 0.46281249999999996 0.44125 0.44718749999999996 0.44406249999999997 0.4340625 0.4559375 0.4303125 0.4646875 0.436875 0.47843749999999996 0.458125 0.488125 0.4765625 0.4921875 0.5009375 0.4921875 0.525 0.490625 0.535625 0.47906250000000006 0.530625 0.4659375 0.5246875 0.45968749999999997 0.5065625 0.445625 0.500625 0.445 0.48 0.4421875 0.46281249999999996 0.44125
0 0.46656250000000005 0.4028125 0.46312499999999995 0.416875 0.4684375 0.4359375 0.49812500000000004 0.4609375 0.5196875000000001 0.46749999999999997 0.5387500000000001 0.464375 0.54375 0.45 0.541875 0.42843749999999997 0.5325 0.4171875 0.515 0.40875000000000006 0.4971875 0.40125 0.48250000000000004 0.40062499999999995 0.46656250000000005 0.4028125
0 0.4571875 0.4496875 0.45875000000000005 0.465625 0.464375 0.4690625 0.49124999999999996 0.47531249999999997 0.5134375 0.47843749999999996 0.533125 0.47874999999999995 0.5475 0.47375 0.5509375000000001 0.4575 0.5509375000000001 0.441875 0.5459375 0.43843750000000004 0.515625 0.42843749999999997 0.49406249999999996 0.42843749999999997 0.4703125 0.434375 0.4571875 0.4496875
0 0.48312499999999997 0.3821875 0.491875 0.40499999999999997 0.5096875 0.42406249999999995 0.5287499999999999 0.43375 0.5484375 0.4325 0.5587500000000001 0.41968750000000005 0.5578125 0.4015625 0.5546875 0.3871875 0.5496875 0.374375 0.5225 0.36062500000000003 0.5028125 0.36062500000000003 0.48968749999999994 0.3665625 0.48312499999999997 0.3821875
0 0.4953125 0.42062499999999997 0.5034375 0.4378125 0.53 0.4403125 0.54875 0.4375 0.5675 0.428125 0.5815625 0.41531250000000003 0.5900000000000001 0.3978125 0.5859375 0.38156249999999997 0.5734375 0.3740625 0.5653125 0.374375 0.5559375 0.3759375 0.5365624999999999 0.37906249999999997 0.515625 0.39187500000000003 0.5 0.4065625 0.4953125 0.42062499999999997
0 0.5371875 0.33406250000000004 0.525 0.3409375 0.5193749999999999 0.3525 0.52 0.36625 0.5349999999999999 0.3775 0.55375 0.3825 0.57625 0.3825 0.5928125 0.38125 0.60875 0.3753125 0.6184375 0.3609375 0.6196875000000001 0.3484375 0.6178125 0.339375 0.6075 0.3315625 0.590625 0.32875 0.57375 0.3284375 0.55375 0.32999999999999996 0.5371875 0.33406250000000004
0 0.5662499999999999 0.2890625 0.5490625 0.2971875 0.5453125 0.3128125 0.5509375000000001 0.33406250000000004 0.5653125 0.3421875 0.5984375 0.3434375 0.6196875000000001 0.3403125 0.63875 0.32999999999999996 0.6475 0.3203125 0.6478125 0.299375 0.6290625000000001 0.2896875 0.6056250000000001 0.285625 0.57875 0.285625 0.5662499999999999 0.2890625
0 0.5390625 0.2925 0.5240625 0.3015625 0.5159374999999999 0.318125 0.5165625 0.3353125 0.5321875 0.34750000000000003 0.5553125 0.348125 0.5834374999999999 0.3459375 0.6059375 0.3375 0.61875 0.32625000000000004 0.6215625 0.3146875 0.61875 0.305 0.6025 0.2915625 0.5740624999999999 0.29 0.5546875 0.289375 0.5390625 0.2925
0 0.5790625 0.24125000000000002 0.565625 0.24718749999999998 0.5546875 0.2578125 0.5428124999999999 0.273125 0.5425 0.2875 0.5549999999999999 0.29500000000000004 0.5743750000000001 0.2946875 0.595 0.29 0.615 0.2834375 0.6296875 0.27531249999999996 0.63875 0.265 0.6415625 0.25656249999999997 0.6403125000000001 0.24156249999999999 0.6284375 0.23718750000000002 0.604375 0.23718750000000002 0.5790625 0.24125000000000002
0 0.5815625 0.24874999999999997 0.5715625 0.2546875 0.5596875 0.26749999999999996 0.5590625 0.2803125 0.5640625 0.2896875 0.5778125000000001 0.2953125 0.588125 0.2978125 0.6234375 0.2975 0.6368750000000001 0.2959375 0.6515625 0.29 0.66125 0.27937500000000004 0.6628125 0.2578125 0.646875 0.25375000000000003 0.625 0.250625 0.6015625 0.24874999999999997 0.5815625 0.24874999999999997
0 0.5834374999999999 0.2184375 0.5753125 0.22749999999999998 0.5756249999999999 0.238125 0.594375 0.24656250000000002 0.61875 0.2509375 0.64125 0.2534375 0.6671875 0.253125 0.6793750000000001 0.246875 0.681875 0.23625 0.6796875 0.22781250000000003 0.675 0.2209375 0.6675 0.2184375 0.6428125 0.2171875 0.6134375000000001 0.2165625 0.5965625 0.21593749999999998 0.5834374999999999 0.2184375
0 0.67125 0.15718749999999998 0.663125 0.1528125 0.64375 0.1575 0.626875 0.1675 0.6068749999999999 0.184375 0.59375 0.2015625 0.5925 0.213125 0.5953125 0.22718750000000001 0.6059375 0.2296875 0.6278125 0.22781250000000003 0.6453125 0.21875 0.665625 0.20375000000000001 0.678125 0.1896875 0.678125 0.176875 0.6771874999999999 0.1665625 0.67125 0.15718749999999998
0 0.6228125 0.17281249999999998 0.60375 0.1875 0.59875 0.2028125 0.6078125 0.21968749999999998 0.6331249999999999 0.22875 0.6775 0.21625 0.7040625 0.196875 0.7059375 0.185 0.7021875 0.175 0.6846875 0.16593750000000002 0.66875 0.165625 0.64125 0.16625 0.6228125 0.17281249999999998
0 0.620625 0.13187500000000002 0.6134375000000001 0.138125 0.6068749999999999 0.15 0.6021875 0.1625 0.608125 0.17625 0.6209374999999999 0.1796875 0.6359375 0.1796875 0.6540625 0.1771875 0.6696875 0.17093750000000002 0.6828125 0.1625 0.68625 0.1496875 0.6853125 0.1384375 0.67625 0.1315625 0.665 0.12593749999999998 0.6537499999999999 0.1240625 0.6390625 0.1265625 0.620625 0.13187500000000002
0 0.6721874999999999 0.1390625 0.67 0.1521875 0.671875 0.1684375 0.6771874999999999 0.17875000000000002 0.6878124999999999 0.18625 0.701875 0.181875 0.71375 0.16999999999999998 0.723125 0.15625 0.725625 0.14125000000000001 0.7259375 0.12687500000000002 0.7228125000000001 0.11937500000000001 0.7153125 0.114375 0.7065625 0.11000000000000001 0.696875 0.10968750000000001 0.6834374999999999 0.1125 0.6778125 0.12250000000000001 0.6721874999999999 0.1390625
0 0.63875 0.0925 0.6328125 0.10375000000000001 0.62625 0.11656249999999999 0.6253124999999999 0.129375 0.6309375 0.141875 0.6365624999999999 0.14937499999999998 0.6481250000000001 0.1528125 0.656875 0.1528125 0.6696875 0.14656249999999998 0.6793750000000001 0.1390625 0.6875 0.125 0.6890625 0.10968750000000001 0.6878124999999999 0.0953125 0.681875 0.0809375 0.67125 0.07718749999999999 0.6596875 0.07875 0.6478125 0.0853125 0.63875 0.0925
0 0.67 0.0475 0.656875 0.06343750000000001 0.6528125 0.0796875 0.655 0.09718750000000001 0.66125 0.11374999999999999 0.6715625000000001 0.1271875 0.6849999999999999 0.13343750000000001 0.6984375 0.1325 0.7056250000000001 0.118125 0.7071875000000001 0.0990625 0.708125 0.0846875 0.708125 0.07625 0.7121875 0.0675 0.7034374999999999 0.0503125 0.6928124999999999 0.0421875 0.6784375 0.039375 0.67 0.0475
0 0.6828125 0.0984375 0.6912499999999999 0.114375 0.704375 0.1265625 0.7212500000000001 0.13218749999999999 0.739375 0.1340625 0.7428125 0.123125 0.745 0.104375 0.743125 0.08249999999999999 0.7375 0.065625 0.7268749999999999 0.0609375 0.696875 0.0571875 0.6884375 0.061875 0.6809375 0.08 0.6828125 0.0984375
0 0.7078125 0.0740625 0.70875 0.0921875 0.716875 0.1046875 0.7315625 0.10593749999999999 0.74875 0.09875 0.7634375 0.08562499999999999 0.7734375 0.0684375 0.774375 0.050937500000000004 0.7681250000000001 0.041875 0.75875 0.034687499999999996 0.7378125 0.0371875 0.7284375 0.04375 0.7146874999999999 0.0578125 0.7078125 0.0740625