0 0.803125 0.446875 0.809375 0.446875 0.825 0.43125 0.834375 0.4 0.834375 0.365625 0.83125 0.35 0.828125 0.34375 0.809375 0.328125 0.78125 0.340625 0.778125 0.36875 0.7875 0.425 0.79375 0.440625 0.803125 0.446875
0 0.7625 0.48125 0.784375 0.46875 0.79375 0.446875 0.790625 0.41875 0.778125 0.365625 0.7625 0.35625 0.753125 0.3625 0.7375 0.38125 0.734375 0.40625 0.740625 0.440625 0.753125 0.478125 0.7625 0.48125
0 0.709375 0.48125 0.71875 0.490625 0.734375 0.490625 0.746875 0.484375 0.75 0.4625 0.73125 0.39375 0.728125 0.390625 0.721875 0.390625 0.7 0.409375 0.696875 0.415625 0.696875 0.440625 0.7 0.459375 0.709375 0.48125
0 0.66875 0.509375 0.68125 0.521875 0.684375 0.521875 0.7 0.5125 0.709375 0.496875 0.709375 0.484375 0.69375 0.425 0.684375 0.425 0.678125 0.428125 0.659375 0.446875 0.65625 0.45625 0.65625 0.478125 0.659375 0.490625 0.66875 0.509375
0 0.646875 0.553125 0.675 0.553125 0.678125 0.55 0.678125 0.503125 0.671875 0.48125 0.6625 0.4625 0.659375 0.459375 0.646875 0.459375 0.628125 0.475 0.625 0.48125 0.625 0.515625 0.63125 0.5375 0.646875 0.553125
0 0.609375 0.5875 0.625 0.590625 0.634375 0.584375 0.640625 0.5625 0.640625 0.553125 0.621875 0.490625 0.61875 0.4875 0.60625 0.490625 0.596875 0.496875 0.590625 0.50625 0.5875 0.51875 0.590625 0.55 0.596875 0.56875 0.609375 0.5875
0 0.565625 0.60625 0.59375 0.615625 0.6 0.584375 0.584375 0.51875 0.58125 0.515625 0.575 0.515625 0.5625 0.521875 0.55625 0.528125 0.546875 0.54375 0.546875 0.55625 0.55625 0.59375 0.565625 0.60625
0 0.565625 0.65 0.584375 0.646875 0.59375 0.6375 0.596875 0.625 0.590625 0.615625 0.546875 0.590625 0.515625 0.596875 0.515625 0.6125 0.53125 0.628125 0.565625 0.65
0 0.55 0.596875 0.55 0.571875 0.546875 0.55 0.54375 0.546875 0.528125 0.55 0.50625 0.565625 0.503125 0.578125 0.51875 0.59375 0.528125 0.596875 0.55 0.596875
0 0.515625 0.68125 0.53125 0.68125 0.54375 0.678125 0.55625 0.671875 0.5625 0.665625 0.5625 0.653125 0.55625 0.646875 0.5125 0.61875 0.4875 0.61875 0.48125 0.628125 0.478125 0.646875 0.484375 0.6625 0.490625 0.66875 0.515625 0.68125
0 0.553125 0.6375 0.559375 0.6375 0.5625 0.615625 0.55 0.6 0.5 0.578125 0.4875 0.58125 0.475 0.590625 0.471875 0.596875 0.471875 0.60625 0.490625 0.615625 0.553125 0.6375
0 0.44312500000000005 0.6334375 0.4334375 0.641875 0.4296875 0.654375 0.42781250000000004 0.67625 0.42718749999999994 0.6990624999999999 0.4303125 0.7153125 0.43499999999999994 0.7284375 0.44625000000000004 0.7409375 0.45875000000000005 0.7390625 0.46968750000000004 0.72875 0.47375 0.7153125 0.47562499999999996 0.6990624999999999 0.4759375 0.686875 0.475 0.6759375000000001 0.4728125 0.6621875 0.46312499999999995 0.6446875000000001 0.453125 0.6328125 0.44312500000000005 0.6334375
0 0.484375 0.68125 0.48125 0.615625 0.475 0.609375 0.45625 0.609375 0.44375 0.61875 0.440625 0.634375 0.459375 0.66875 0.475 0.68125 0.484375 0.68125
0 0.409375 0.73125 0.41875 0.734375 0.434375 0.73125 0.44375 0.721875 0.446875 0.690625 0.44375 0.66875 0.43125 0.64375 0.428125 0.640625 0.4125 0.6375 0.396875 0.65 0.390625 0.6625 0.3875 0.6875 0.39375 0.715625 0.403125 0.728125 0.409375 0.73125
0 0.34187500000000004 0.71 0.3353125 0.72375 0.3421875 0.746875 0.3578125 0.7728125 0.37312500000000004 0.79125 0.3890625 0.796875 0.4015625 0.7946875 0.41125 0.784375 0.41312499999999996 0.7796875 0.41656250000000006 0.7696875000000001 0.409375 0.753125 0.39125 0.72875 0.3675 0.7150000000000001 0.34187500000000004 0.71
0 0.38125 0.765625 0.396875 0.76875 0.425 0.765625 0.43125 0.7625 0.446875 0.746875 0.446875 0.740625 0.440625 0.734375 0.4 0.715625 0.38125 0.715625 0.375 0.71875 0.36875 0.73125 0.36875 0.7375 0.371875 0.753125 0.38125 0.765625
0 0.3375 0.803125 0.340625 0.803125 0.371875 0.790625 0.36875 0.75625 0.359375 0.715625 0.34375 0.703125 0.334375 0.703125 0.328125 0.70625 0.315625 0.721875 0.3125 0.734375 0.3125 0.765625 0.328125 0.79375 0.3375 0.803125
0 0.309375 0.825 0.325 0.809375 0.325 0.8 0.315625 0.78125 0.303125 0.76875 0.29375 0.765625 0.278125 0.765625 0.26875 0.76875 0.24375 0.78125 0.23125 0.796875 0.228125 0.80625 0.23125 0.8125 0.29375 0.828125 0.309375 0.825
0 0.2875 0.875 0.296875 0.875 0.3125 0.86875 0.325 0.85625 0.325 0.840625 0.3125 0.828125 0.2625 0.815625 0.228125 0.815625 0.21875 0.825 0.21875 0.8375 0.234375 0.853125 0.2875 0.875
0 0.075 0.99375 0.0875 0.99375 0.10625 0.978125 0.128125 0.946875 0.13125 0.903125 0.125 0.9 0.1125 0.9 0.09375 0.909375 0.065625 0.9375 0.05625 0.953125 0.053125 0.9625 0.053125 0.975 0.05625 0.98125 0.075 0.99375
0 0.1359375 0.9081250000000001 0.1253125 0.920625 0.1234375 0.9315625000000001 0.12625 0.9421875 0.13625 0.9493750000000001 0.148125 0.9534375 0.16343749999999999 0.95625 0.179375 0.9571875000000001 0.198125 0.9571875000000001 0.2140625 0.9515625 0.22999999999999998 0.938125 0.23562500000000003 0.9262499999999999 0.23562500000000003 0.91875 0.23562500000000003 0.911875 0.20375000000000001 0.905 0.175 0.9037499999999999 0.14875 0.9046875 0.1359375 0.9081250000000001
0 0.16312500000000002 0.8496874999999999 0.15031250000000002 0.85875 0.13968750000000002 0.8712500000000001 0.13218749999999999 0.88375 0.13 0.898125 0.135 0.9103125000000001 0.1471875 0.9134375 0.16625 0.9106249999999999 0.18375 0.9037499999999999 0.19718750000000002 0.8940625000000001 0.2128125 0.880625 0.22374999999999998 0.869375 0.226875 0.85625 0.22718750000000001 0.8446875 0.2234375 0.8353125 0.21125 0.8346875 0.1915625 0.8359375 0.1775 0.8409375000000001 0.16312500000000002 0.8496874999999999
0 0.1925 0.8712500000000001 0.1771875 0.8809374999999999 0.16593750000000002 0.8925000000000001 0.1625 0.90625 0.1703125 0.9168749999999999 0.183125 0.92125 0.205625 0.9199999999999999 0.23156249999999998 0.9171875 0.256875 0.9128125 0.27375 0.9040625 0.2834375 0.8931250000000001 0.28781249999999997 0.8846875000000001 0.288125 0.875 0.2665625 0.865 0.2359375 0.8590625 0.2146875 0.8659375 0.1925 0.8712500000000001
0 0.303125 0.8034375 0.2959375 0.8196875 0.299375 0.8318749999999999 0.309375 0.8425 0.3290625 0.8484375 0.34249999999999997 0.8487500000000001 0.359375 0.838125 0.3621875 0.8275 0.3584375 0.8162499999999999 0.34375 0.80375 0.32937500000000003 0.798125 0.31375000000000003 0.7959375 0.303125 0.8034375
0 0.30625 0.7390625 0.2896875 0.746875 0.2896875 0.7625 0.2953125 0.7809375000000001 0.3134375 0.7978125 0.33406250000000004 0.809375 0.3521875 0.8171875 0.3728125 0.8099999999999999 0.3803125 0.8025 0.3821875 0.7959375 0.3775 0.786875 0.36124999999999996 0.7693749999999999 0.34249999999999997 0.7515625 0.32437499999999997 0.74 0.30625 0.7390625
0 0.356875 0.6871875000000001 0.350625 0.7 0.3525 0.7178125 0.36843750000000003 0.7271875 0.39249999999999996 0.7271875 0.41281249999999997 0.7262500000000001 0.43093750000000003 0.7221875 0.438125 0.70625 0.4390625 0.693125 0.43499999999999994 0.683125 0.4203125 0.6771874999999999 0.40125 0.6756249999999999 0.3734375 0.6771874999999999 0.356875 0.6871875000000001
0 0.6459374999999999 0.54125 0.63625 0.5534375 0.635 0.5678124999999999 0.6359375 0.5821875000000001 0.6459374999999999 0.5875 0.656875 0.5853125 0.6715625000000001 0.5743750000000001 0.6756249999999999 0.5565625 0.6746875 0.5490625 0.66625 0.5428124999999999 0.6459374999999999 0.54125
0 0.62 0.5553125 0.6018749999999999 0.5553125 0.5871875 0.5662499999999999 0.5884375000000001 0.5915625 0.590625 0.6084375 0.6018749999999999 0.62 0.6209374999999999 0.61 0.6334375 0.593125 0.6321875 0.583125 0.6309375 0.573125 0.62 0.5553125
0 0.7315625 0.465625 0.7165625 0.47000000000000003 0.7021875 0.47906250000000006 0.686875 0.49312500000000004 0.675 0.5115624999999999 0.6740625 0.5296875 0.676875 0.5425 0.684375 0.5515625 0.6971875 0.55 0.7128125 0.5409375 0.7309375 0.5278125 0.746875 0.5128125 0.751875 0.5003124999999999 0.7528125 0.4828125 0.746875 0.46968750000000004 0.7421875 0.4671875 0.7315625 0.465625
0 0.804375 0.390625 0.7953125 0.39656250000000004 0.76875 0.416875 0.7503124999999999 0.43093750000000003 0.7465625 0.45531249999999995 0.751875 0.47843749999999996 0.7653125000000001 0.48312499999999997 0.7821875 0.47781250000000003 0.7971874999999999 0.465625 0.8074999999999999 0.44781250000000006 0.8240624999999999 0.43 0.8196875 0.41156249999999994 0.8178124999999999 0.398125 0.804375 0.390625
0 0.8175000000000001 0.33187500000000003 0.8103125 0.350625 0.8081250000000001 0.37124999999999997 0.8153124999999999 0.39375 0.82 0.41312499999999996 0.828125 0.425 0.8425 0.42093749999999996 0.8521875 0.4090625 0.8574999999999999 0.390625 0.8584375 0.369375 0.85875 0.356875 0.8574999999999999 0.33999999999999997 0.8487500000000001 0.3284375 0.8378125000000001 0.3175 0.8271875 0.3196875 0.8175000000000001 0.33187500000000003
0 0.82875 0.3384375 0.829375 0.36312500000000003 0.8346875 0.38375 0.8453125 0.3896875 0.8574999999999999 0.3778125 0.8659375 0.3615625 0.8712500000000001 0.34375 0.8734375 0.32375 0.8728125 0.3103125 0.8709374999999999 0.306875 0.865 0.30062500000000003 0.8540625000000001 0.2975 0.838125 0.301875 0.8328125 0.3171875 0.82875 0.3384375