0 0.63375 0.6134375000000001 0.62375 0.621875 0.6209374999999999 0.6359375 0.628125 0.6521874999999999 0.641875 0.6634375 0.670625 0.6671875 0.7006249999999999 0.666875 0.7071875000000001 0.65625 0.708125 0.6475 0.7056250000000001 0.6396875 0.6940625 0.6287499999999999 0.680625 0.6184375 0.654375 0.61125 0.63375 0.6134375000000001
0 0.5853125 0.5884375000000001 0.5903125 0.6078125 0.6109375 0.6240625 0.645 0.63125 0.6643749999999999 0.628125 0.6690625 0.6159375 0.6681250000000001 0.6068749999999999 0.6571875 0.589375 0.6275000000000001 0.573125 0.6078125 0.571875 0.5909375 0.5778125000000001 0.5853125 0.5884375000000001
0 0.51375 0.5490625 0.5246875 0.569375 0.5415625000000001 0.5912499999999999 0.5578125 0.6068749999999999 0.5840625 0.6153125 0.5903125 0.5971875 0.5834374999999999 0.57375 0.5746875 0.5603125 0.5725 0.5496875 0.5549999999999999 0.5296875 0.540625 0.528125 0.5253125 0.530625 0.51375 0.5490625
0 0.445 0.50625 0.4503125 0.5253125 0.45999999999999996 0.54875 0.4984375 0.5609375 0.51875 0.5587500000000001 0.533125 0.5443749999999999 0.535625 0.5296875 0.5325 0.5165625 0.5059375 0.5075000000000001 0.47843749999999996 0.5028125 0.4575 0.50125 0.445 0.50625
0 0.2840625 0.4103125 0.2690625 0.3959375 0.2425 0.38125 0.22125 0.3803125 0.20249999999999999 0.398125 0.2034375 0.410625 0.2234375 0.429375 0.2403125 0.4453125 0.2634375 0.45562500000000006 0.2821875 0.4496875 0.290625 0.4415625 0.29093749999999996 0.4265625 0.2840625 0.4103125
0 0.21781250000000002 0.340625 0.22875 0.3728125 0.246875 0.39468749999999997 0.26125 0.41 0.2875 0.415625 0.2934375 0.3990625 0.29375 0.3696875 0.2884375 0.35531250000000003 0.2725 0.338125 0.26125 0.32437499999999997 0.2425 0.3171875 0.2203125 0.325625 0.21781250000000002 0.340625
0 0.2634375 0.41375 0.27156250000000004 0.44000000000000006 0.2875 0.45562500000000006 0.30656249999999996 0.4571875 0.325 0.44406249999999997 0.3303125 0.40812499999999996 0.328125 0.3953125 0.32 0.38093750000000004 0.3015625 0.365 0.2859375 0.365 0.26375000000000004 0.38375 0.2634375 0.41375
0 0.13 0.3109375 0.1325 0.3275 0.148125 0.34625 0.166875 0.365625 0.1878125 0.3740625 0.2078125 0.3734375 0.21937500000000001 0.3584375 0.2171875 0.33999999999999997 0.213125 0.33125 0.2028125 0.31656249999999997 0.175 0.30343749999999997 0.15625 0.2975 0.13999999999999999 0.2996875 0.13 0.3109375
0 0.1953125 0.3390625 0.1978125 0.36843750000000003 0.20593750000000002 0.38875000000000004 0.21875 0.399375 0.2403125 0.3896875 0.2503125 0.3675 0.25406249999999997 0.339375 0.2390625 0.3046875 0.2234375 0.2984375 0.2046875 0.3 0.195625 0.313125 0.1953125 0.3390625
0 0.11656249999999999 0.2453125 0.1109375 0.2665625 0.1134375 0.28531249999999997 0.1253125 0.30062500000000003 0.14875 0.30656249999999996 0.1640625 0.289375 0.166875 0.276875 0.165625 0.265625 0.1596875 0.2484375 0.14937499999999998 0.238125 0.13218749999999999 0.23500000000000001 0.11656249999999999 0.2453125
0 0.06593750000000001 0.22999999999999998 0.06875 0.254375 0.08249999999999999 0.27156250000000004 0.110625 0.275 0.1234375 0.258125 0.1253125 0.24656250000000002 0.12593749999999998 0.2375 0.123125 0.22156250000000002 0.10718749999999999 0.2028125 0.09 0.20218750000000002 0.0740625 0.21031249999999999 0.06593750000000001 0.22999999999999998
0 0.025937500000000002 0.21125 0.0309375 0.234375 0.0528125 0.2446875 0.0765625 0.2340625 0.0828125 0.21593749999999998 0.081875 0.19718750000000002 0.075625 0.1834375 0.057499999999999996 0.1740625 0.04375 0.175 0.0321875 0.1871875 0.025937500000000002 0.21125
0 0.031875 0.27468750000000003 0.040625 0.29312499999999997 0.065 0.2996875 0.07781249999999999 0.29 0.0834375 0.268125 0.0834375 0.2575 0.08249999999999999 0.24500000000000002 0.06593750000000001 0.23500000000000001 0.049375 0.24 0.034687499999999996 0.25875 0.031875 0.27468750000000003
0 0.06999999999999999 0.2665625 0.065625 0.28718750000000004 0.06999999999999999 0.30656249999999996 0.083125 0.3225 0.0984375 0.32156250000000003 0.11187499999999999 0.308125 0.118125 0.29625 0.11875 0.2940625 0.121875 0.2921875 0.12 0.2790625 0.1046875 0.25968749999999996 0.0875 0.25593750000000004 0.06999999999999999 0.2665625
0 0.0978125 0.3103125 0.095 0.32937500000000003 0.1015625 0.344375 0.11781250000000001 0.35281250000000003 0.135625 0.355 0.15031250000000002 0.3409375 0.1590625 0.3271875 0.16 0.32406250000000003 0.16375 0.3078125 0.1584375 0.29812500000000003 0.1315625 0.28531249999999997 0.1078125 0.28875 0.0978125 0.3103125