0 0.575 0.16875 0.63125 0.159375 0.646875 0.140625 0.65 0.125 0.646875 0.11875 0.63125 0.10625 0.609375 0.10625 0.584375 0.11875 0.565625 0.134375 0.559375 0.146875 0.559375 0.165625 0.565625 0.16875 0.575 0.16875
0 0.6375 0.16875 0.63125 0.1625 0.621875 0.159375 0.571875 0.1625 0.5625 0.165625 0.540625 0.1875 0.5375 0.196875 0.63125 0.196875 0.6375 0.190625 0.6375 0.16875
0 0.584375 0.26875 0.59375 0.265625 0.609375 0.25 0.6125 0.24375 0.6125 0.23125 0.603125 0.215625 0.58125 0.209375 0.55 0.215625 0.528125 0.228125 0.515625 0.2375 0.5125 0.24375 0.509375 0.253125 0.509375 0.265625 0.5125 0.26875 0.584375 0.26875
0 0.625 0.2125 0.628125 0.20625 0.628125 0.196875 0.54375 0.19375 0.534375 0.196875 0.525 0.209375 0.521875 0.215625 0.528125 0.228125 0.609375 0.228125 0.625 0.2125
0 0.5 0.315625 0.571875 0.309375 0.584375 0.3 0.5875 0.29375 0.5875 0.278125 0.575 0.265625 0.5625 0.2625 0.51875 0.265625 0.5 0.275 0.4875 0.2875 0.484375 0.29375 0.484375 0.303125 0.4875 0.309375 0.5 0.315625
0 0.5375 0.35625 0.553125 0.35 0.565625 0.340625 0.571875 0.328125 0.571875 0.309375 0.559375 0.3 0.525 0.303125 0.490625 0.31875 0.478125 0.33125 0.471875 0.34375 0.471875 0.353125 0.475 0.35625 0.5375 0.35625
0 0.46875 0.409375 0.528125 0.396875 0.534375 0.390625 0.540625 0.378125 0.540625 0.3625 0.528125 0.353125 0.490625 0.353125 0.478125 0.35625 0.453125 0.371875 0.44375 0.39375 0.446875 0.40625 0.45 0.409375 0.46875 0.409375
0 0.465625 0.453125 0.51875 0.44375 0.53125 0.428125 0.534375 0.415625 0.528125 0.403125 0.51875 0.396875 0.465625 0.4 0.45 0.403125 0.440625 0.4125 0.4375 0.41875 0.4375 0.434375 0.446875 0.453125 0.465625 0.453125
0 0.490625 0.4875 0.503125 0.4875 0.515625 0.48125 0.525 0.4625 0.521875 0.45 0.5125 0.44375 0.490625 0.44375 0.453125 0.45 0.440625 0.453125 0.434375 0.459375 0.428125 0.471875 0.428125 0.48125 0.434375 0.484375 0.490625 0.4875
0 0.496875 0.528125 0.50625 0.5125 0.50625 0.496875 0.5 0.490625 0.465625 0.490625 0.434375 0.496875 0.421875 0.528125 0.428125 0.534375 0.48125 0.53125 0.496875 0.528125
0 0.490625 0.559375 0.496875 0.546875 0.48778090937499996 0.5274725625000001 0.453125 0.528125 0.421875 0.5375 0.41875 0.540625 0.415625 0.559375 0.41875 0.571875 0.484375 0.565625 0.490625 0.559375
0 0.475 0.603125 0.484375 0.58125 0.484375 0.565625 0.45 0.565625 0.409375 0.578125 0.40625 0.58125 0.40625 0.61875 0.46875 0.609375 0.475 0.603125
0 0.415625 0.73125 0.421875 0.728125 0.43125 0.715625 0.440625 0.696875 0.453125 0.653125 0.453125 0.64375 0.4375 0.6375 0.40625 0.640625 0.396875 0.653125 0.39375 0.6625 0.390625 0.690625 0.390625 0.725 0.39375 0.73125 0.415625 0.73125
0 0.446875 0.671875 0.465625 0.625 0.465625 0.6125 0.45625 0.60625 0.434375 0.60625 0.421875 0.6125 0.409375 0.621875 0.4 0.65625 0.396875 0.6875 0.403125 0.69375 0.428125 0.6875 0.446875 0.671875