0 0.371875 0.265625 0.378125 0.25625 0.378125 0.228125 0.365625 0.2 0.35625 0.1875 0.35 0.1875 0.33125 0.21875 0.33125 0.225 0.3625 0.259375 0.371875 0.265625
0 0.34375 0.3 0.365625 0.309375 0.371875 0.309375 0.38125 0.290625 0.375 0.26875 0.35625 0.246875 0.328125 0.225 0.315625 0.225 0.3125 0.23125 0.321875 0.275 0.328125 0.290625 0.34375 0.3
0 0.359375 0.35625 0.375 0.35625 0.378125 0.353125 0.36875 0.31875 0.353125 0.3 0.3125 0.278125 0.303125 0.29375 0.3 0.3125 0.303125 0.321875 0.325 0.340625 0.359375 0.35625
0 0.07577500312499999 0.04034065 0.075229859375 0.06323669374999999 0.079591009375 0.08776816875 0.087223025 0.097035615625 0.10248705312499999 0.100851621875 0.11120935624999999 0.09485503749999999 0.11448021875 0.082861871875 0.11557050625000001 0.07141385 0.113935075 0.056149821875000006 0.10793849062500001 0.037614928125 0.097580759375 0.02398633125 0.083952159375 0.02398633125 0.07577500312499999 0.04034065
0 0.010357734375 0.12102194687500001 0.02071546875 0.126473384375 0.029982915625000002 0.128108815625 0.035979496875 0.11993165937500001 0.036524640625 0.097035615625 0.031073203124999997 0.082861871875 0.028892628125000003 0.079591009375 0.024531475 0.079591009375 0.014718884375 0.078500721875 0.008177159375 0.08776816875 0.008177159375 0.104122484375 0.010357734375 0.12102194687500001
0 0.00272571875 0.14991457187499999 0.007632015625 0.16463345625 0.016899459375000002 0.172810615625 0.032163490625 0.169539753125 0.037069784375 0.147733996875 0.034889209375 0.13356025625 0.034889209375 0.13574083125 0.0190800375 0.122657378125 0.008177159375 0.12374766562499999 0.0021805749999999997 0.13465054375000002 0.00272571875 0.14991457187499999
0 0.315093175 0.33798921875 0.302009721875 0.347801809375 0.305280584375 0.36470126875000003 0.3161834625 0.38977788750000003 0.33253777812499996 0.402861340625 0.348892096875 0.40613220625 0.36197555000000003 0.402861340625 0.37342357187499997 0.394139040625 0.377784721875 0.38596188124999997 0.381055584375 0.376149290625 0.371788140625 0.36579155625 0.34671151875 0.34834695312499997 0.330357203125 0.34016979375 0.315093175 0.33798921875
0 0.44483742187499997 0.7005099125 0.4557403 0.68742645625 0.45737573125 0.671072140625 0.44756314062499997 0.6558081125 0.4279379625 0.6530823906250001 0.41539965 0.66071440625 0.40831278125 0.669436709375 0.399045334375 0.6803395875 0.40504191875 0.693423040625 0.41430936249999994 0.7016002 0.4301185375 0.7048710625 0.44483742187499997 0.7005099125
0 0.39959047812500004 0.623644621875 0.382145875 0.6149223187499999 0.371912034375 0.613460340625 0.36906241875 0.622009190625 0.376694434375 0.641089225 0.38269101875 0.6525372468749999 0.3919584625 0.65526296875 0.40613220625 0.63945379375 0.39959047812500004 0.623644621875
0 0.3587046875 0.5931165625 0.3652464125 0.605109728125 0.371788140625 0.6111063125 0.38705216875000004 0.599658290625 0.39032303125 0.584939403125 0.3832361625 0.5707656625 0.37451385937500004 0.5620433593749999 0.372878428125 0.559317640625 0.35761439687499996 0.558227353125 0.348892096875 0.5653142250000001 0.34943724062500003 0.578397678125 0.3587046875 0.5931165625
0 0.33253777812499996 0.5053483937500001 0.3439858 0.508074115625 0.353798390625 0.5031678187499999 0.36252069374999996 0.492810084375 0.358159540625 0.47536548125 0.35216295937500003 0.464462603125 0.347256665625 0.46064659375000006 0.3407149375 0.462827171875 0.33199263437500004 0.467733465625 0.325450909375 0.47645576875 0.326541196875 0.492810084375 0.33253777812499996 0.5053483937500001
0 0.33798921875 0.54568904375 0.34943724062500003 0.554956490625 0.36034011875 0.553866203125 0.368517275 0.537511884375 0.3663367 0.5195221375 0.35924983125 0.510254690625 0.356524109375 0.510254690625 0.34016979375 0.5058935375 0.329812059375 0.514070696875 0.329812059375 0.5282444374999999 0.33798921875 0.54568904375