0 0.5471874999999999 0.6540625 0.5393749999999999 0.6628125 0.530625 0.6778125 0.525625 0.6959375 0.5259375000000001 0.7159375 0.5287499999999999 0.7334375 0.534375 0.7446875000000001 0.5434375 0.750625 0.555625 0.7515625 0.5678124999999999 0.7484375 0.5771875 0.7375 0.5796875 0.7224999999999999 0.5784374999999999 0.7009375 0.5759375 0.6828125 0.571875 0.6671875 0.568125 0.6565624999999999 0.5587500000000001 0.6503125 0.5471874999999999 0.6540625
0 0.5296875 0.7015625 0.5131249999999999 0.705 0.50125 0.7212500000000001 0.49906249999999996 0.74375 0.505 0.760625 0.5134375 0.775625 0.5278125 0.79 0.5384375 0.79375 0.5521874999999999 0.7903125 0.5621875000000001 0.78125 0.5640625 0.77 0.5615625 0.7615624999999999 0.55625 0.745 0.5493750000000001 0.720625 0.5409375 0.7071875000000001 0.5296875 0.7015625
0 0.5284375 0.6275000000000001 0.516875 0.635 0.5040625000000001 0.6496875 0.4953125 0.66625 0.49406249999999996 0.683125 0.49375 0.696875 0.495 0.7125 0.49906249999999996 0.7246875 0.5053124999999999 0.7303124999999999 0.52125 0.7303124999999999 0.5340625 0.721875 0.5443749999999999 0.7090625 0.5509375000000001 0.6921875 0.5546875 0.67625 0.5549999999999999 0.6653125 0.55625 0.6528125 0.5549999999999999 0.64125 0.5490625 0.6328125 0.5393749999999999 0.6290625000000001 0.5284375 0.6275000000000001
0 0.51375 0.5425 0.49906249999999996 0.548125 0.49343750000000003 0.5584374999999999 0.48875 0.5743750000000001 0.48312499999999997 0.6012500000000001 0.48218750000000005 0.61875 0.4828125 0.6346875 0.48656249999999995 0.646875 0.4965625 0.6540625 0.5131249999999999 0.6534375 0.5296875 0.64375 0.5396875 0.6209374999999999 0.54125 0.5984375 0.5453125 0.5746875 0.5421875 0.5571875000000001 0.536875 0.5475 0.52625 0.5428124999999999 0.51375 0.5425
0 0.46375 0.5596875 0.45875000000000005 0.576875 0.45843749999999994 0.59375 0.4671875 0.6040625000000001 0.4859375 0.6028125 0.49625 0.6 0.5153125000000001 0.5940624999999999 0.531875 0.5803125 0.54 0.5609375 0.54375 0.54625 0.5393749999999999 0.5309375000000001 0.5265625 0.5265625 0.504375 0.53125 0.48312499999999997 0.5440625 0.46375 0.5596875
0 0.4528125 0.5240625 0.4453125 0.5328125 0.44406249999999997 0.545625 0.44749999999999995 0.558125 0.45875000000000005 0.5621875000000001 0.478125 0.559375 0.500625 0.55 0.5184375 0.5387500000000001 0.5353125000000001 0.5240625 0.54 0.51 0.540625 0.5037499999999999 0.5359375 0.488125 0.521875 0.485 0.5046875 0.49124999999999996 0.4884375 0.5015625 0.4528125 0.5240625
0 0.45968749999999997 0.43937499999999996 0.4459375 0.453125 0.43968749999999995 0.469375 0.438125 0.48250000000000004 0.4453125 0.499375 0.4575 0.501875 0.47625 0.4965625 0.49375 0.4884375 0.5065625 0.47750000000000004 0.5184375 0.4625 0.5231250000000001 0.45062499999999994 0.5231250000000001 0.43968749999999995 0.521875 0.43531250000000005 0.5175 0.42312500000000003 0.50625 0.42093749999999996 0.4878125 0.42374999999999996 0.47468750000000004 0.4290625 0.45968749999999997 0.43937499999999996
0 0.4690625 0.4659375 0.4534375 0.47843749999999996 0.4425 0.49031250000000004 0.438125 0.5034375 0.4409375 0.5140625 0.4534375 0.5196875000000001 0.47125000000000006 0.520625 0.491875 0.515 0.5084375 0.5040625000000001 0.525 0.490625 0.5353125000000001 0.476875 0.53625 0.469375 0.5328125 0.45625 0.5190625 0.45 0.5003124999999999 0.449375 0.48562500000000003 0.4534375 0.4690625 0.4659375
0 0.45875000000000005 0.38375 0.43218750000000006 0.41187500000000005 0.426875 0.42874999999999996 0.428125 0.44343750000000004 0.43562500000000004 0.45499999999999996 0.44718749999999996 0.45906250000000004 0.4625 0.458125 0.4959375 0.4253125 0.5065625 0.4125 0.5075000000000001 0.3953125 0.505625 0.38687499999999997 0.4859375 0.3765625 0.45875000000000005 0.38375
0 0.4453125 0.37687499999999996 0.4359375 0.38875000000000004 0.43375 0.40499999999999997 0.4409375 0.41875 0.4575 0.4234375 0.478125 0.42062499999999997 0.4971875 0.4103125 0.5153125000000001 0.39656250000000004 0.5178125 0.385 0.5178125 0.371875 0.50875 0.35750000000000004 0.49781250000000005 0.3540625 0.4828125 0.3565625 0.464375 0.3646875 0.4453125 0.37687499999999996
0 0.4290625 0.33968750000000003 0.4171875 0.354375 0.415625 0.37124999999999997 0.42312500000000003 0.385 0.43624999999999997 0.39187500000000003 0.4565625 0.3871875 0.476875 0.3753125 0.4921875 0.3628125 0.5025000000000001 0.35031249999999997 0.503125 0.3390625 0.49874999999999997 0.3253125 0.48125 0.3196875 0.464375 0.32156250000000003 0.445625 0.32875 0.4290625 0.33968750000000003
0 0.4334375 0.29375 0.41593749999999996 0.30375 0.41312499999999996 0.31625000000000003 0.416875 0.3290625 0.4253125 0.3375 0.4421875 0.339375 0.464375 0.3365625 0.48531250000000004 0.3296875 0.5003124999999999 0.3171875 0.5065625 0.304375 0.5081249999999999 0.29281250000000003 0.5003124999999999 0.2821875 0.48375 0.27937500000000004 0.4575 0.2834375 0.4334375 0.29375
0 0.41500000000000004 0.254375 0.406875 0.2646875 0.4025 0.2834375 0.40625 0.29500000000000004 0.41656250000000006 0.30375 0.436875 0.3046875 0.4659375 0.29874999999999996 0.48531250000000004 0.2921875 0.5009375 0.27875 0.5025000000000001 0.26937500000000003 0.505 0.2553125 0.49124999999999996 0.2446875 0.4690625 0.2440625 0.4346875 0.24906250000000002 0.41500000000000004 0.254375
0 0.40499999999999997 0.21937500000000001 0.3953125 0.230625 0.3940625 0.2446875 0.4 0.256875 0.4171875 0.2634375 0.43875000000000003 0.26375000000000004 0.4690625 0.260625 0.49124999999999996 0.2496875 0.49781250000000005 0.2359375 0.4984375 0.2296875 0.4971875 0.22000000000000003 0.48125 0.20625 0.45843749999999994 0.20593750000000002 0.4334375 0.209375 0.40499999999999997 0.21937500000000001
0 0.440625 0.1859375 0.4375 0.20750000000000002 0.44125 0.22781250000000003 0.453125 0.24281250000000001 0.47437500000000005 0.244375 0.490625 0.22937500000000002 0.49343750000000003 0.2090625 0.49375 0.1953125 0.49343750000000003 0.183125 0.48312499999999997 0.171875 0.46687500000000004 0.1690625 0.4496875 0.17250000000000001 0.440625 0.1859375
0 0.395625 0.165625 0.38656250000000003 0.1825 0.390625 0.19437500000000002 0.4065625 0.20218750000000002 0.43062500000000004 0.20437500000000003 0.44437499999999996 0.1978125 0.4653125 0.17875000000000002 0.4803125 0.1628125 0.48218750000000005 0.14625 0.4796875 0.13468750000000002 0.47000000000000003 0.1240625 0.4484375 0.12468749999999999 0.42874999999999996 0.13625 0.41156249999999994 0.150625 0.395625 0.165625
0 0.4103125 0.11125 0.3984375 0.1253125 0.3871875 0.148125 0.38937499999999997 0.161875 0.43093750000000003 0.16312500000000002 0.4453125 0.1584375 0.4659375 0.148125 0.47625 0.13468750000000002 0.47531249999999997 0.12562500000000001 0.47843749999999996 0.113125 0.47093749999999995 0.0975 0.45437500000000003 0.0965625 0.4325 0.10187500000000001 0.4103125 0.11125
0 0.3853125 0.0953125 0.38156249999999997 0.11656249999999999 0.3940625 0.12250000000000001 0.41875 0.12250000000000001 0.4409375 0.1153125 0.4575 0.1028125 0.469375 0.0859375 0.47375 0.06875 0.46624999999999994 0.058125 0.44875 0.051875000000000004 0.4146875 0.06218749999999999 0.395 0.0775 0.3853125 0.0953125
0 0.36124999999999996 0.034375 0.3571875 0.050937500000000004 0.3609375 0.06375 0.3871875 0.0728125 0.41531250000000003 0.0715625 0.44125 0.06281250000000001 0.4603125 0.048125 0.46187500000000004 0.0278125 0.46125 0.021562500000000002 0.45625 0.010312499999999999 0.4409375 0.0043749999999999995 0.40625 0.0075 0.3821875 0.017812500000000002 0.36124999999999996 0.034375