0 0.315625 0.134375 0.33125 0.140625 0.340625 0.13125 0.340625 0.128125 0.35625 0.115625 0.359375 0.10625 0.359375 0.09375 0.3625 0.090625 0.3625 0.046875 0.359375 0.0375 0.35625 0.034375 0.346875 0.034375 0.31875 0.046875 0.309375 0.071875 0.309375 0.084375 0.30625 0.0875 0.30625 0.11875 0.315625 0.134375
0 0.359375 0.16875 0.36875 0.16875 0.371875 0.171875 0.38125 0.1625 0.384375 0.153125 0.384375 0.13125 0.378125 0.115625 0.365625 0.109375 0.3625 0.109375 0.35 0.125 0.35 0.128125 0.334375 0.140625 0.33125 0.15625 0.3375 0.1625 0.35 0.1625 0.359375 0.16875
0 0.35 0.166875 0.3315625 0.17281249999999998 0.3246875 0.18125 0.3234375 0.1940625 0.3284375 0.2046875 0.334375 0.21125 0.35125 0.21531250000000002 0.36593749999999997 0.2140625 0.3796875 0.2053125 0.385 0.193125 0.3821875 0.18156250000000002 0.37312500000000004 0.17250000000000001 0.3625 0.1665625 0.35281250000000003 0.1665625 0.35 0.166875
0 0.3384375 0.22218749999999998 0.3353125 0.23500000000000001 0.33781249999999996 0.253125 0.34187500000000004 0.275625 0.35125 0.2884375 0.36062500000000003 0.301875 0.3696875 0.308125 0.3803125 0.31062500000000004 0.39 0.3109375 0.405625 0.3075 0.41281249999999997 0.29874999999999996 0.4140625 0.285625 0.4034375 0.26187499999999997 0.3940625 0.2453125 0.385 0.23343750000000002 0.3746875 0.2209375 0.36312500000000003 0.2134375 0.348125 0.213125 0.3384375 0.22218749999999998
0 0.35750000000000004 0.210625 0.3521875 0.221875 0.35625 0.2396875 0.3603125 0.26375000000000004 0.381875 0.29 0.3978125 0.2975 0.41156249999999994 0.29500000000000004 0.42406249999999995 0.2890625 0.42718749999999994 0.27625 0.4184375 0.25625 0.4190625 0.2484375 0.40437500000000004 0.2234375 0.38875000000000004 0.20593750000000002 0.3721875 0.203125 0.35750000000000004 0.210625
0 0.31625000000000003 0.24 0.309375 0.259375 0.308125 0.278125 0.3103125 0.291875 0.32218749999999996 0.30281250000000004 0.3315625 0.3040625 0.34750000000000003 0.2990625 0.3590625 0.29125 0.3640625 0.27749999999999997 0.36593749999999997 0.26125 0.36593749999999997 0.24562499999999998 0.3571875 0.22875 0.3471875 0.2146875 0.33406250000000004 0.215 0.325625 0.225 0.31625000000000003 0.24
0 0.37625000000000003 0.2740625 0.3671875 0.268125 0.355 0.26749999999999996 0.34125 0.276875 0.32875 0.28718750000000004 0.3259375 0.3021875 0.325625 0.316875 0.3259375 0.328125 0.328125 0.3375 0.335 0.3409375 0.3471875 0.336875 0.35875 0.32687499999999997 0.3725 0.3128125 0.38468749999999996 0.3015625 0.38375 0.29375 0.3825 0.2846875 0.37625000000000003 0.2740625
0 0.3696875 0.37374999999999997 0.36875 0.3859375 0.3771875 0.395625 0.38625 0.39718749999999997 0.4028125 0.39875 0.415625 0.3959375 0.4290625 0.385625 0.44125 0.37374999999999997 0.448125 0.3471875 0.4446875 0.3334375 0.43937499999999996 0.325 0.43156249999999996 0.320625 0.42125 0.32125 0.4078125 0.3328125 0.38937499999999997 0.34781249999999997 0.3803125 0.3590625 0.3696875 0.37374999999999997
0 0.3803125 0.30093749999999997 0.36531250000000004 0.31625000000000003 0.3615625 0.32937500000000003 0.3621875 0.3403125 0.3696875 0.34875 0.3765625 0.353125 0.388125 0.35531250000000003 0.4021875 0.3515625 0.41500000000000004 0.3434375 0.421875 0.3328125 0.42750000000000005 0.31875 0.42312500000000003 0.30375 0.416875 0.2965625 0.40499999999999997 0.290625 0.3921875 0.2940625 0.3803125 0.30093749999999997
0 0.355 0.315625 0.3403125 0.32156250000000003 0.32999999999999996 0.33406250000000004 0.325 0.35 0.325 0.36312500000000003 0.32875 0.3746875 0.3403125 0.38406250000000003 0.3484375 0.3875 0.3578125 0.388125 0.370625 0.38375 0.379375 0.3753125 0.38687499999999997 0.364375 0.3871875 0.35125 0.385625 0.34125 0.380625 0.3284375 0.369375 0.31843750000000004 0.355 0.315625
0 0.3628125 0.356875 0.35343749999999996 0.3625 0.3415625 0.37875000000000003 0.3384375 0.3940625 0.3384375 0.41 0.3459375 0.4234375 0.35875 0.42625 0.37124999999999997 0.4215625 0.38 0.41281249999999997 0.38687499999999997 0.393125 0.38687499999999997 0.38125 0.38375 0.3675 0.3728125 0.3540625 0.3628125 0.356875
0 0.36343749999999997 0.414375 0.3565625 0.42374999999999996 0.349375 0.4371875 0.34750000000000003 0.45187499999999997 0.34781249999999997 0.468125 0.3571875 0.47406249999999994 0.36843750000000003 0.47125000000000006 0.3821875 0.4653125 0.39656250000000004 0.456875 0.40812499999999996 0.43843750000000004 0.4184375 0.42374999999999996 0.42406249999999995 0.416875 0.42437500000000006 0.4065625 0.41624999999999995 0.3915625 0.39718749999999997 0.3928125 0.3825 0.399375 0.36343749999999997 0.414375
0 0.41187500000000005 0.4215625 0.409375 0.44343750000000004 0.410625 0.45625 0.4125 0.4734375 0.42406249999999995 0.47843749999999996 0.43875000000000003 0.47843749999999996 0.4403125 0.47468750000000004 0.45531249999999995 0.4671875 0.45999999999999996 0.45125000000000004 0.45875000000000005 0.40843749999999995 0.4575 0.39875 0.45187499999999997 0.3903125 0.44375 0.3853125 0.42625 0.38625 0.416875 0.399375 0.41187500000000005 0.4215625
0 0.405625 0.4325 0.38875000000000004 0.4409375 0.3771875 0.4496875 0.36593749999999997 0.46187500000000004 0.3584375 0.480625 0.35750000000000004 0.49343750000000003 0.36375 0.5028125 0.3796875 0.5034375 0.39718749999999997 0.500625 0.415625 0.48687500000000006 0.4303125 0.47562499999999996 0.441875 0.46375 0.4490625 0.45125000000000004 0.449375 0.4409375 0.44625000000000004 0.43125 0.43968749999999995 0.42781250000000004 0.4296875 0.426875 0.405625 0.4325
0 0.39468749999999997 0.49093749999999997 0.385625 0.5065625 0.380625 0.520625 0.38156249999999997 0.5325 0.3878125 0.5384375 0.398125 0.5390625 0.41500000000000004 0.5340625 0.42781250000000004 0.5271874999999999 0.4403125 0.5184375 0.45187499999999997 0.509375 0.4603125 0.5015625 0.4671875 0.4915625 0.46781249999999996 0.4809375 0.46749999999999997 0.469375 0.464375 0.4659375 0.4559375 0.460625 0.438125 0.464375 0.4221875 0.47093749999999995 0.4078125 0.4796875 0.39468749999999997 0.49093749999999997
0 0.4190625 0.53 0.41218750000000004 0.5440625 0.41 0.560625 0.41593749999999996 0.5696875 0.42374999999999996 0.5696875 0.43937499999999996 0.5646875 0.45218749999999996 0.5575 0.46281249999999996 0.5503125 0.47093749999999995 0.5384375 0.47375 0.5278125 0.47468750000000004 0.5165625 0.4728125 0.5003124999999999 0.46281249999999996 0.499375 0.44875 0.505 0.434375 0.515 0.4190625 0.53
0 0.3934375 0.5415625000000001 0.37906249999999997 0.551875 0.3725 0.5590625 0.366875 0.575 0.36593749999999997 0.5865625 0.3721875 0.5946875 0.380625 0.5959375 0.39187500000000003 0.591875 0.40625 0.5859375 0.4171875 0.57875 0.43125 0.5709375 0.441875 0.5646875 0.446875 0.5534375 0.44781250000000006 0.5453125 0.44781250000000006 0.54 0.4453125 0.5337500000000001 0.4359375 0.5296875 0.4225 0.53125 0.4090625 0.5359375 0.3934375 0.5415625000000001
0 0.3696875 0.5628124999999999 0.3821875 0.5599999999999999 0.395 0.5465625000000001 0.3940625 0.531875 0.38625 0.5240625 0.3753125 0.5225 0.3665625 0.5284375 0.36 0.5387500000000001 0.36 0.5543750000000001 0.3696875 0.5628124999999999
0 0.3521875 0.50125 0.35281250000000003 0.5165625 0.3615625 0.52625 0.375625 0.5246875 0.38687499999999997 0.5131249999999999 0.3903125 0.5040625000000001 0.3890625 0.5009375 0.3803125 0.489375 0.3671875 0.4871875 0.3584375 0.48968749999999994 0.3521875 0.50125
0 0.40843749999999995 0.5896874999999999 0.41187500000000005 0.6021875 0.4253125 0.6056250000000001 0.4390625 0.6053124999999999 0.45375 0.5990624999999999 0.46781249999999996 0.5912499999999999 0.47750000000000004 0.5815625 0.4803125 0.5690625 0.479375 0.5515625 0.473125 0.546875 0.4640625 0.5409375 0.44406249999999997 0.5471874999999999 0.42843749999999997 0.558125 0.41531250000000003 0.57125 0.40843749999999995 0.5896874999999999
0 0.40406250000000005 0.5803125 0.3921875 0.589375 0.3753125 0.6025 0.369375 0.6178125 0.3734375 0.6271875 0.3884375 0.63 0.405625 0.6290625000000001 0.4203125 0.6259375 0.43624999999999997 0.62375 0.45125000000000004 0.6178125 0.45968749999999997 0.6109375 0.46312499999999995 0.600625 0.4659375 0.58875 0.4565625 0.57625 0.440625 0.5728125000000001 0.4253125 0.5743750000000001 0.40406250000000005 0.5803125
0 0.40406250000000005 0.6184375 0.40625 0.63 0.42062499999999997 0.6396875 0.44375 0.64375 0.45999999999999996 0.6428125 0.478125 0.634375 0.4878125 0.623125 0.48968749999999994 0.6109375 0.48375 0.6025 0.4815625 0.596875 0.4715625 0.5921875 0.4525 0.5900000000000001 0.4334375 0.591875 0.41281249999999997 0.6015625 0.40406250000000005 0.6184375
0 0.42281250000000004 0.6503125 0.41531250000000003 0.6599999999999999 0.4203125 0.67625 0.43562500000000004 0.6934375 0.45218749999999996 0.6965625 0.469375 0.6946875 0.48562500000000003 0.68625 0.49375 0.675 0.48656249999999995 0.65625 0.47468750000000004 0.645 0.45843749999999994 0.64125 0.4403125 0.64375 0.42281250000000004 0.6503125
0 0.44000000000000006 0.6771874999999999 0.42750000000000005 0.67875 0.4203125 0.6878124999999999 0.4215625 0.6990624999999999 0.43499999999999994 0.7121875 0.4721875 0.724375 0.48187499999999994 0.724375 0.49812500000000004 0.7196875 0.50625 0.7112499999999999 0.5025000000000001 0.6993750000000001 0.49124999999999996 0.6871875000000001 0.4796875 0.6821875000000001 0.4615625 0.67875 0.44000000000000006 0.6771874999999999
0 0.44781250000000006 0.7368750000000001 0.44749999999999995 0.7515625 0.45437500000000003 0.765 0.4684375 0.7725 0.4871875 0.77 0.5009375 0.764375 0.5096875 0.746875 0.5096875 0.739375 0.509375 0.7353125 0.5037499999999999 0.7262500000000001 0.49437499999999995 0.7215625 0.476875 0.7209375 0.4565625 0.7253125 0.44781250000000006 0.7368750000000001
0 0.406875 0.7125 0.4025 0.725625 0.40406250000000005 0.744375 0.42125 0.755 0.43968749999999995 0.7553124999999999 0.4575 0.75 0.465 0.7390625 0.46875 0.7309375 0.46968750000000004 0.720625 0.460625 0.7112499999999999 0.43937499999999996 0.7068749999999999 0.4178125 0.705 0.406875 0.7125
0 0.4125 0.7696875000000001 0.410625 0.7875 0.42000000000000004 0.7978125 0.4340625 0.8003125000000001 0.45187499999999997 0.798125 0.46656250000000005 0.7921875 0.475 0.780625 0.47562499999999996 0.76875 0.4734375 0.76625 0.46781249999999996 0.75875 0.45187499999999997 0.7515625 0.4371875 0.7496875000000001 0.42093749999999996 0.7553124999999999 0.4125 0.7696875000000001
0 0.4528125 0.7943749999999999 0.4646875 0.8071875000000001 0.48 0.8090624999999999 0.49906249999999996 0.8065625000000001 0.5153125000000001 0.7971874999999999 0.52 0.7828125 0.5165625 0.7690625 0.5146875 0.7640625 0.5025000000000001 0.76 0.4859375 0.7590625 0.46281249999999996 0.7678125 0.45187499999999997 0.7790625 0.4528125 0.7943749999999999
0 0.473125 0.8040625 0.46656250000000005 0.81875 0.469375 0.835625 0.48250000000000004 0.8471875000000001 0.505625 0.8474999999999999 0.516875 0.8387499999999999 0.5287499999999999 0.8265625 0.5278125 0.8171875 0.5246875 0.80625 0.5096875 0.8009375000000001 0.496875 0.798125 0.48375 0.79875 0.473125 0.8040625
0 0.4246875 0.79875 0.4190625 0.81375 0.421875 0.8324999999999999 0.43937499999999996 0.840625 0.46218750000000003 0.8359375 0.4765625 0.8256249999999999 0.48375 0.811875 0.48375 0.809375 0.48312499999999997 0.7990625 0.475 0.791875 0.46218750000000003 0.7909375 0.4390625 0.79125 0.4246875 0.79875
0 0.43375 0.840625 0.4296875 0.8509375 0.4325 0.868125 0.4409375 0.881875 0.45875000000000005 0.88125 0.47406249999999994 0.875625 0.48343749999999996 0.8628125000000001 0.49124999999999996 0.8474999999999999 0.49000000000000005 0.8390625 0.48 0.8346875 0.471875 0.8275 0.4625 0.8271875 0.44718749999999996 0.8315625000000001 0.43375 0.840625
0 0.48343749999999996 0.8753125 0.5059375 0.8846875000000001 0.529375 0.88375 0.5349999999999999 0.8740625 0.53625 0.859375 0.5340625 0.8446875 0.5271874999999999 0.8396874999999999 0.5118750000000001 0.8353125 0.4925 0.8365625 0.480625 0.8481249999999999 0.476875 0.86625 0.48343749999999996 0.8753125
0 0.44000000000000006 0.89 0.4340625 0.9040625 0.4346875 0.9146875 0.446875 0.9234375 0.46281249999999996 0.9253125000000001 0.48562500000000003 0.9190625000000001 0.49906249999999996 0.9090624999999999 0.504375 0.8953125 0.504375 0.883125 0.5015625 0.8731249999999999 0.480625 0.8653124999999999 0.468125 0.8665625 0.4571875 0.8746875 0.44000000000000006 0.89
0 0.475 0.9178124999999999 0.4859375 0.93125 0.500625 0.930625 0.5253125 0.9221875 0.5409375 0.909375 0.5471874999999999 0.8934374999999999 0.5446875 0.8821875 0.5421875 0.8784375000000001 0.531875 0.87375 0.51375 0.87625 0.49343750000000003 0.8865624999999999 0.478125 0.9025000000000001 0.475 0.9178124999999999
0 0.48968749999999994 0.9278124999999999 0.47843749999999996 0.9353125 0.4734375 0.9446875 0.473125 0.9584374999999999 0.476875 0.96875 0.490625 0.9696875 0.505 0.9659375000000001 0.526875 0.9540625 0.545625 0.945 0.5525 0.93625 0.5553125 0.928125 0.55625 0.920625 0.5465625000000001 0.9084375 0.52125 0.9140625 0.5021875 0.9215625 0.48968749999999994 0.9278124999999999