0 0.328125 0.259375 0.340625 0.246875 0.35 0.228125 0.359375 0.2 0.359375 0.184375 0.353125 0.175 0.34375 0.16875 0.33125 0.16875 0.31875 0.18125 0.29375 0.234375 0.303125 0.25625 0.3125 0.2625 0.328125 0.259375
0 0.3 0.221875 0.31875 0.20625 0.31875 0.175 0.315625 0.16875 0.309375 0.165625 0.290625 0.165625 0.284375 0.16875 0.26875 0.184375 0.26875 0.19375 0.278125 0.21875 0.3 0.221875
0 0.28125 0.278125 0.303125 0.2625 0.296875 0.23125 0.2625 0.228125 0.25 0.23125 0.23125 0.246875 0.228125 0.265625 0.23125 0.275 0.25 0.290625 0.28125 0.278125
0 0.2625 0.228125 0.26875 0.225 0.265625 0.1875 0.2625 0.18125 0.24375 0.184375 0.234375 0.190625 0.23125 0.19375 0.23125 0.2125 0.246875 0.228125 0.2625 0.228125
0 0.21875 0.3125 0.234375 0.30625 0.25 0.2875 0.225 0.253125 0.2125 0.253125 0.2 0.265625 0.2 0.296875 0.209375 0.3125 0.21875 0.3125
0 0.2375 0.2375 0.240625 0.23125 0.225 0.2 0.2125 0.2 0.190625 0.215625 0.1875 0.225 0.20625 0.25 0.225 0.25 0.2375 0.2375
0 0.175 0.265625 0.190625 0.265625 0.196875 0.2625 0.203125 0.25625 0.203125 0.246875 0.184375 0.221875 0.16875 0.221875 0.15625 0.23125 0.15625 0.2375 0.1625 0.25 0.175 0.265625
0 0.178125 0.328125 0.19375 0.321875 0.203125 0.3125 0.203125 0.30625 0.19375 0.26875 0.171875 0.2625 0.159375 0.28125 0.159375 0.315625 0.171875 0.328125 0.178125 0.328125
0 0.15625 0.284375 0.165625 0.26875 0.15625 0.246875 0.146875 0.2375 0.128125 0.2375 0.1125 0.246875 0.109375 0.253125 0.134375 0.28125 0.15 0.2875 0.15625 0.284375
0 0.140625 0.35 0.153125 0.34375 0.1625 0.334375 0.1625 0.325 0.15625 0.3 0.146875 0.2875 0.13125 0.278125 0.121875 0.278125 0.115625 0.28125 0.1125 0.284375 0.1125 0.30625 0.115625 0.315625 0.140625 0.35
0 0.103125 0.3 0.109375 0.296875 0.11875 0.275 0.115625 0.2625 0.109375 0.25625 0.1 0.253125 0.090625 0.253125 0.075 0.259375 0.071875 0.2625 0.071875 0.271875 0.08125 0.290625 0.103125 0.3
0 0.096875 0.3625 0.115625 0.3625 0.125 0.359375 0.13125 0.35 0.13125 0.3375 0.1125 0.30625 0.08125 0.290625 0.075 0.296875 0.06875 0.30625 0.06875 0.321875 0.090625 0.35625 0.096875 0.3625
0 0.046875 0.3125 0.0625 0.315625 0.075 0.290625 0.065625 0.271875 0.053125 0.26875 0.0375 0.275 0.03125 0.28125 0.03125 0.2875 0.0375 0.3 0.046875 0.3125
0 0.04375 0.371875 0.059375 0.378125 0.071875 0.378125 0.084375 0.371875 0.090625 0.359375 0.06875 0.325 0.05625 0.315625 0.04375 0.3125 0.0375 0.315625 0.03125 0.321875 0.03125 0.340625 0.0375 0.3625 0.04375 0.371875
0 0.8628125000000001 0.6315625 0.8521875 0.6434375 0.844375 0.660625 0.845 0.6771874999999999 0.859375 0.6859375 0.8768750000000001 0.6840625 0.8965624999999999 0.6793750000000001 0.91375 0.6728125 0.92875 0.6596875 0.940625 0.6453125 0.9428124999999999 0.6325000000000001 0.9337500000000001 0.6215625 0.920625 0.6165625 0.9015625 0.6165625 0.8775000000000001 0.6234375 0.8628125000000001 0.6315625
0 0.8734375 0.6896875 0.8724999999999999 0.7075 0.8793749999999999 0.720625 0.89625 0.7234375 0.9140625 0.72 0.936875 0.713125 0.95375 0.7006249999999999 0.9643750000000001 0.6790625 0.963125 0.6646875 0.96125 0.6599999999999999 0.953125 0.6515625 0.9268750000000001 0.654375 0.9046875 0.6646875 0.8853125000000001 0.67625 0.8734375 0.6896875
0 0.7893749999999999 0.675 0.775 0.676875 0.764375 0.689375 0.7621875 0.7028125000000001 0.7696875000000001 0.7171875 0.7859375 0.7253125 0.8087500000000001 0.7259375 0.8300000000000001 0.725625 0.8503125 0.7209375 0.8618750000000001 0.7128125 0.866875 0.6950000000000001 0.8665625 0.689375 0.8653124999999999 0.6846875 0.85125 0.6756249999999999 0.8321875000000001 0.675 0.8074999999999999 0.675 0.7893749999999999 0.675
0 0.79875 0.64 0.7825 0.6553125 0.78125 0.6728125 0.7971874999999999 0.684375 0.8209375 0.684375 0.8387499999999999 0.6809375 0.8550000000000001 0.666875 0.8596875 0.655625 0.8609375 0.645625 0.8609375 0.6409374999999999 0.8503125 0.63375 0.83625 0.631875 0.8196875 0.6328125 0.79875 0.64
0 0.73375 0.688125 0.725 0.6990624999999999 0.724375 0.7212500000000001 0.73625 0.73875 0.750625 0.7496875000000001 0.7765625 0.75625 0.7940625 0.753125 0.796875 0.73 0.7965625000000001 0.7212500000000001 0.79125 0.7162499999999999 0.78125 0.7059375 0.7678125 0.693125 0.7515625 0.6890625 0.73375 0.688125
0 0.7071875000000001 0.661875 0.70125 0.6778125 0.7059375 0.6925 0.7268749999999999 0.704375 0.7496875000000001 0.7056250000000001 0.766875 0.6990624999999999 0.78125 0.6859375 0.7846875 0.67125 0.7837500000000001 0.659375 0.7771874999999999 0.651875 0.764375 0.645625 0.748125 0.645625 0.7284375 0.6503125 0.7071875000000001 0.661875
0 0.701875 0.681875 0.6840625 0.6928124999999999 0.6803125 0.7084374999999999 0.685625 0.7228125000000001 0.7075 0.7365625 0.728125 0.74 0.749375 0.7334375 0.756875 0.716875 0.7565625 0.7153125 0.7618750000000001 0.7021875 0.755 0.6900000000000001 0.7365625 0.68125 0.7140625 0.6796875 0.701875 0.681875
0 0.434375 0.765625 0.484375 0.734375 0.5 0.71875 0.5 0.70625 0.484375 0.696875 0.45625 0.69375 0.4125 0.715625 0.4 0.728125 0.403125 0.75 0.4125 0.759375 0.434375 0.765625
0 0.478125 0.79375 0.5125 0.76875 0.540625 0.734375 0.540625 0.725 0.521875 0.7125 0.50625 0.7125 0.45 0.75 0.446875 0.75625 0.44375 0.771875 0.453125 0.7875 0.45625 0.790625 0.478125 0.79375
0 0.528125 0.79375 0.58125 0.78125 0.6125 0.753125 0.615625 0.746875 0.60625 0.734375 0.575 0.728125 0.553125 0.73125 0.521875 0.759375 0.51875 0.765625 0.51875 0.778125 0.521875 0.790625 0.528125 0.79375
0 0.5375 0.834375 0.55625 0.8375 0.575 0.834375 0.590625 0.825 0.6 0.809375 0.6 0.796875 0.5875 0.784375 0.56875 0.78125 0.534375 0.790625 0.525 0.796875 0.509375 0.8125 0.509375 0.815625 0.515625 0.825 0.5375 0.834375
0 0.928125 0.9 0.953125 0.859375 0.95625 0.85 0.953125 0.834375 0.946875 0.83125 0.93125 0.83125 0.9125 0.840625 0.90625 0.846875 0.8875 0.88125 0.884375 0.9125 0.896875 0.91875 0.915625 0.9125 0.928125 0.9
0 0.88125 0.88125 0.896875 0.865625 0.903125 0.85 0.9 0.84375 0.88125 0.825 0.85625 0.8125 0.834375 0.80625 0.821875 0.80625 0.815625 0.8125 0.815625 0.840625 0.846875 0.875 0.88125 0.88125
0 0.8625 0.915625 0.871875 0.9125 0.88125 0.9 0.88125 0.884375 0.878125 0.88125 0.834375 0.8625 0.821875 0.8625 0.815625 0.865625 0.803125 0.884375 0.809375 0.90625 0.840625 0.915625 0.8625 0.915625
0 0.78125 0.90625 0.815625 0.90625 0.828125 0.896875 0.840625 0.878125 0.84375 0.871875 0.84375 0.853125 0.83125 0.840625 0.825 0.8375 0.815625 0.8375 0.809375 0.840625 0.7625 0.8875 0.7625 0.89375 0.771875 0.903125 0.78125 0.90625
0 0.740625 0.8875 0.7625 0.8875 0.78125 0.875 0.80625 0.846875 0.8125 0.83125 0.8125 0.8125 0.78125 0.8125 0.7375 0.85 0.725 0.86875 0.725 0.878125 0.73125 0.884375 0.740625 0.8875
0 0.625 0.853125 0.634375 0.85 0.646875 0.840625 0.653125 0.83125 0.653125 0.803125 0.65 0.796875 0.640625 0.79375 0.596875 0.796875 0.584375 0.803125 0.578125 0.809375 0.571875 0.834375 0.571875 0.84375 0.59375 0.853125 0.625 0.853125
0 0.678125 0.775 0.684375 0.76875 0.684375 0.7625 0.675 0.753125 0.634375 0.746875 0.621875 0.75 0.596875 0.771875 0.59375 0.78125 0.60625 0.803125 0.65 0.796875 0.678125 0.775
0 0.703125 0.871875 0.71875 0.871875 0.725 0.86875 0.759375 0.834375 0.775 0.8125 0.775 0.7875 0.771875 0.784375 0.74375 0.78125 0.715625 0.796875 0.678125 0.834375 0.678125 0.853125 0.690625 0.86875 0.703125 0.871875
0 0.675 0.834375 0.73125 0.7875 0.7375 0.775 0.728125 0.76875 0.696875 0.765625 0.6875 0.76875 0.659375 0.796875 0.65625 0.803125 0.65625 0.83125 0.6625 0.834375 0.675 0.834375
0 0.659375 0.871875 0.68125 0.875 0.715625 0.871875 0.71875 0.840625 0.709375 0.828125 0.671875 0.815625 0.653125 0.815625 0.64375 0.828125 0.634375 0.846875 0.634375 0.853125 0.646875 0.865625 0.659375 0.871875
0 0.7659374999999999 0.781875 0.745625 0.7821875 0.7321875 0.7890625 0.7246875 0.79875 0.7259375 0.8143750000000001 0.7390625 0.8243750000000001 0.756875 0.8296875 0.7778125 0.8334374999999999 0.79375 0.8346875 0.8087500000000001 0.8318749999999999 0.818125 0.8231249999999999 0.8171875 0.8074999999999999 0.8099999999999999 0.79375 0.7971874999999999 0.786875 0.781875 0.7837500000000001 0.7659374999999999 0.781875
0 0.4871875 0.795 0.495 0.805 0.5121875 0.8071875000000001 0.5271874999999999 0.8009375000000001 0.541875 0.7803125 0.545625 0.7678125 0.545625 0.7490625 0.5378125 0.7368750000000001 0.5215625 0.7375 0.5037499999999999 0.750625 0.49000000000000005 0.7659374999999999 0.485 0.7790625 0.4871875 0.795
0 0.3803125 0.7415625 0.3803125 0.7578125 0.3921875 0.7715625 0.425625 0.7915625000000001 0.4459375 0.795625 0.46624999999999994 0.7940625 0.4728125 0.7790625 0.4690625 0.7590625 0.45906250000000004 0.7440625 0.44406249999999997 0.73625 0.4184375 0.72875 0.40093750000000006 0.7278125 0.3871875 0.73125 0.3803125 0.7415625
0 0.395 0.6915625000000001 0.3796875 0.7025 0.3703125 0.7184375000000001 0.3675 0.73625 0.375 0.7465625 0.39968750000000003 0.7462500000000001 0.4190625 0.7368750000000001 0.43531250000000005 0.729375 0.4515625 0.715625 0.4603125 0.7025 0.45875000000000005 0.691875 0.448125 0.683125 0.43125 0.6821875000000001 0.41187500000000005 0.6840625 0.395 0.6915625000000001
0 0.9512499999999999 0.8290625 0.9412499999999999 0.835 0.929375 0.8465624999999999 0.9228125 0.8596875 0.9199999999999999 0.875 0.9196875 0.891875 0.9243750000000001 0.9090624999999999 0.9346875000000001 0.9237500000000001 0.9478125000000001 0.9275 0.961875 0.9234375 0.969375 0.9140625 0.976875 0.89625 0.9821875 0.875 0.983125 0.858125 0.983125 0.8462500000000001 0.9806250000000001 0.8359375 0.9734375 0.82875 0.9640625 0.8275 0.9512499999999999 0.8290625