0 0.7125 0.5193749999999999 0.7175 0.536875 0.7309375 0.55125 0.75 0.5621875000000001 0.76625 0.5675 0.7840625 0.568125 0.7946875 0.565625 0.8059375 0.5565625 0.8090624999999999 0.5415625000000001 0.8071875000000001 0.533125 0.8 0.5190625 0.7565625 0.4965625 0.7378125 0.49437499999999995 0.71875 0.5040625000000001 0.7125 0.5193749999999999
0 0.6912499999999999 0.5053124999999999 0.6837500000000001 0.5237499999999999 0.6903125 0.5415625000000001 0.703125 0.5590625 0.716875 0.5706249999999999 0.7303124999999999 0.57875 0.743125 0.5840625 0.76125 0.58125 0.76875 0.571875 0.770625 0.5571875000000001 0.7703125 0.5475 0.75875 0.525 0.7496875000000001 0.5128125 0.725625 0.4959375 0.705 0.49343750000000003 0.6912499999999999 0.5053124999999999
0 0.605 0.5181250000000001 0.6018749999999999 0.5337500000000001 0.61375 0.559375 0.639375 0.5771875 0.6621875 0.5953125 0.67125 0.6040625000000001 0.6865625 0.596875 0.693125 0.578125 0.693125 0.5653125 0.6909375 0.55625 0.6753125 0.535625 0.6487499999999999 0.5203125 0.623125 0.5109375 0.605 0.5181250000000001
0 0.631875 0.52125 0.63375 0.5471874999999999 0.6481250000000001 0.568125 0.663125 0.58125 0.683125 0.5921875 0.7068749999999999 0.59875 0.720625 0.5912499999999999 0.7246875 0.58 0.7246875 0.5728125000000001 0.7234375 0.5659375 0.70875 0.5443749999999999 0.6765625 0.5175 0.65625 0.5121875 0.631875 0.52125
0 0.635625 0.5103125000000001 0.6484375 0.5346875 0.665 0.5493750000000001 0.6884375 0.56375 0.7075 0.569375 0.7246875 0.5662499999999999 0.7346874999999999 0.5484375 0.7306250000000001 0.53 0.725 0.524375 0.70375 0.506875 0.6828125 0.4984375 0.6553125 0.49437499999999995 0.64125 0.4965625 0.635625 0.5103125000000001
0 0.556875 0.5743750000000001 0.5815625 0.59875 0.6084375 0.6121875 0.6309375 0.6165625 0.6446875000000001 0.608125 0.650625 0.5828125 0.6487499999999999 0.5596875 0.64375 0.551875 0.635 0.5453125 0.5990624999999999 0.53625 0.5675 0.5378125 0.55375 0.553125 0.556875 0.5743750000000001
0 0.5440625 0.521875 0.5509375000000001 0.538125 0.57625 0.5515625 0.6096874999999999 0.5553125 0.63375 0.545625 0.6478125 0.5225 0.6365624999999999 0.5071875 0.626875 0.501875 0.5965625 0.4965625 0.568125 0.4971875 0.5559375 0.503125 0.5440625 0.521875
0 0.500625 0.4921875 0.4890625 0.5028125 0.49781250000000005 0.5228125 0.5228125 0.5434375 0.5393749999999999 0.5443749999999999 0.5603125 0.5440625 0.58875 0.5303125 0.5909375 0.51875 0.5778125000000001 0.503125 0.5650000000000001 0.4953125 0.545 0.48968749999999994 0.5215625 0.4884375 0.500625 0.4921875
0 0.504375 0.5587500000000001 0.515 0.5825 0.5434375 0.604375 0.5640625 0.6096874999999999 0.5856250000000001 0.6025 0.5878125 0.5825 0.5825 0.56375 0.5743750000000001 0.5509375000000001 0.553125 0.5303125 0.53125 0.526875 0.5053124999999999 0.5371875 0.504375 0.5587500000000001
0 0.44375 0.5453125 0.433125 0.5559375 0.43375 0.56875 0.44437499999999996 0.5856250000000001 0.4615625 0.596875 0.4815625 0.604375 0.5034375 0.6059375 0.5190625 0.6012500000000001 0.5271874999999999 0.5875 0.5271874999999999 0.58 0.52125 0.563125 0.5040625000000001 0.5503125 0.48531250000000004 0.541875 0.46312499999999995 0.5393749999999999 0.44375 0.5453125
0 0.425 0.4996875 0.42625 0.516875 0.434375 0.5334375 0.45062499999999994 0.5528125 0.4625 0.5646875 0.484375 0.569375 0.5003124999999999 0.566875 0.5115624999999999 0.55 0.509375 0.530625 0.50125 0.52 0.489375 0.506875 0.47125000000000006 0.4965625 0.4534375 0.49031250000000004 0.43656249999999996 0.49000000000000005 0.425 0.4996875
0 0.379375 0.5196875000000001 0.37625000000000003 0.5325 0.385625 0.5496875 0.40125 0.565625 0.42625 0.57875 0.44281249999999994 0.5856250000000001 0.4609375 0.584375 0.4690625 0.5703125 0.46624999999999994 0.5506249999999999 0.4503125 0.53125 0.43624999999999997 0.51875 0.4215625 0.5096875 0.40750000000000003 0.5053124999999999 0.3890625 0.5103125000000001 0.379375 0.5196875000000001
0 0.388125 0.4884375 0.3765625 0.49468750000000006 0.37312500000000004 0.5065625 0.3784375 0.5234375 0.39875 0.53625 0.4234375 0.540625 0.4453125 0.5378125 0.4565625 0.5240625 0.458125 0.5090625 0.4528125 0.49906249999999996 0.4421875 0.49124999999999996 0.4190625 0.4859375 0.40093750000000006 0.48656249999999995 0.388125 0.4884375
0 0.366875 0.5746875 0.3803125 0.5928125 0.4125 0.5996875 0.43218750000000006 0.5925 0.445 0.579375 0.4453125 0.5565625 0.4375 0.5434375 0.43 0.538125 0.415625 0.5365624999999999 0.3909375 0.5393749999999999 0.374375 0.5465625000000001 0.3671875 0.5609375 0.366875 0.5746875
0 0.3284375 0.5046875 0.33718750000000003 0.5340625 0.34562499999999996 0.5549999999999999 0.3596875 0.569375 0.37687499999999996 0.5725 0.39437500000000003 0.5615625 0.3990625 0.5431250000000001 0.395625 0.5193749999999999 0.38937499999999997 0.504375 0.37625000000000003 0.4890625 0.36312500000000003 0.4815625 0.3428125 0.4803125 0.3315625 0.4875 0.3284375 0.5046875
0 0.32625000000000004 0.53625 0.321875 0.5650000000000001 0.3275 0.5796875 0.338125 0.5912499999999999 0.3578125 0.595 0.3696875 0.5809375 0.37906249999999997 0.565625 0.38468749999999996 0.5396875 0.38375 0.5178125 0.380625 0.51 0.3740625 0.49906249999999996 0.3628125 0.49625 0.34249999999999997 0.5025000000000001 0.3315625 0.515 0.32625000000000004 0.53625
0 0.29093749999999996 0.5203125 0.2934375 0.545 0.2990625 0.5615625 0.3090625 0.5796875 0.33375 0.588125 0.3459375 0.575 0.35343749999999996 0.545625 0.35343749999999996 0.5271874999999999 0.35125 0.5165625 0.3409375 0.49437499999999995 0.32406250000000003 0.48375 0.305 0.48250000000000004 0.29281250000000003 0.4953125 0.29093749999999996 0.5203125
0 0.25906250000000003 0.47906250000000006 0.2528125 0.489375 0.24906250000000002 0.5081249999999999 0.2484375 0.53125 0.2525 0.5515625 0.25968749999999996 0.56875 0.275 0.5759375 0.2975 0.5690625 0.3040625 0.5503125 0.304375 0.53 0.30281250000000004 0.5178125 0.30062500000000003 0.504375 0.29375 0.484375 0.2859375 0.4759375 0.273125 0.47375 0.25906250000000003 0.47906250000000006
0 0.20968749999999997 0.49906249999999996 0.20656249999999998 0.5290625 0.2125 0.5509375000000001 0.22718750000000001 0.566875 0.24562499999999998 0.56875 0.25375000000000003 0.5603125 0.256875 0.5515625 0.2603125 0.53 0.2603125 0.5096875 0.26 0.48875 0.2525 0.4759375 0.2365625 0.47406249999999994 0.21937500000000001 0.48 0.20968749999999997 0.49906249999999996
0 0.15437499999999998 0.4603125 0.151875 0.478125 0.1671875 0.4965625 0.1859375 0.51125 0.20656249999999998 0.5153125000000001 0.22312500000000002 0.5103125000000001 0.22999999999999998 0.49781250000000005 0.231875 0.48562500000000003 0.231875 0.479375 0.21875 0.4646875 0.205625 0.4559375 0.1890625 0.45125000000000004 0.168125 0.45187499999999997 0.15437499999999998 0.4603125
0 0.11000000000000001 0.4603125 0.10406249999999999 0.47468750000000004 0.1134375 0.49468750000000006 0.12375 0.5146875 0.1434375 0.5303125 0.1596875 0.5375 0.17281249999999998 0.534375 0.1846875 0.52 0.18937500000000002 0.505 0.18562499999999998 0.49000000000000005 0.166875 0.47000000000000003 0.1471875 0.45999999999999996 0.12593749999999998 0.4578125 0.11000000000000001 0.4603125
0 0.15562499999999999 0.5443749999999999 0.16999999999999998 0.5578125 0.1909375 0.5634375 0.21000000000000002 0.5621875000000001 0.220625 0.5475 0.21749999999999997 0.5237499999999999 0.2034375 0.5040625000000001 0.1890625 0.495625 0.173125 0.495 0.15875 0.5046875 0.1484375 0.526875 0.15562499999999999 0.5443749999999999
0 0.02375 0.471875 0.045 0.490625 0.06687499999999999 0.51 0.0925 0.51875 0.109375 0.5096875 0.11187499999999999 0.4925 0.0984375 0.46968750000000004 0.094375 0.46656250000000005 0.0828125 0.45562500000000006 0.058750000000000004 0.4453125 0.034687499999999996 0.44375 0.021875 0.453125 0.02375 0.471875
0 0.06343750000000001 0.46968750000000004 0.08 0.4875 0.10968750000000001 0.4953125 0.145625 0.49124999999999996 0.1434375 0.465 0.13968750000000002 0.456875 0.1371875 0.44875 0.1121875 0.44000000000000006 0.0834375 0.43656249999999996 0.065625 0.446875 0.06343750000000001 0.46968750000000004
0 0.06218749999999999 0.4928125 0.065625 0.5078125 0.0765625 0.526875 0.09375 0.541875 0.1171875 0.5534375 0.14125000000000001 0.5528125 0.144375 0.5371875 0.1421875 0.5240625 0.1303125 0.50125 0.1159375 0.490625 0.0915625 0.47906250000000006 0.068125 0.48250000000000004 0.06218749999999999 0.4928125