0 0.3384375 0.7528125 0.334375 0.766875 0.334375 0.784375 0.339375 0.7990625 0.349375 0.8140625 0.3615625 0.826875 0.3725 0.8346875 0.3934375 0.8303125 0.39625 0.815625 0.395625 0.8 0.39437500000000003 0.791875 0.38937499999999997 0.7693749999999999 0.379375 0.7584375 0.365 0.7503124999999999 0.34781249999999997 0.7478125 0.3384375 0.7528125
0 0.3459375 0.7134375000000001 0.3428125 0.7240624999999999 0.3428125 0.7359375 0.3484375 0.7540625000000001 0.3559375 0.7678125 0.365625 0.779375 0.375 0.79 0.3871875 0.7971874999999999 0.40718750000000004 0.7990625 0.418125 0.79375 0.42374999999999996 0.779375 0.41937499999999994 0.76125 0.4090625 0.7421875 0.40718750000000004 0.7396874999999999 0.39375 0.72875 0.3828125 0.719375 0.3703125 0.7140625 0.3590625 0.7106250000000001 0.3459375 0.7134375000000001
0 0.39187500000000003 0.6790625 0.38093750000000004 0.680625 0.37093750000000003 0.689375 0.36906249999999996 0.69875 0.3715625 0.71875 0.38125 0.735 0.39468749999999997 0.744375 0.4103125 0.755625 0.4259375 0.75875 0.44000000000000006 0.754375 0.4453125 0.7418750000000001 0.44749999999999995 0.7271875 0.44718749999999996 0.720625 0.4446875 0.7134375000000001 0.4340625 0.7006249999999999 0.42000000000000004 0.68875 0.40625 0.681875 0.39187500000000003 0.6790625
0 0.3671875 0.6528125 0.3515625 0.661875 0.3453125 0.6790625 0.344375 0.6996875 0.346875 0.72 0.35625 0.7378125 0.36906249999999996 0.7462500000000001 0.3921875 0.744375 0.3984375 0.7315625 0.4015625 0.7134375000000001 0.401875 0.69875 0.3953125 0.6840625 0.390625 0.6681250000000001 0.385 0.6578125 0.3771875 0.6534375 0.3671875 0.6528125
0 0.39875 0.63125 0.3871875 0.63 0.3759375 0.6321875 0.371875 0.640625 0.37093750000000003 0.6540625 0.3740625 0.6678124999999999 0.385625 0.680625 0.40062499999999995 0.6915625000000001 0.4146875 0.6978125000000001 0.43062500000000004 0.7006249999999999 0.44312500000000005 0.7006249999999999 0.45218749999999996 0.6959375 0.4565625 0.6871875000000001 0.4578125 0.6778125 0.4534375 0.6640625 0.441875 0.65 0.42750000000000005 0.6409374999999999 0.41218750000000004 0.635 0.39875 0.63125
0 0.3590625 0.5871875 0.351875 0.6025 0.3515625 0.619375 0.35281250000000003 0.63375 0.3578125 0.65125 0.36906249999999996 0.6621875 0.38156249999999997 0.666875 0.39968750000000003 0.6625 0.40499999999999997 0.6515625 0.4065625 0.634375 0.4059375 0.6221875 0.4046875 0.61375 0.398125 0.59875 0.3921875 0.5884375000000001 0.381875 0.583125 0.3678125 0.5809375 0.3590625 0.5871875
0 0.3903125 0.6115625 0.398125 0.624375 0.409375 0.6384375 0.4215625 0.6509375000000001 0.43656249999999996 0.6559375000000001 0.45125000000000004 0.654375 0.4565625 0.6421875 0.4559375 0.6224999999999999 0.45125000000000004 0.6084375 0.4403125 0.5946875 0.4340625 0.5912499999999999 0.4246875 0.5865625 0.4096875 0.5840625 0.39656250000000004 0.5871875 0.3903125 0.5953125 0.3903125 0.6115625
0 0.39375 0.5334375 0.38687499999999997 0.5465625000000001 0.3778125 0.5665625000000001 0.375 0.5825 0.38093750000000004 0.5934375000000001 0.3978125 0.5921875 0.41875 0.5818749999999999 0.43562500000000004 0.5671875 0.448125 0.5521874999999999 0.4559375 0.5387500000000001 0.4571875 0.53125 0.45437500000000003 0.5221875 0.4425 0.51375 0.4265625 0.5146875 0.40843749999999995 0.5228125 0.39375 0.5334375
0 0.426875 0.6078125 0.441875 0.6125 0.4546875 0.6128125 0.464375 0.6065625 0.47406249999999994 0.5921875 0.47562499999999996 0.5759375 0.47468750000000004 0.5625 0.46656250000000005 0.5553125 0.4571875 0.5493750000000001 0.445 0.5484375 0.43 0.5575 0.418125 0.575 0.4184375 0.5946875 0.426875 0.6078125
0 0.4109375 0.5234375 0.40437500000000004 0.5387500000000001 0.403125 0.5549999999999999 0.41125 0.5646875 0.43156249999999996 0.5665625000000001 0.446875 0.5650000000000001 0.4625 0.5584374999999999 0.47375 0.5459375 0.4759375 0.5349999999999999 0.4759375 0.5278125 0.46968750000000004 0.5134375 0.45625 0.5096875 0.43624999999999997 0.51125 0.42093749999999996 0.515625 0.4109375 0.5234375
0 0.4090625 0.49124999999999996 0.4125 0.5071875 0.428125 0.51875 0.45187499999999997 0.5193749999999999 0.46875 0.5159374999999999 0.48187499999999994 0.50625 0.48687500000000006 0.4884375 0.48250000000000004 0.47437500000000005 0.47625 0.47062499999999996 0.4703125 0.4659375 0.45499999999999996 0.4625 0.4371875 0.4646875 0.41875 0.4771875 0.4090625 0.49124999999999996
0 0.37312500000000004 0.49124999999999996 0.368125 0.5109375 0.3665625 0.52625 0.370625 0.5415625000000001 0.38375 0.55125 0.409375 0.545625 0.426875 0.53 0.428125 0.5096875 0.4234375 0.4959375 0.42093749999999996 0.49124999999999996 0.41531250000000003 0.48624999999999996 0.4078125 0.478125 0.3953125 0.4721875 0.38375 0.478125 0.37312500000000004 0.49124999999999996
0 0.399375 0.44343750000000004 0.3928125 0.458125 0.390625 0.476875 0.3921875 0.495 0.401875 0.505 0.4290625 0.5037499999999999 0.445 0.49468750000000006 0.45187499999999997 0.48312499999999997 0.4528125 0.4771875 0.4515625 0.4703125 0.4375 0.45093750000000005 0.42374999999999996 0.4390625 0.4096875 0.43624999999999997 0.399375 0.44343750000000004
0 0.428125 0.4103125 0.40750000000000003 0.4265625 0.39656250000000004 0.44000000000000006 0.38687499999999997 0.45843749999999994 0.38937499999999997 0.47406249999999994 0.4059375 0.4815625 0.43093750000000003 0.47531249999999997 0.44406249999999997 0.47093749999999995 0.45843749999999994 0.460625 0.47062499999999996 0.449375 0.47843749999999996 0.429375 0.4796875 0.42625 0.4796875 0.4265625 0.48218750000000005 0.41593749999999996 0.4759375 0.40499999999999997 0.45968749999999997 0.40062499999999995 0.44281249999999994 0.4025 0.428125 0.4103125
0 0.426875 0.3334375 0.4146875 0.34500000000000003 0.4125 0.3646875 0.42125 0.3859375 0.43218750000000006 0.4 0.45187499999999997 0.41281249999999997 0.46656250000000005 0.4171875 0.4815625 0.4103125 0.48218750000000005 0.3934375 0.4890625 0.3834375 0.4728125 0.3596875 0.4603125 0.34750000000000003 0.448125 0.3390625 0.426875 0.3334375
0 0.4453125 0.35750000000000004 0.446875 0.3740625 0.4721875 0.3796875 0.49312500000000004 0.374375 0.5096875 0.36312500000000003 0.51875 0.34875 0.521875 0.3325 0.5215625 0.32375 0.515 0.31625000000000003 0.49343750000000003 0.3153125 0.4715625 0.32375 0.45218749999999996 0.3390625 0.4453125 0.35750000000000004
0 0.49406249999999996 0.2628125 0.480625 0.2765625 0.47062499999999996 0.2946875 0.4725 0.3134375 0.4809375 0.328125 0.49749999999999994 0.33218749999999997 0.5165625 0.32156250000000003 0.528125 0.3078125 0.5315624999999999 0.30125 0.5346875 0.27718750000000003 0.53 0.26187499999999997 0.521875 0.254375 0.5065625 0.2553125 0.49406249999999996 0.2628125
0 0.42062499999999997 0.3328125 0.438125 0.33968750000000003 0.47406249999999994 0.33968750000000003 0.5 0.32937500000000003 0.5090625 0.3121875 0.5040625000000001 0.2934375 0.4884375 0.28781249999999997 0.4690625 0.28625 0.4609375 0.2865625 0.4534375 0.28718750000000004 0.4325 0.29312499999999997 0.418125 0.30593750000000003 0.41156249999999994 0.3203125 0.42062499999999997 0.3328125
0 0.45625 0.24874999999999997 0.45125000000000004 0.26375000000000004 0.4534375 0.278125 0.4659375 0.285625 0.489375 0.2865625 0.5081249999999999 0.28125 0.5215625 0.275 0.541875 0.26156250000000003 0.5465625000000001 0.24656250000000002 0.5446875 0.23531249999999998 0.5390625 0.2284375 0.5315624999999999 0.22562500000000002 0.5128125 0.22625 0.48875 0.2303125 0.4715625 0.23875000000000002 0.45625 0.24874999999999997
0 0.479375 0.190625 0.4690625 0.19624999999999998 0.458125 0.205 0.4534375 0.21968749999999998 0.46218750000000003 0.236875 0.4815625 0.240625 0.5146875 0.2365625 0.5296875 0.2321875 0.5503125 0.22000000000000003 0.558125 0.20593750000000002 0.5587500000000001 0.198125 0.5509375000000001 0.1890625 0.5387500000000001 0.1828125 0.5196875000000001 0.1828125 0.5003124999999999 0.1859375 0.479375 0.190625
0 0.4334375 0.2296875 0.438125 0.240625 0.44781250000000006 0.24937499999999999 0.47781250000000003 0.253125 0.5009375 0.25187499999999996 0.52 0.25125000000000003 0.5349999999999999 0.24281250000000001 0.54 0.226875 0.5315624999999999 0.21218750000000003 0.5237499999999999 0.205625 0.5140625 0.2 0.4815625 0.195625 0.4534375 0.19875 0.4425 0.215 0.4334375 0.2296875
0 0.42000000000000004 0.29093749999999996 0.43156249999999996 0.305625 0.4565625 0.3096875 0.47406249999999994 0.2965625 0.4921875 0.28250000000000003 0.5 0.2640625 0.49124999999999996 0.24656250000000002 0.4809375 0.2425 0.47000000000000003 0.2403125 0.4546875 0.24656250000000002 0.43937499999999996 0.2578125 0.421875 0.27468750000000003 0.42000000000000004 0.29093749999999996
0 0.4871875 0.141875 0.4734375 0.1540625 0.47000000000000003 0.1690625 0.479375 0.1846875 0.49625 0.1921875 0.5203125 0.19125 0.5440625 0.1859375 0.5565625 0.17906249999999999 0.5678124999999999 0.1625 0.5678124999999999 0.1528125 0.5640625 0.1428125 0.5478125 0.133125 0.5287499999999999 0.1303125 0.505 0.13374999999999998 0.4871875 0.141875
0 0.46281249999999996 0.169375 0.45625 0.181875 0.45531249999999995 0.19624999999999998 0.4878125 0.20593750000000002 0.5109375 0.20812499999999998 0.533125 0.2046875 0.5471874999999999 0.1903125 0.548125 0.175 0.5440625 0.1640625 0.538125 0.1565625 0.51375 0.15687500000000001 0.49312500000000004 0.1584375 0.4771875 0.16375 0.46281249999999996 0.169375
0 0.48218750000000005 0.125 0.46687500000000004 0.1371875 0.4659375 0.15125 0.47874999999999995 0.164375 0.5075000000000001 0.16499999999999998 0.559375 0.1578125 0.5743750000000001 0.145625 0.5734375 0.1325 0.5596875 0.11625 0.5396875 0.11468750000000001 0.516875 0.1159375 0.496875 0.118125 0.48218750000000005 0.125
0 0.5225 0.1209375 0.533125 0.1375 0.5506249999999999 0.143125 0.5696875 0.1403125 0.5778125000000001 0.12687500000000002 0.5840625 0.10625 0.58375 0.08875 0.5809375 0.0721875 0.5753125 0.06593750000000001 0.5621875000000001 0.059375 0.545625 0.06625 0.5296875 0.081875 0.52 0.1015625 0.5225 0.1209375
0 0.48656249999999995 0.084375 0.47531249999999997 0.0990625 0.475 0.11499999999999999 0.48218750000000005 0.13374999999999998 0.49312500000000004 0.1434375 0.5178125 0.1384375 0.534375 0.12125 0.5378125 0.10375000000000001 0.5378125 0.0878125 0.536875 0.0840625 0.536875 0.079375 0.5321875 0.0725 0.5178125 0.0709375 0.5 0.0740625 0.48656249999999995 0.084375
0 0.528125 0.0478125 0.5096875 0.059375 0.49781250000000005 0.0740625 0.49437499999999995 0.0925 0.5025000000000001 0.10625 0.5181250000000001 0.1084375 0.5371875 0.10406249999999999 0.5543750000000001 0.0925 0.5700000000000001 0.0840625 0.5825 0.071875 0.5878125 0.0609375 0.5878125 0.055625 0.589375 0.0453125 0.5759375 0.0396875 0.5609375 0.03875 0.5421875 0.0415625 0.528125 0.0478125
0 0.49468750000000006 0.0375 0.48343749999999996 0.0540625 0.48656249999999995 0.07125000000000001 0.4959375 0.081875 0.5140625 0.081875 0.53125 0.079375 0.5546875 0.06999999999999999 0.5743750000000001 0.058437499999999996 0.58375 0.048125 0.584375 0.03375 0.5834374999999999 0.027187499999999996 0.5771875 0.0196875 0.5609375 0.0140625 0.5396875 0.015 0.5090625 0.025312499999999998 0.49468750000000006 0.0375