0 0.509375 0.55625 0.515625 0.55625 0.521875 0.546875 0.525 0.528125 0.521875 0.51875 0.5125 0.5125 0.484375 0.50625 0.45 0.50625 0.44375 0.5125 0.440625 0.51875 0.440625 0.534375 0.446875 0.54375 0.509375 0.55625
0 0.45625 0.503125 0.521875 0.5125 0.525 0.50625 0.525 0.484375 0.515625 0.475 0.490625 0.465625 0.46875 0.465625 0.465625 0.4625 0.45 0.4625 0.44375 0.46875 0.44375 0.490625 0.45 0.5 0.45625 0.503125
0 0.471875 0.46875 0.4875 0.46875 0.5125 0.475 0.51875 0.475 0.525 0.46875 0.525 0.446875 0.515625 0.4375 0.515625 0.434375 0.475 0.41875 0.45 0.41875 0.44375 0.428125 0.44375 0.45 0.45 0.4625 0.471875 0.46875
0 0.496875 0.428125 0.521875 0.4375 0.521875 0.409375 0.5125 0.39375 0.503125 0.3875 0.475 0.378125 0.459375 0.378125 0.446875 0.3875 0.44375 0.396875 0.44375 0.409375 0.45 0.41875 0.496875 0.428125
0 0.45 0.5875 0.49375 0.59375 0.5125 0.60625 0.521875 0.60625 0.525 0.603125 0.528125 0.596875 0.528125 0.58125 0.525 0.575 0.509375 0.559375 0.465625 0.546875 0.45 0.546875 0.4375 0.559375 0.4375 0.56875 0.45 0.584375 0.45 0.5875
0 0.490625 0.653125 0.51875 0.65625 0.525 0.653125 0.528125 0.646875 0.528125 0.63125 0.525 0.621875 0.50625 0.6 0.484375 0.5875 0.45 0.5875 0.446875 0.590625 0.446875 0.60625 0.44375 0.6125 0.46875 0.640625 0.490625 0.653125
0 0.46875 0.684375 0.478125 0.684375 0.48125 0.68125 0.515625 0.703125 0.51875 0.703125 0.525 0.696875 0.528125 0.690625 0.528125 0.675 0.51875 0.65625 0.503125 0.646875 0.471875 0.634375 0.44375 0.63125 0.440625 0.6375 0.440625 0.665625 0.44375 0.66875 0.46875 0.684375
0 0.45906250000000004 0.671875 0.44375 0.673125 0.4378125 0.6821875000000001 0.43968749999999995 0.6965625 0.44875 0.7146874999999999 0.4715625 0.7315625 0.4928125 0.7409375 0.51125 0.7421875 0.52125 0.7403125 0.5271874999999999 0.7306250000000001 0.526875 0.72 0.5146875 0.7021875 0.49874999999999997 0.6890625 0.47843749999999996 0.6771874999999999 0.45906250000000004 0.671875
0 0.43562500000000004 0.7228125000000001 0.43218750000000006 0.73625 0.43968749999999995 0.7509375 0.4546875 0.764375 0.48 0.7809375000000001 0.506875 0.78625 0.5171875 0.7784375 0.5193749999999999 0.7703125 0.5178125 0.7553124999999999 0.49093749999999997 0.7321875 0.46875 0.7234375 0.4515625 0.71875 0.43562500000000004 0.7228125000000001
0 0.43125 0.7971874999999999 0.45531249999999995 0.83125 0.47531249999999997 0.8528125 0.4959375 0.8559374999999999 0.50875 0.8365625 0.510625 0.8146875 0.499375 0.7903125 0.4840625 0.7746875 0.47000000000000003 0.7665625 0.45875000000000005 0.7671875 0.4453125 0.7628125 0.4325 0.76375 0.42437500000000006 0.779375 0.43125 0.7971874999999999
0 0.45125000000000004 0.9034375000000001 0.460625 0.9115624999999999 0.48343749999999996 0.89875 0.49343750000000003 0.8653124999999999 0.4796875 0.8309374999999999 0.45906250000000004 0.8143750000000001 0.441875 0.8175000000000001 0.4346875 0.8328125 0.43531250000000005 0.8534375000000001 0.4415625 0.8778124999999999 0.45125000000000004 0.9034375000000001
0 0.45 0.365625 0.4625 0.375 0.50625 0.378125 0.515625 0.371875 0.51875 0.365625 0.51875 0.334375 0.471875 0.325 0.44375 0.325 0.440625 0.334375 0.4375 0.346875 0.440625 0.353125 0.45 0.3625 0.45 0.365625
0 0.515625 0.340625 0.525 0.328125 0.525 0.30625 0.51875 0.303125 0.45625 0.29375 0.45 0.290625 0.44375 0.29375 0.4375 0.3 0.4375 0.31875 0.44375 0.33125 0.515625 0.340625
0 0.4875 0.303125 0.490625 0.30625 0.496875 0.303125 0.525 0.303125 0.53125 0.290625 0.53125 0.271875 0.525 0.2625 0.51875 0.259375 0.465625 0.259375 0.453125 0.2625 0.45 0.265625 0.45 0.29375 0.446875 0.3 0.465625 0.303125 0.4875 0.303125
0 0.44312500000000005 0.18812500000000001 0.4421875 0.2078125 0.44875 0.23500000000000001 0.4659375 0.2725 0.484375 0.2834375 0.501875 0.274375 0.51125 0.25406249999999997 0.51125 0.24718749999999998 0.510625 0.2303125 0.5025000000000001 0.20625 0.4871875 0.19125 0.465625 0.1784375 0.44312500000000005 0.18812500000000001
0 0.471875 0.265625 0.525 0.265625 0.53125 0.2625 0.5375 0.253125 0.5375 0.23125 0.534375 0.225 0.525 0.21875 0.521875 0.221875 0.49375 0.215625 0.46875 0.215625 0.45625 0.21875 0.45 0.228125 0.446875 0.2375 0.45 0.253125 0.459375 0.2625 0.471875 0.265625
0 0.490625 0.221875 0.5125 0.221875 0.528125 0.21875 0.540625 0.209375 0.540625 0.19375 0.521875 0.175 0.5125 0.171875 0.475 0.171875 0.459375 0.178125 0.453125 0.19375 0.459375 0.209375 0.465625 0.215625 0.490625 0.221875
0 0.534375 0.178125 0.54375 0.16875 0.546875 0.15625 0.5375 0.128125 0.5125 0.109375 0.49375 0.1 0.475 0.10625 0.465625 0.11875 0.4625 0.13125 0.496875 0.165625 0.53125 0.178125 0.534375 0.178125
0 0.46875 0.184375 0.50625 0.184375 0.515625 0.178125 0.51875 0.171875 0.515625 0.16875 0.515625 0.153125 0.509375 0.140625 0.48125 0.128125 0.465625 0.125 0.45 0.134375 0.446875 0.1375 0.446875 0.16875 0.459375 0.18125 0.46875 0.184375
0 0.5021875 0.075 0.49375 0.090625 0.496875 0.108125 0.504375 0.12250000000000001 0.521875 0.13218749999999999 0.5434375 0.13187500000000002 0.55 0.11937500000000001 0.5515625 0.105625 0.5503125 0.094375 0.5443749999999999 0.0821875 0.530625 0.0684375 0.5134375 0.06937499999999999 0.5021875 0.075
0 0.5071875 0.03125 0.496875 0.0475 0.4953125 0.06999999999999999 0.5034375 0.08875 0.5175 0.093125 0.5371875 0.09 0.5559375 0.0728125 0.560625 0.06218749999999999 0.5625 0.0503125 0.560625 0.04 0.5540625 0.026250000000000002 0.5378125 0.0196875 0.5215625 0.021249999999999998 0.5071875 0.03125