0 0.7272096375 0.8238815625000001 0.7185288937500001 0.836113521875 0.712215625 0.8447942656249999 0.70708609375 0.85544790625 0.7086644093750001 0.867679865625 0.717739734375 0.87557145 0.73076085 0.875176871875 0.75364645 0.8633394937500001 0.768245884375 0.853869590625 0.78284531875 0.8443996874999999 0.7927098 0.8337460468750001 0.7938935375 0.82664361875 0.792315221875 0.817173715625 0.782056159375 0.8080983906249999 0.7678513031249999 0.8053363375 0.748911496875 0.8120441843749999 0.7272096375 0.8238815625000001
0 0.845583425 0.83690268125 0.8412430531249999 0.8317731500000001 0.8250653031249999 0.828616515625 0.798233909375 0.829800253125 0.7710079375000001 0.8388755781249999 0.7473331812499999 0.85189669375 0.7386524375 0.86452323125 0.742992809375 0.87951724375 0.760354296875 0.888987146875 0.78521279375 0.885435934375 0.810860446875 0.877938928125 0.8365081 0.86807444375 0.8420322125 0.8629449125 0.845978003125 0.8511075343750001 0.845583425 0.83690268125
0 0.748911496875 0.8428213687499999 0.75640850625 0.8558424875 0.769035040625 0.8613665968750001 0.799812228125 0.86807444375 0.822697825 0.86807444375 0.8511075343750001 0.8633394937500001 0.8593937 0.8526858531249999 0.8609720187500001 0.838480996875 0.843610528125 0.826249040625 0.8274327781249999 0.8219086687500001 0.8167791375 0.8163845562500001 0.78402905625 0.815989978125 0.76232719375 0.821119509375 0.7520681312499999 0.831378571875 0.748911496875 0.8428213687499999
0 0.7658784062499999 0.818752034375 0.7765320499999999 0.8274327781249999 0.7970501718749999 0.8341406250000001 0.83808641875 0.83690268125 0.8613665968750001 0.833351465625 0.865312390625 0.8167791375 0.85426416875 0.80020680625 0.8337460468750001 0.7891585875 0.826249040625 0.78876400625 0.805730915625 0.788369428125 0.787185690625 0.7927098 0.7686404625 0.806914653125 0.7658784062499999 0.818752034375
0 0.8155954 0.8006013843750001 0.8155954 0.819541190625 0.8282219375000001 0.8290110937499999 0.853869590625 0.824670721875 0.8696527625 0.8120441843749999 0.87557145 0.7962610125 0.876360609375 0.7863965312500001 0.8759660312499999 0.7765320499999999 0.872809396875 0.76508925 0.8558424875 0.764300090625 0.83453520625 0.77613746875 0.8215140875 0.786001953125 0.8155954 0.8006013843750001
0 0.840059315625 0.83808641875 0.83808641875 0.857026225 0.8443996874999999 0.8684690249999999 0.8593937 0.8684690249999999 0.875176871875 0.861761175 0.88306845625 0.8467671625 0.891749203125 0.8258544593750001 0.8933275187499999 0.801785121875 0.8933275187499999 0.79547185625 0.88859256875 0.787185690625 0.8767551906250001 0.7848182125000001 0.8593937 0.799417646875 0.851502115625 0.813622503125 0.840059315625 0.83808641875
0 0.88306845625 0.81283334375 0.8803064031250001 0.831378571875 0.877938928125 0.853869590625 0.88701425 0.8613665968750001 0.89845705 0.861761175 0.917791434375 0.8546587499999999 0.93002339375 0.8372972593749999 0.937914978125 0.813227921875 0.9410716125 0.7962610125 0.9450174062500001 0.78284531875 0.9260776 0.774559153125 0.918186015625 0.77495373125 0.8941166781250001 0.790736903125 0.88306845625 0.81283334375
0 0.91976433125 0.843610528125 0.929628815625 0.848740059375 0.9426499312500001 0.851502115625 0.9536981499999999 0.8495292187500001 0.97382169375 0.83808641875 0.9848699156249999 0.818752034375 0.9868428124999999 0.8041525999999999 0.98171328125 0.786001953125 0.97382169375 0.779688684375 0.9521198343749999 0.7765320499999999 0.940677034375 0.787974846875 0.9233155468750001 0.8077038125 0.917791434375 0.828616515625 0.91976433125 0.843610528125
0 0.92213180625 0.79113148125 0.9272613375000001 0.8116496062499999 0.943439090625 0.8215140875 0.96001141875 0.817173715625 0.9757945906250001 0.7938935375 0.974610853125 0.778110365625 0.969875903125 0.76469466875 0.959616840625 0.7583814 0.94028245625 0.756803084375 0.9272613375000001 0.769429621875 0.92213180625 0.79113148125
0 0.8937221 0.822303246875 0.917791434375 0.8116496062499999 0.9201589125 0.787185690625 0.919369753125 0.773375415625 0.9091106906249999 0.7639055124999999 0.88306845625 0.760354296875 0.864128653125 0.77495373125 0.86807444375 0.802179703125 0.8937221 0.822303246875
0 0.75625 0.3125 0.778125 0.290625 0.78125 0.275 0.771875 0.26875 0.75 0.278125 0.734375 0.29375 0.734375 0.31875 0.746875 0.31875 0.75625 0.3125
0 0.684375 0.35625 0.70625 0.34375 0.715625 0.334375 0.71875 0.334375 0.728125 0.31875 0.728125 0.296875 0.71875 0.2875 0.684375 0.2875 0.65625 0.3 0.64375 0.31875 0.64375 0.33125 0.6625 0.3625 0.684375 0.35625
0 0.6125 0.36875 0.625 0.38125 0.6375 0.38125 0.65625 0.371875 0.675 0.353125 0.68125 0.340625 0.68125 0.325 0.678125 0.3125 0.66875 0.3 0.65625 0.3 0.63125 0.315625 0.628125 0.3125 0.625 0.31875 0.615625 0.328125 0.6125 0.328125 0.6125 0.36875
0 0.603125 0.396875 0.609375 0.39375 0.625 0.378125 0.63125 0.365625 0.63125 0.325 0.628125 0.315625 0.61875 0.309375 0.6 0.309375 0.590625 0.31875 0.5875 0.340625 0.590625 0.39375 0.59375 0.396875 0.603125 0.396875
0 0.565625 0.4125 0.58125 0.4 0.5875 0.38125 0.5875 0.35625 0.584375 0.353125 0.584375 0.334375 0.575 0.321875 0.559375 0.321875 0.546875 0.328125 0.53125 0.35625 0.546875 0.409375 0.553125 0.4125 0.565625 0.4125
0 0.503125 0.390625 0.5125 0.41875 0.515625 0.421875 0.534375 0.421875 0.546875 0.409375 0.546875 0.38125 0.54375 0.35625 0.5125 0.340625 0.503125 0.35 0.5 0.35625 0.5 0.3625 0.503125 0.365625 0.503125 0.390625
0 0.465625 0.4125 0.48125 0.425 0.48125 0.428125 0.49375 0.428125 0.509375 0.41875 0.5 0.371875 0.4875 0.35 0.465625 0.35625 0.465625 0.359375 0.45625 0.36875 0.45625 0.39375 0.465625 0.4125
0 0.459375 0.45 0.471875 0.446875 0.478125 0.44375 0.490625 0.428125 0.490625 0.425 0.45 0.38125 0.440625 0.38125 0.425 0.4 0.421875 0.409375 0.434375 0.453125 0.45625 0.446875 0.459375 0.45
0 0.39375 0.4625 0.4 0.465625 0.421875 0.465625 0.43125 0.459375 0.4375 0.434375 0.41875 0.4 0.403125 0.390625 0.396875 0.390625 0.384375 0.396875 0.371875 0.409375 0.371875 0.4125 0.3625 0.421875 0.365625 0.43125 0.39375 0.4625
0 0.31875 0.5 0.328125 0.5 0.328125 0.496875 0.34375 0.496875 0.375 0.484375 0.39375 0.4625 0.39375 0.44375 0.384375 0.434375 0.359375 0.421875 0.35 0.425 0.3125 0.45 0.303125 0.465625 0.303125 0.48125 0.3125 0.484375 0.31875 0.5
0 0.33125 0.540625 0.346875 0.534375 0.36875 0.515625 0.375 0.503125 0.378125 0.4875 0.371875 0.475 0.359375 0.46875 0.325 0.484375 0.31875 0.49375 0.31875 0.5375 0.321875 0.540625 0.33125 0.540625
0 0.284375 0.565625 0.284375 0.56875 0.2875 0.571875 0.296875 0.571875 0.3125 0.55625 0.315625 0.546875 0.3125 0.509375 0.30625 0.4875 0.29375 0.475 0.28125 0.475 0.271875 0.484375 0.271875 0.540625 0.275 0.55625 0.284375 0.565625
0 0.30625 0.5375 0.325 0.534375 0.325 0.4625 0.31875 0.45 0.30625 0.440625 0.29375 0.440625 0.2875 0.44375 0.275 0.459375 0.265625 0.48125 0.265625 0.490625 0.28125 0.525 0.30625 0.5375
0 0.265625 0.59375 0.28125 0.578125 0.28125 0.54375 0.271875 0.509375 0.2625 0.490625 0.240625 0.49375 0.228125 0.50625 0.225 0.515625 0.23125 0.53125 0.2375 0.6 0.265625 0.59375
0 0.19375 0.5875 0.2 0.590625 0.209375 0.6125 0.215625 0.615625 0.234375 0.60625 0.240625 0.596875 0.24375 0.5875 0.24375 0.546875 0.228125 0.5125 0.20625 0.51875 0.190625 0.534375 0.1875 0.54375 0.190625 0.54375 0.196875 0.55625 0.19375 0.5875
0 0.192160115625 0.595420153125 0.168090778125 0.60370631875 0.15151845 0.61633285625 0.138102753125 0.63132686875 0.12863285 0.6490829375 0.124292478125 0.6609203156250001 0.13060574687499998 0.6715739562499999 0.14007565 0.6790709625 0.150729290625 0.67828180625 0.16611788125 0.6719685375 0.18663600625 0.663682371875 0.200840859375 0.6530287312499999 0.213467396875 0.6396130343750001 0.220964403125 0.6261973375000001 0.22135898437499998 0.6147545375 0.21859692812499998 0.6033117375 0.20794328750000002 0.596998471875 0.192160115625 0.595420153125
0 0.14796723437499998 0.56701044375 0.14796723437499998 0.586739409375 0.15112386875 0.610808746875 0.161777509375 0.634088925 0.1779552625 0.6372455593749999 0.197684225 0.62895939375 0.2055758125 0.605679215625 0.20399749374999998 0.580031559375 0.202419178125 0.56306465 0.196105909375 0.5468869 0.19137095625 0.539784471875 0.17953357812499998 0.537811575 0.162172090625 0.5449140031249999 0.14796723437499998 0.56701044375
0 0.10101230000000001 0.60370631875 0.090358659375 0.625408178125 0.08917491875 0.64395340625 0.0954881875 0.66802274375 0.11048220312499998 0.677098065625 0.131789484375 0.677492646875 0.141653965625 0.663287790625 0.15151845 0.64276966875 0.15901545625 0.623435284375 0.164144984375 0.6135708 0.1736148875 0.599760525 0.179139 0.583582775 0.175982365625 0.5752966093749999 0.168485359375 0.567405021875 0.155858821875 0.5642483875 0.12863285 0.5709562375 0.116400890625 0.583977353125 0.10101230000000001 0.60370631875
0 0.058397734374999996 0.612781640625 0.039457928125 0.630932290625 0.026831390625 0.65657994375 0.026042234375 0.6747305906250001 0.042614562499999994 0.68775170625 0.063527265625 0.683805915625 0.086412865625 0.66920648125 0.100223140625 0.6530287312499999 0.10969304375 0.63487808125 0.11048220312499998 0.63014313125 0.10890388437500001 0.615938275 0.10850930624999999 0.604100896875 0.098644821875 0.5985767875 0.0769429625 0.60252258125 0.058397734374999996 0.612781640625
0 0.024463915625 0.722869265625 0.042614562499999994 0.733917484375 0.071024271875 0.727604215625 0.086412865625 0.706296934375 0.09706650624999999 0.68775170625 0.10416893437500001 0.66802274375 0.10377435312500001 0.650661253125 0.10101230000000001 0.64513714375 0.072208009375 0.643558828125 0.04537661875 0.650661253125 0.024858496875 0.676308909375 0.016966909375 0.697221609375 0.024463915625 0.722869265625
0 0.043403721875 0.7248421625 0.054451943749999995 0.73115543125 0.069840534375 0.73115543125 0.091542396875 0.722869265625 0.1045635125 0.711426465625 0.12350331875000001 0.6916975 0.1321840625 0.678676384375 0.132973221875 0.663287790625 0.12823826875 0.6550016249999999 0.108114725 0.6490829375 0.07062969375 0.6605257375 0.042219984375000005 0.68183301875 0.035906715625 0.709058990625 0.043403721875 0.7248421625