0 0.684375 0.69375 0.6875 0.690625 0.703125 0.690625 0.7125 0.675 0.7125 0.65 0.703125 0.63125 0.696875 0.625 0.696875 0.621875 0.671875 0.596875 0.65625 0.590625 0.646875 0.59375 0.64375 0.6 0.64375 0.615625 0.6625 0.678125 0.684375 0.69375
0 0.678125 0.7375 0.696875 0.7375 0.709375 0.721875 0.709375 0.7 0.703125 0.675 0.6875 0.65625 0.665625 0.6375 0.653125 0.634375 0.64375 0.634375 0.640625 0.6375 0.6375 0.66875 0.64375 0.703125 0.659375 0.721875 0.678125 0.7375
0 0.725 0.759375 0.7375 0.75 0.74375 0.709375 0.740625 0.690625 0.728125 0.6625 0.715625 0.65 0.7125 0.65 0.7 0.746875 0.703125 0.753125 0.715625 0.759375 0.725 0.759375
0 0.628125 0.69375 0.640625 0.69375 0.653125 0.684375 0.65625 0.675 0.653125 0.6375 0.640625 0.596875 0.6375 0.590625 0.63125 0.5875 0.621875 0.5875 0.609375 0.596875 0.60625 0.609375 0.603125 0.665625 0.609375 0.678125 0.621875 0.690625 0.628125 0.69375
0 0.60625 0.6625 0.621875 0.628125 0.621875 0.5875 0.615625 0.571875 0.609375 0.5625 0.59375 0.559375 0.565625 0.5875 0.5625 0.621875 0.571875 0.64375 0.58125 0.653125 0.60625 0.6625
0 0.571875 0.621875 0.5875 0.6 0.590625 0.584375 0.590625 0.54375 0.575 0.528125 0.55 0.53125 0.53125 0.565625 0.528125 0.58125 0.54375 0.6125 0.55625 0.621875 0.571875 0.621875
0 0.5375 0.5875 0.553125 0.575 0.559375 0.5625 0.559375 0.55 0.55625 0.5375 0.546875 0.51875 0.540625 0.5125 0.525 0.50625 0.496875 0.53125 0.49375 0.5375 0.50625 0.5625 0.525 0.584375 0.5375 0.5875
0 0.56875 0.55625 0.578125 0.55625 0.590625 0.55 0.596875 0.5375 0.596875 0.521875 0.59375 0.5125 0.58125 0.4875 0.565625 0.46875 0.546875 0.459375 0.54375 0.4625 0.53125 0.478125 0.534375 0.5 0.5625 0.55 0.56875 0.55625
0 0.490625 0.540625 0.496875 0.54375 0.5125 0.54375 0.528125 0.528125 0.53125 0.51875 0.53125 0.509375 0.525 0.490625 0.5125 0.475 0.49375 0.475 0.475 0.484375 0.471875 0.490625 0.471875 0.509375 0.478125 0.525 0.490625 0.540625
0 0.446875 0.4875 0.46875 0.4875 0.528125 0.471875 0.5375 0.459375 0.5375 0.446875 0.521875 0.43125 0.509375 0.425 0.46875 0.4125 0.459375 0.4125 0.43125 0.421875 0.421875 0.43125 0.421875 0.446875 0.434375 0.478125 0.446875 0.4875
0 0.45 0.46875 0.4625 0.465625 0.471875 0.453125 0.475 0.4375 0.475 0.425 0.465625 0.403125 0.45 0.384375 0.440625 0.378125 0.434375 0.38125 0.41875 0.409375 0.415625 0.421875 0.425 0.45625 0.43125 0.465625 0.45 0.46875
0 0.39375 0.4125 0.40625 0.415625 0.4125 0.4125 0.421875 0.4 0.43125 0.378125 0.43125 0.371875 0.428125 0.3625 0.40625 0.346875 0.396875 0.353125 0.378125 0.3875 0.378125 0.39375 0.38125 0.4 0.39375 0.4125
0 0.371875 0.3875 0.384375 0.375 0.390625 0.3625 0.396875 0.346875 0.396875 0.325 0.39375 0.31875 0.38125 0.30625 0.365625 0.303125 0.359375 0.309375 0.34375 0.359375 0.34375 0.365625 0.35625 0.384375 0.371875 0.3875
0 0.325 0.35625 0.3375 0.359375 0.34375 0.35625 0.353125 0.340625 0.35625 0.33125 0.359375 0.296875 0.35625 0.284375 0.346875 0.275 0.33125 0.26875 0.325 0.278125 0.30625 0.321875 0.30625 0.328125 0.3125 0.34375 0.325 0.35625
0 0.290625 0.321875 0.3 0.321875 0.30625 0.31875 0.321875 0.29375 0.325 0.2625 0.321875 0.25625 0.296875 0.23125 0.29375 0.23125 0.271875 0.296875 0.278125 0.3125 0.284375 0.31875 0.290625 0.321875
0 0.2625 0.29375 0.278125 0.28125 0.284375 0.26875 0.2875 0.246875 0.28125 0.234375 0.275 0.228125 0.259375 0.228125 0.2375 0.259375 0.234375 0.265625 0.2375 0.275 0.253125 0.290625 0.2625 0.29375
0 0.23125 0.2625 0.25 0.24375 0.25625 0.221875 0.234375 0.190625 0.215625 0.184375 0.196875 0.190625 0.1875 0.203125 0.184375 0.225 0.203125 0.25 0.215625 0.259375 0.23125 0.2625
0 0.18125 0.184375 0.215625 0.184375 0.21875 0.1625 0.215625 0.153125 0.203125 0.1375 0.175 0.1125 0.159375 0.10625 0.140625 0.10625 0.13125 0.115625 0.13125 0.1375 0.15625 0.16875 0.18125 0.184375
0 0.190625 0.23125 0.203125 0.23125 0.209375 0.228125 0.225 0.20625 0.225 0.190625 0.215625 0.171875 0.190625 0.165625 0.175 0.165625 0.171875 0.16875 0.15625 0.190625 0.15625 0.203125 0.16875 0.21875 0.190625 0.23125
0 0.134375 0.1875 0.140625 0.190625 0.153125 0.190625 0.159375 0.1875 0.16875 0.178125 0.171875 0.171875 0.171875 0.1625 0.165625 0.140625 0.15 0.115625 0.14375 0.109375 0.10625 0.103125 0.1 0.10625 0.096875 0.1125 0.09375 0.121875 0.09375 0.134375 0.10625 0.159375 0.134375 0.1875