0 0.54153883125 0.763576615625 0.5326161375 0.7731856687499999 0.537420665625 0.7913742375 0.55011834375 0.803042371875 0.56418874375 0.8116218843749999 0.5854659343749999 0.823290021875 0.6074294874999999 0.832212715625 0.625274875 0.8291240906249999 0.629393040625 0.8078469 0.625618053125 0.79652194375 0.614636278125 0.784167446875 0.5837500343750001 0.76838114375 0.5683069093750001 0.76151753125 0.55252060625 0.75980163125 0.54153883125 0.763576615625
0 0.52712525 0.724110859375 0.51580029375 0.729601746875 0.514427571875 0.74504486875 0.5326161375 0.7604879906249999 0.5559524125 0.769753865625 0.580318228125 0.774901571875 0.598849975 0.7755879343750001 0.60983175 0.76529251875 0.60983175 0.7539675625 0.61017493125 0.750192575 0.592672725 0.738181259375 0.57345461875 0.7306312875 0.548059259375 0.7251404 0.52712525 0.724110859375
0 0.48422768749999995 0.6932246125 0.496925365625 0.70832455625 0.51820255625 0.722051775 0.55080470625 0.732004009375 0.585809115625 0.731660828125 0.592672725 0.720679053125 0.5902704625 0.706265471875 0.583063671875 0.695626875 0.554922871875 0.679840571875 0.5302138750000001 0.671947421875 0.4952094625 0.672290603125 0.48422768749999995 0.6932246125
0 0.465695940625 0.6307657625 0.466039121875 0.6417475375 0.476677715625 0.657877021875 0.494523103125 0.668515615625 0.5151139312499999 0.67640876875 0.540166109375 0.6818996562499999 0.55629559375 0.680183753125 0.5669341875 0.6705747 0.569336453125 0.65684748125 0.55869785625 0.6424339 0.5346752218749999 0.626990775 0.5068775999999999 0.619097625 0.480452703125 0.61875444375 0.465695940625 0.6307657625
0 0.45265508125 0.575170521875 0.44716419375000005 0.5933590875 0.457116428125 0.6115476531249999 0.479423159375 0.625618053125 0.5082503218750001 0.63351120625 0.526095709375 0.634883928125 0.5384502062500001 0.628363496875 0.54222519375 0.623558971875 0.545656996875 0.6105181125 0.525409346875 0.5933590875 0.5000139906250001 0.573797796875 0.46672548125 0.568650090625 0.45265508125 0.575170521875
0 0.42073929374999997 0.54222519375 0.431034709375 0.570709175 0.457116428125 0.588897740625 0.489032215625 0.59370226875 0.5041321562500001 0.583406853125 0.508593503125 0.56762055 0.50481851875 0.5494319812499999 0.48113906249999994 0.529184334375 0.451625540625 0.517859378125 0.43240743125 0.522663903125 0.42073929374999997 0.54222519375
0 0.416277946875 0.46912774687500003 0.40563935312500005 0.47770725937499997 0.39911892187500003 0.4982980875 0.414218865625 0.51820255625 0.43618241874999997 0.52678206875 0.45780278750000003 0.5319297781250001 0.465352759375 0.53364568125 0.479766340625 0.5326161375 0.48491405 0.5257525281250001 0.48662995000000003 0.522320721875 0.48525722812499994 0.513741209375 0.4780504375 0.50172989375 0.457116428125 0.48560040937500004 0.43858468124999994 0.47221636875 0.416277946875 0.46912774687500003
0 0.380243996875 0.38710760624999996 0.362741790625 0.397403021875 0.3579372625 0.42520064062499996 0.36994858124999996 0.451625540625 0.391568953125 0.47530499375 0.40426663124999995 0.4780504375 0.41936657187500004 0.46981410625000003 0.43034834999999994 0.45848915 0.43240743125 0.45505734374999995 0.436525596875 0.4437323875 0.422455196875 0.41936657187500004 0.40872797812500006 0.396373478125 0.396373478125 0.3836758 0.380243996875 0.38710760624999996
0 0.35141683437500004 0.34489640312500003 0.342837321875 0.36583041562499996 0.34043505625 0.39568711875 0.3469554875 0.41833703125 0.364800871875 0.427259725 0.377155371875 0.41765066875 0.387793965625 0.40426663124999995 0.392941675 0.38950986875 0.39568711875 0.36926221875 0.393284853125 0.353819096875 0.380243996875 0.342150959375 0.366516775 0.340091878125 0.35141683437500004 0.34489640312500003
0 0.305087465625 0.2549831125 0.3009693 0.282780734375 0.313666978125 0.30646018750000004 0.33151236562499997 0.317098784375 0.3500441125 0.319501046875 0.359653165625 0.316755603125 0.370634940625 0.3009693 0.371664484375 0.294105690625 0.36926221875 0.28072165 0.354162278125 0.259101278125 0.336660071875 0.244344515625 0.3205305875 0.24297179375 0.305087465625 0.2549831125
0 0.293419328125 0.193210621875 0.280035290625 0.21174236875000002 0.280035290625 0.24331497500000002 0.29753749375 0.26939669374999997 0.32121695 0.28037846875 0.33803279375 0.273171678125 0.3469554875 0.253610390625 0.3469554875 0.23439228124999997 0.345925946875 0.22203778437500002 0.33563053125 0.205221940625 0.32396239375 0.19492652500000002 0.30989199375 0.1894356375 0.293419328125 0.193210621875
0 0.26527852812499997 0.16335391875 0.264592165625 0.18291520625 0.2752307625 0.210712828125 0.29067388437499997 0.22409686875 0.305773828125 0.22409686875 0.31778514375 0.21105600937500002 0.324648753125 0.188062915625 0.32361921250000003 0.17124706875 0.32293285312500003 0.16644254375 0.31778514375 0.1551175875 0.30611700625 0.14619489375 0.290330703125 0.142076728125 0.27488758125 0.14619489375 0.26527852812499997 0.16335391875
0 0.2518944875 0.098492803125 0.248119503125 0.11496546875 0.24914904375 0.138988103125 0.256699015625 0.153744865625 0.258758096875 0.156147128125 0.27488758125 0.164726640625 0.28724208125 0.16369709999999998 0.2985670375 0.1496267 0.30234202187500003 0.135899478125 0.296851134375 0.1225154375 0.29067388437499997 0.10947458125000001 0.276603484375 0.09712008125 0.26630806875 0.09506099999999999 0.2518944875 0.098492803125