0 0.590625 0.909375 0.6 0.909375 0.609375 0.903125 0.615625 0.890625 0.615625 0.84375 0.609375 0.83125 0.590625 0.8125 0.575 0.8125 0.56875 0.815625 0.559375 0.83125 0.55625 0.85625 0.5625 0.88125 0.584375 0.90625 0.590625 0.909375
0 0.6125 0.85625 0.61875 0.846875 0.621875 0.834375 0.621875 0.8125 0.609375 0.775 0.603125 0.765625 0.584375 0.75 0.575 0.753125 0.56875 0.759375 0.565625 0.775 0.565625 0.825 0.5875 0.85625 0.6125 0.85625
0 0.55 0.84375 0.55625 0.840625 0.571875 0.809375 0.575 0.753125 0.55625 0.734375 0.54375 0.734375 0.528125 0.746875 0.521875 0.7625 0.51875 0.771875 0.51875 0.80625 0.528125 0.840625 0.55 0.84375
0 0.55 0.884375 0.5625 0.884375 0.578125 0.871875 0.584375 0.85625 0.571875 0.78125 0.540625 0.784375 0.5375 0.790625 0.525 0.828125 0.525 0.84375 0.5375 0.875 0.55 0.884375
0 0.503125 0.825 0.509375 0.828125 0.51875 0.828125 0.521875 0.825 0.5387500000000001 0.8012499999999999 0.5375 0.7375 0.534375 0.734375 0.521875 0.7196875 0.5 0.72375 0.4859375 0.73625 0.4828125 0.749375 0.484375 0.7625 0.484375 0.7875 0.490625 0.80625 0.503125 0.825
0 0.541875 0.7815624999999999 0.5578125 0.788125 0.5756249999999999 0.7753125 0.58125 0.746875 0.578125 0.728125 0.56875 0.703125 0.559375 0.6875 0.546875 0.678125 0.54375 0.678125 0.5375 0.684375 0.528125 0.70625 0.528125 0.728125 0.5275000000000001 0.7546875 0.541875 0.7815624999999999
0 0.5375 0.73125 0.5375 0.684375 0.528125 0.675 0.521875 0.671875 0.5125 0.671875 0.4875 0.7 0.484375 0.7125 0.48125 0.765625 0.49375 0.778125 0.5125 0.778125 0.5375 0.73125
0 0.453125 0.740625 0.46875 0.75625 0.48125 0.759375 0.49375 0.746875 0.496875 0.7375 0.496875 0.71875 0.490625 0.690625 0.484375 0.678125 0.4625 0.659375 0.45 0.6625 0.440625 0.66875 0.434375 0.68125 0.434375 0.696875 0.440625 0.71875 0.453125 0.740625
0 0.534375 0.69375 0.540625 0.678125 0.540625 0.6625 0.5375 0.65 0.53125 0.6375 0.525 0.63125 0.51875 0.628125 0.515625 0.63125 0.5028125 0.6384375 0.490625 0.675 0.484375 0.715625 0.496875 0.71875 0.515625 0.71875 0.534375 0.69375
0 0.478125 0.69375 0.4875 0.69375 0.509375 0.66875 0.5125 0.65625 0.515625 0.621875 0.509375 0.6 0.503125 0.5875 0.496875 0.58125 0.490625 0.58125 0.46875 0.6 0.4625 0.615625 0.459375 0.63125 0.4625 0.66875 0.46875 0.684375 0.478125 0.69375
0 0.425 0.675 0.434375 0.675 0.459375 0.653125 0.4625 0.596875 0.45 0.5875 0.440625 0.584375 0.425 0.584375 0.41875 0.590625 0.4125 0.603125 0.409375 0.6125 0.409375 0.65625 0.4125 0.6625 0.425 0.675
0 0.4375 0.63125 0.453125 0.63125 0.4625 0.609375 0.4625 0.590625 0.45 0.578125 0.41875 0.5625 0.403125 0.5625 0.38125 0.575 0.378125 0.578125 0.378125 0.59375 0.40625 0.625 0.4375 0.63125
0 0.45625 0.6 0.503125 0.590625 0.4875 0.55625 0.46875 0.5375 0.45 0.53125 0.43125 0.53125 0.425 0.534375 0.4125 0.546875 0.4125 0.5625 0.421875 0.5875 0.45625 0.6
0 0.390625 0.575 0.40625 0.56875 0.41875 0.55625 0.43125 0.528125 0.43125 0.509375 0.428125 0.503125 0.41875 0.5 0.403125 0.5 0.38125 0.521875 0.365625 0.54375 0.365625 0.55625 0.375 0.575 0.390625 0.575
0 0.4375 0.575 0.453125 0.575 0.475 0.54375 0.46875 0.503125 0.459375 0.49375 0.45625 0.49375 0.428125 0.50625 0.421875 0.5125 0.4125 0.54375 0.4125 0.559375 0.41875 0.565625 0.4375 0.575
0 0.2625 0.134375 0.275 0.11875 0.28125 0.103125 0.290625 0.06875 0.2875 0.053125 0.278125 0.04375 0.2625 0.04375 0.228125 0.075 0.221875 0.0875 0.21875 0.10625 0.221875 0.121875 0.2375 0.134375 0.2625 0.134375
0 0.28125 0.16875 0.303125 0.16875 0.31875 0.15625 0.321875 0.15 0.31875 0.121875 0.309375 0.09375 0.296875 0.078125 0.28375 0.071875 0.26437499999999997 0.07843750000000001 0.2575 0.09406250000000001 0.2584375 0.113125 0.265625 0.15 0.275 0.165625 0.28125 0.16875
0 0.21875 0.171875 0.221875 0.175 0.23125 0.175 0.246875 0.16875 0.25625 0.159375 0.265625 0.1375 0.265625 0.1125 0.259375 0.09375 0.246875 0.084375 0.23125 0.084375 0.215625 0.096875 0.20625 0.109375 0.20625 0.13125 0.209375 0.15 0.21875 0.171875
0 0.259375 0.2125 0.278125 0.19375 0.296875 0.16875 0.296875 0.146875 0.29375 0.140625 0.275 0.1375 0.228125 0.178125 0.225 0.190625 0.23125 0.20625 0.240625 0.215625 0.259375 0.2125
0 0.271875 0.246875 0.303125 0.225 0.328125 0.19375 0.328125 0.175 0.31875 0.16875 0.290625 0.171875 0.28125 0.178125 0.246875 0.21875 0.24375 0.23125 0.246875 0.2375 0.259375 0.246875 0.271875 0.246875
0 0.26875 0.278125 0.2875 0.278125 0.3 0.275 0.325 0.259375 0.35 0.2375 0.35 0.2125 0.334375 0.2 0.315625 0.203125 0.2625 0.246875 0.259375 0.25 0.259375 0.26875 0.2625 0.275 0.26875 0.278125
0 0.278125 0.30625 0.321875 0.30625 0.359375 0.29375 0.36875 0.284375 0.36875 0.2625 0.359375 0.246875 0.35 0.24375 0.321875 0.2446875 0.2778125 0.26375000000000004 0.26875 0.28125 0.278125 0.30625
0 0.328125 0.340625 0.384375 0.33125 0.384375 0.29375 0.375 0.284375 0.365625 0.28125 0.315625 0.284375 0.29375 0.290625 0.284375 0.3 0.28125 0.31875 0.284375 0.334375 0.2875 0.3375 0.328125 0.340625
0 0.34375 0.384375 0.375 0.390625 0.390625 0.390625 0.409375 0.38125 0.4125 0.36875 0.40625 0.353125 0.390625 0.3375 0.375 0.328125 0.359375 0.325 0.3375 0.325 0.328125 0.33125 0.325 0.340625 0.321875 0.353125 0.325 0.371875 0.33125 0.378125 0.34375 0.384375
0 0.29375 0.371875 0.30625 0.384375 0.3125 0.384375 0.3375 0.371875 0.340625 0.33125 0.3375 0.3 0.325 0.296875 0.290625 0.296875 0.284375 0.303125 0.28125 0.309375 0.28125 0.33125 0.284375 0.346875 0.29375 0.371875
0 0.35031249999999997 0.4290625 0.384375 0.434375 0.4025 0.43499999999999994 0.414375 0.42718749999999994 0.41531250000000003 0.4103125 0.40437500000000004 0.3959375 0.39187500000000003 0.3890625 0.325 0.375 0.3125 0.38125 0.3121875 0.399375 0.315625 0.409375 0.325 0.41875 0.35031249999999997 0.4290625
0 0.440625 0.453125 0.44375 0.4375 0.440625 0.428125 0.434375 0.421875 0.425 0.41875 0.409375 0.41875 0.36875 0.428125 0.34375 0.45 0.340625 0.46875 0.346875 0.48125 0.384375 0.48125 0.440625 0.453125
0 0.4125 0.528125 0.453125 0.490625 0.45625 0.484375 0.45625 0.465625 0.446875 0.453125 0.428125 0.453125 0.41875 0.45625 0.384375 0.4875 0.38125 0.49375 0.38125 0.525 0.390625 0.528125 0.4125 0.528125
0 0.41875 0.49375 0.421875 0.45625 0.403125 0.446875 0.3875 0.446875 0.365625 0.453125 0.35625 0.4625 0.346875 0.484375 0.34375 0.515625 0.346875 0.525 0.365625 0.540625 0.41875 0.49375