0 0.539835078125 0.54120175 0.5271933718749999 0.55213511875 0.5241183625 0.5699018437500001 0.526510034375 0.58698523125 0.534026725 0.613976984375 0.539835078125 0.6303770375 0.5524767875000001 0.6382353968750001 0.5709268468750001 0.6375520625 0.57981020625 0.6303770375 0.584935225 0.61534365625 0.584935225 0.59996860625 0.579468540625 0.583568553125 0.5753685281250001 0.555551796875 0.563410153125 0.54325175625 0.552818453125 0.5371017375 0.539835078125 0.54120175
0 0.5077183093750001 0.6102186406250001 0.5005432843750001 0.6255936875 0.49370992812500003 0.645068753125 0.49541826875000006 0.66078546875 0.509084978125 0.6710355031249999 0.522068353125 0.668985496875 0.53676006875 0.6539521125000001 0.548718440625 0.63481871875 0.55862680625 0.6184186656249999 0.561701815625 0.609876971875 0.564435159375 0.594501921875 0.554185125 0.5832268843749999 0.539835078125 0.5808352125 0.52377669375 0.5907435750000001 0.5077183093750001 0.6102186406250001
0 0.515235 0.68265220625 0.5121599875 0.70281060625 0.5169433375 0.7192106593750001 0.5330017218750001 0.72672735 0.547010103125 0.7192106593750001 0.56238515 0.701102265625 0.572293515625 0.681285534375 0.5777602 0.6659104874999999 0.5808352125 0.65429378125 0.5808352125 0.6433604125 0.5675101687499999 0.635502053125 0.548376771875 0.640285403125 0.53026838125 0.6560021218750001 0.515235 0.68265220625
0 0.5148933312499999 0.73766071875 0.511818321875 0.7516690968749999 0.51318499375 0.7632858 0.5285600406250001 0.7697774875000001 0.544276759375 0.767385815625 0.5630684875 0.755769109375 0.5770768656249999 0.739710725 0.587668565625 0.72467734375 0.594160253125 0.70930229375 0.5914269125 0.69153556875 0.574685190625 0.6891438937500001 0.554185125 0.694610578125 0.53676006875 0.7113522999999999 0.5148933312499999 0.73766071875
0 0.556918465625 0.692560571875 0.545985096875 0.7154523125 0.5453017625000001 0.7366357156250001 0.558968475 0.7523524312500001 0.5736601875 0.75747745 0.592451915625 0.751327428125 0.599285271875 0.73766071875 0.609535303125 0.71818565625 0.612268646875 0.7014439343750001 0.60885196875 0.6847022125 0.600310275 0.6717188375 0.588010234375 0.66796049375 0.5709268468750001 0.675135515625 0.556918465625 0.692560571875
0 0.546668434375 0.762602465625 0.5357350656250001 0.77900251875 0.531293384375 0.7974525781249999 0.543593425 0.8063359406249999 0.561701815625 0.8083859468749999 0.580151875 0.799160915625 0.598601934375 0.786177540625 0.613976984375 0.77011915625 0.6173936624999999 0.753719103125 0.616710328125 0.740394059375 0.605435290625 0.731510696875 0.588010234375 0.73116903125 0.569560175 0.740735728125 0.546668434375 0.762602465625
0 0.5753685281250001 0.770460825 0.5709268468750001 0.7940359 0.5750268593750001 0.8186359812499999 0.5866435625 0.831961021875 0.60475195625 0.832302690625 0.616368659375 0.81624430625 0.621152009375 0.79608590625 0.6235436812499999 0.7851525374999999 0.62183534375 0.767385815625 0.6102186406250001 0.753719103125 0.600993609375 0.74791075 0.58254355 0.7516690968749999 0.5753685281250001 0.770460825
0 0.583910221875 0.793010896875 0.57571019375 0.803944265625 0.57161018125 0.821027653125 0.572293515625 0.83742770625 0.57981020625 0.8538277593749999 0.588010234375 0.86168611875 0.6068019625 0.8644194625000001 0.629010365625 0.8630527906250001 0.635502053125 0.849727746875 0.63481871875 0.8370860406249999 0.6307187062499999 0.826152671875 0.618760334375 0.8087276156250001 0.60816863125 0.797794246875 0.598601934375 0.791644225 0.583910221875 0.793010896875
0 0.5285600406250001 0.825469334375 0.53266005625 0.84870274375 0.539835078125 0.863736125 0.553160121875 0.884577859375 0.5675101687499999 0.8968779 0.581860215625 0.899952909375 0.596551928125 0.8890195406249999 0.59826026875 0.867494471875 0.5972352625 0.8476777406249999 0.59347691875 0.838452709375 0.5777602 0.817610975 0.562043484375 0.8046276000000001 0.54564343125 0.80257759375 0.531293384375 0.80941095 0.5285600406250001 0.825469334375
0 0.579468540625 0.8603194468750001 0.581176878125 0.8808195156249999 0.5873269 0.90063624375 0.5979186000000001 0.9238696531249999 0.605435290625 0.92967800625 0.614660321875 0.9307030093750001 0.63003536875 0.92318631875 0.6331103812500001 0.9074696 0.6331103812500001 0.886627865625 0.63242704375 0.877744503125 0.631743709375 0.8644194625000001 0.6259353562500001 0.849727746875 0.6112436437500001 0.8435777281249999 0.59586859375 0.8463110687500001 0.579468540625 0.8603194468750001
0 0.538810075 0.9187446375 0.5504267781250001 0.936511359375 0.5654601625 0.957011428125 0.5808352125 0.972044809375 0.59108524375 0.9682864625000001 0.596210259375 0.94846973125 0.59757693125 0.9310446750000001 0.59518525625 0.90712793125 0.58869356875 0.89243621875 0.579468540625 0.88765286875 0.5603351437499999 0.8808195156249999 0.54154341875 0.8832111875 0.53436839375 0.89892790625 0.538810075 0.9187446375
0 0.596893596875 0.94026970625 0.586301896875 0.9621364437500001 0.58254355 0.9805865031250001 0.592451915625 0.99527821875 0.60167694375 0.9983532281249999 0.616710328125 0.995619884375 0.632085378125 0.987419859375 0.636868725 0.9737531468749999 0.640285403125 0.9553030874999999 0.642677078125 0.9348030218750001 0.6365270562500001 0.925577990625 0.6259353562500001 0.921477978125 0.60646029375 0.92728633125 0.596893596875 0.94026970625
0 0.3905262625 0.90268625 0.37720121875 0.902002915625 0.363876175 0.9081529343750001 0.358409490625 0.919769640625 0.363876175 0.935144690625 0.37856789062499996 0.9471030624999999 0.39667628125 0.956328090625 0.411026328125 0.9617947750000001 0.43460140625 0.9635031156249999 0.44758478124999995 0.9539364156250001 0.45168479375 0.944028053125 0.4472431125 0.9293363375 0.43630974375 0.9177196343749999 0.422301365625 0.9078112687500001 0.4059013125 0.904394590625 0.3905262625 0.90268625
0 0.36250950625 0.8657861312499999 0.35738448749999996 0.882186184375 0.369342859375 0.8979029031250001 0.38437624375 0.914986290625 0.400776296875 0.92284465 0.41546800937499995 0.92284465 0.42981805624999997 0.917036296875 0.433576403125 0.90371125625 0.43391806875 0.89209455 0.42981805624999997 0.8811611812500001 0.413076334375 0.8664694687500001 0.3905262625 0.854511096875 0.37446787812500004 0.8551944312499999 0.36250950625 0.8657861312499999
0 0.311259340625 0.840502715625 0.30579265625 0.84870274375 0.30510931874999997 0.8664694687500001 0.309551 0.8886778718749999 0.32048436874999997 0.906444596875 0.336542753125 0.9180613 0.3508928 0.9225029812500001 0.36626785 0.9180613 0.37139286875 0.9040529218750001 0.367976190625 0.8893612093750001 0.36216783750000003 0.8770611687500001 0.35567614999999997 0.85758610625 0.34645111875 0.8463110687500001 0.33107606875 0.839136046875 0.311259340625 0.840502715625
0 0.3710512 0.82273599375 0.36250950625 0.836744371875 0.35943449375 0.8548527625 0.35943449375 0.874327825 0.36626785 0.8903862124999999 0.37959289375 0.89653623125 0.393601271875 0.8931195531249999 0.404192971875 0.8808195156249999 0.4106846625 0.8657861312499999 0.411026328125 0.85109441875 0.4082929875 0.8411860531249999 0.4035096375 0.8278610093750001 0.396334615625 0.815219303125 0.380959565625 0.8165859718749999 0.3710512 0.82273599375
0 0.299642634375 0.801552590625 0.291784278125 0.8128276281250001 0.291442609375 0.830594353125 0.3030593125 0.840844384375 0.317409359375 0.85280275625 0.335176084375 0.860661115625 0.354992815625 0.863736125 0.3751512125 0.8620277875 0.384034575 0.845286065625 0.3816429 0.829911015625 0.36182616875 0.8131692968750001 0.33927609687500004 0.8049692687500001 0.31604268750000003 0.801210921875 0.299642634375 0.801552590625
0 0.34508445 0.794719234375 0.334834415625 0.8141942999999999 0.33585941875 0.83332769375 0.34337610937499996 0.848361075 0.358067825 0.8517777531249999 0.374126209375 0.84699440625 0.3816429 0.834352696875 0.38779291875 0.8200026499999999 0.389501259375 0.8077026125 0.39086793124999997 0.7923275624999999 0.384034575 0.7779775156250001 0.37310120625 0.77421916875 0.359092828125 0.78071085625 0.34508445 0.794719234375
0 0.2788009 0.74791075 0.267525865625 0.75747745 0.265817525 0.7721691625 0.269917540625 0.786177540625 0.2852925875 0.79676924375 0.304425984375 0.8049692687500001 0.32492605 0.807019275 0.349867796875 0.8053109375 0.357042821875 0.7913025593749999 0.35772615625 0.773877503125 0.35533448125 0.76362746875 0.335176084375 0.7561107781249999 0.3136510125 0.7523524312500001 0.295200953125 0.7489357531249999 0.2788009 0.74791075
0 0.308525996875 0.803944265625 0.323901046875 0.8128276281250001 0.344059446875 0.810094284375 0.36045950000000004 0.797794246875 0.367976190625 0.781052525 0.37241787187500003 0.76191913125 0.36729285312500004 0.746885746875 0.35294280625 0.745177409375 0.34235110625 0.745177409375 0.32765939374999997 0.753719103125 0.317409359375 0.769094153125 0.309551 0.784810871875 0.308525996875 0.803944265625
0 0.24053410937500003 0.725019009375 0.24155911562500001 0.745177409375 0.24907580624999998 0.7595274562500001 0.26445085625 0.762944134375 0.2883676 0.7567941125 0.30066763750000003 0.7444940718749999 0.31535935312499996 0.72399400625 0.31467601875 0.708960625 0.31399268125 0.70281060625 0.309551 0.692218903125 0.2876842625 0.692560571875 0.267184196875 0.696660584375 0.25385915312499996 0.7072522875 0.24053410937500003 0.725019009375
0 0.27025920625 0.708277290625 0.2641091875 0.718868990625 0.26103417812499996 0.734927375 0.26205918125 0.7509857625 0.27265088125000003 0.7567941125 0.289392603125 0.75747745 0.309551 0.752010765625 0.32936773124999996 0.73697738125 0.34030109999999997 0.71989399375 0.34030109999999997 0.703835609375 0.33927609687500004 0.6918772375 0.332784409375 0.681285534375 0.3184343625 0.67684385625 0.3030593125 0.681968871875 0.28358425 0.693585575 0.27025920625 0.708277290625
0 0.288709265625 0.740735728125 0.284267584375 0.756452446875 0.288709265625 0.7697774875000001 0.30989266875 0.773877503125 0.334834415625 0.765677475 0.3515761375 0.7509857625 0.360801165625 0.731852365625 0.35294280625 0.7168189843749999 0.347476121875 0.71169396875 0.3362010875 0.709643959375 0.3208260375 0.71340230625 0.30271764375 0.723310671875 0.288709265625 0.740735728125
0 0.262742515625 0.68743555625 0.276409228125 0.69324390625 0.306817659375 0.692560571875 0.31877603125 0.686410553125 0.325951053125 0.6710355031249999 0.316726025 0.6525854437499999 0.31399268125 0.64609375625 0.30374265 0.63960206875 0.28392591875 0.642335409375 0.2665008625 0.652243775 0.258984171875 0.6693271625 0.262742515625 0.68743555625
0 0.21969237812500003 0.7041772749999999 0.22550072812500002 0.721260665625 0.24292578437499998 0.727752353125 0.260009175 0.723652340625 0.28016757187499997 0.71511064375 0.29212594375 0.70041893125 0.293492615625 0.682993875 0.288709265625 0.670693834375 0.26786753124999996 0.66317714375 0.248050803125 0.66966883125 0.23165075000000002 0.67684385625 0.22208405 0.688460559375 0.21969237812500003 0.7041772749999999
0 0.21422569375 0.6481437624999999 0.21490902812499998 0.662152140625 0.22447572500000001 0.674793846875 0.2487341375 0.677185521875 0.267525865625 0.670352165625 0.27777589687500004 0.65429378125 0.28358425 0.638577065625 0.2747008875 0.629010365625 0.25727583125 0.6221770125 0.24224245 0.6235436812499999 0.22789240312499998 0.63242704375 0.21422569375 0.6481437624999999
0 0.2569341625 0.636868725 0.271625878125 0.6457520875 0.29383428437500003 0.65019376875 0.30750099375 0.644727084375 0.30579265625 0.623202015625 0.2900759375 0.60475195625 0.280850909375 0.605776959375 0.26137584375 0.605093621875 0.24565912812500001 0.6136353156250001 0.23609243124999998 0.6279853625 0.2569341625 0.636868725
0 0.193042290625 0.5688768375000001 0.19030895 0.584935225 0.19816730625 0.600310275 0.22071738125 0.611585309375 0.2470258 0.614318653125 0.2682092 0.60885196875 0.273675884375 0.5907435750000001 0.2723092125 0.58698523125 0.268892534375 0.5760518625 0.24600079375 0.561701815625 0.22618406562499999 0.557943471875 0.20739233750000002 0.558968475 0.193042290625 0.5688768375000001
0 0.190992284375 0.5101099812500001 0.18074225 0.531293384375 0.19167561875 0.55213511875 0.20739233750000002 0.568535171875 0.224134059375 0.57981020625 0.248050803125 0.58698523125 0.260350840625 0.581860215625 0.264792521875 0.56238515 0.263084184375 0.5453017625000001 0.25317581875 0.53061005 0.23506742812499998 0.517626671875 0.21900904062499998 0.5066933031249999 0.204317328125 0.5043016312499999 0.190992284375 0.5101099812500001
0 0.197142303125 0.47594320625000003 0.190992284375 0.492343259375 0.19133395312499998 0.5138683281249999 0.199533978125 0.53846840625 0.20773400625 0.553501790625 0.224134059375 0.559993478125 0.2374591 0.551110115625 0.24292578437499998 0.5364184 0.2487341375 0.518310009375 0.24975914062500001 0.5101099812500001 0.24668413125000002 0.491659921875 0.237117434375 0.47799321250000004 0.225842396875 0.469793184375 0.21115068125 0.467743178125 0.197142303125 0.47594320625000003
0 0.13735044375 0.5193350125 0.135983771875 0.53436839375 0.14213379375 0.553501790625 0.156483840625 0.574343521875 0.17698390625 0.590060240625 0.19509229687500002 0.594501921875 0.21251735312500003 0.590060240625 0.21627570000000002 0.577418534375 0.217300703125 0.557943471875 0.21354235625 0.54154341875 0.208075671875 0.53436839375 0.19509229687500002 0.5193350125 0.180058915625 0.508059975 0.1636588625 0.505326634375 0.15033381875000001 0.507034971875 0.13735044375 0.5193350125
0 0.14589213750000002 0.45270979687499996 0.145550471875 0.46945151875 0.144867134375 0.494393265625 0.14623380625 0.511476653125 0.154092165625 0.525143365625 0.17220055625 0.533343390625 0.187917275 0.529243378125 0.194750628125 0.51079331875 0.19509229687500002 0.492343259375 0.1961173 0.477309875 0.1944089625 0.4520264625 0.18347559375 0.43152639375 0.169125546875 0.424351371875 0.153750496875 0.4318680625 0.14589213750000002 0.45270979687499996
0 0.165025534375 0.48653490625 0.1660505375 0.511134984375 0.1790339125 0.5258267 0.19919230937500002 0.5295850468750001 0.21115068125 0.51660166875 0.21866737500000002 0.494393265625 0.21832570625 0.474234865625 0.21764236874999998 0.459543153125 0.21388402499999998 0.44895145000000003 0.205683996875 0.43767641562500004 0.190992284375 0.43528474062500006 0.17664223750000002 0.44075142500000003 0.1660505375 0.461934828125 0.165025534375 0.48653490625
0 0.111042025 0.4141013375 0.10694201249999999 0.433576403125 0.10284199999999999 0.45065979062499995 0.103183665625 0.47047652187500005 0.110358690625 0.48585157187499994 0.12368373437499999 0.492343259375 0.1376921125 0.486876575 0.149650484375 0.469793184375 0.157850509375 0.448268115625 0.15990051562500002 0.428793053125 0.15990051562500002 0.4164930125 0.15443383125000001 0.406926315625 0.146575475 0.39462627499999997 0.13188375937500002 0.3929179375 0.11685037812500002 0.40009295937499995 0.111042025 0.4141013375
0 0.12436706875 0.3751512125 0.12436706875 0.393601271875 0.13325043125 0.413759671875 0.147600478125 0.4294763875 0.16024218437499999 0.44109309375 0.17630056875 0.444168103125 0.1920172875 0.443826434375 0.19816730625 0.43460140625 0.19816730625 0.42059302499999995 0.19645896875 0.40555964375000003 0.18074225 0.38369290624999997 0.157167175 0.358751159375 0.14350046249999998 0.354992815625 0.132225428125 0.36045950000000004 0.12436706875 0.3751512125
0 0.07755858437499999 0.38642625 0.0761919125 0.4018013 0.079608590625 0.424009703125 0.0867836125 0.43733474687499996 0.09600864375 0.44929311875 0.11787538125000001 0.45646814375 0.127783746875 0.44963478749999997 0.128125415625 0.43015972500000005 0.12915041875 0.4059013125 0.12436706875 0.38642625 0.1175337125 0.3775428875 0.103183665625 0.364901178125 0.09190863125 0.36455951249999996 0.0833669375 0.3727595375 0.07755858437499999 0.38642625
0 0.120608721875 0.328684396875 0.110017021875 0.35055113437499996 0.114800371875 0.374126209375 0.12095039062499999 0.391892934375 0.137008775 0.4011179625 0.15614217187499999 0.39667628125 0.162633859375 0.37617621562500003 0.161950525 0.3727595375 0.16400053125 0.35601781875 0.162292190625 0.338934428125 0.1547755 0.32765939374999997 0.13974211875 0.32287604375 0.120608721875 0.328684396875
0 0.09190863125 0.27504255624999996 0.084391940625 0.28905093437499996 0.081658596875 0.31160100625 0.088491953125 0.338934428125 0.0932753 0.35601781875 0.101133659375 0.36968452812499997 0.1199253875 0.373784540625 0.134617103125 0.36421784375 0.1376921125 0.347476121875 0.142475459375 0.323901046875 0.14213379375 0.31604268750000003 0.14110879062499998 0.299642634375 0.13188375937500002 0.28392591875 0.12265873125 0.2747008875 0.111042025 0.271284209375 0.09190863125 0.27504255624999996
0 0.043050140625 0.300325971875 0.042025134375 0.3290260625 0.0478334875 0.348501128125 0.05227516875 0.368659525 0.06286686875 0.385401246875 0.079950259375 0.387451253125 0.0932753 0.370026196875 0.09840031875000001 0.33449274687499997 0.099083653125 0.31296767812500004 0.0939586375 0.293150946875 0.08746695 0.280509240625 0.069700225 0.276067559375 0.049541828125 0.284609253125 0.043050140625 0.300325971875
0 0.010591699999999999 0.2682092 0.0112750375 0.28973426875 0.019133393749999998 0.309209334375 0.031091765625 0.32936773124999996 0.0454418125 0.344059446875 0.064233540625 0.345426115625 0.0785835875 0.330734403125 0.075508578125 0.30818432812499996 0.07004189375 0.2883676 0.057058518749999995 0.2665008625 0.042025134375 0.252492484375 0.031091765625 0.248050803125 0.018791728125 0.25078414375 0.010591699999999999 0.2682092
0 0.05227516875 0.26445085625 0.05876685625 0.28358425 0.06901689062500001 0.29861763125 0.08951695625 0.308525996875 0.09874198437500001 0.300325971875 0.10250033124999999 0.28324258125 0.105233675 0.26137584375 0.103183665625 0.24668413125000002 0.09874198437500001 0.232334084375 0.08541694375 0.217300703125 0.073116903125 0.215250696875 0.04988349375 0.22857573750000001 0.048858490625 0.2439507875 0.05227516875 0.26445085625
0 0.03450844375 0.1855256 0.02391674375 0.19406729375 0.01981673125 0.20944234375 0.017083387499999998 0.22960074375 0.0194750625 0.24668413125000002 0.025625084375000003 0.26205918125 0.036216784375 0.271967546875 0.0502251625 0.274017553125 0.066283546875 0.2723092125 0.077900253125 0.260009175 0.0785835875 0.245317459375 0.0785835875 0.23540909375000002 0.07824191875 0.22379239062499998 0.07004189375 0.203975659375 0.061841865625000006 0.190992284375 0.049541828125 0.1855256 0.03450844375 0.1855256
0 0.8262499999999999 0.521875 0.8190625 0.5353125000000001 0.81875 0.548125 0.8243750000000001 0.5628124999999999 0.8331250000000001 0.5753125 0.846875 0.5856250000000001 0.8640625 0.5878125 0.8790625000000001 0.5818749999999999 0.8821875 0.5659375 0.8828125 0.5475 0.8778124999999999 0.53125 0.8690625000000001 0.5253125 0.8553124999999999 0.5196875000000001 0.8371875 0.51875 0.8262499999999999 0.521875
0 0.828125 0.4959375 0.8309374999999999 0.5103125000000001 0.8415625 0.5259375000000001 0.8609375 0.5353125000000001 0.8793749999999999 0.531875 0.8862500000000001 0.520625 0.8862500000000001 0.5009375 0.883125 0.4840625 0.875625 0.47406249999999994 0.8625 0.46781249999999996 0.8496874999999999 0.47000000000000003 0.8331250000000001 0.4809375 0.828125 0.4959375
0 0.7790625 0.505 0.78625 0.5225 0.8034375 0.5403125 0.8243750000000001 0.5503125 0.8412499999999999 0.5453125 0.8471875000000001 0.525625 0.8446875 0.5071875 0.8290625 0.48875 0.82125 0.48687500000000006 0.806875 0.48187499999999994 0.7896875 0.48187499999999994 0.779375 0.490625 0.7790625 0.505
0 0.7581249999999999 0.44375 0.7546875 0.4575 0.7596875 0.473125 0.781875 0.48375 0.8324999999999999 0.49375 0.8503125 0.4840625 0.8559374999999999 0.4690625 0.8534375000000001 0.44718749999999996 0.840625 0.436875 0.8303125 0.43062500000000004 0.8071875000000001 0.4290625 0.7925 0.429375 0.774375 0.4325 0.7581249999999999 0.44375
0 0.7884375 0.3765625 0.7784375 0.38687499999999997 0.776875 0.4015625 0.7834375 0.41875 0.8015625 0.43656249999999996 0.8296875 0.44125 0.8434375 0.43562500000000004 0.8446875 0.42374999999999996 0.8428125 0.4096875 0.8371875 0.3928125 0.82875 0.383125 0.813125 0.3734375 0.8015625 0.3725 0.7884375 0.3765625
0 0.7424999999999999 0.4296875 0.7603125000000001 0.43937499999999996 0.7825 0.44375 0.805625 0.4415625 0.8109375 0.42625 0.8015625 0.41218750000000004 0.7931250000000001 0.40718750000000004 0.77 0.3959375 0.7559375 0.39718749999999997 0.7434375 0.40374999999999994 0.74 0.4146875 0.7424999999999999 0.4296875
0 0.7115625 0.369375 0.7053125 0.38375 0.7128125 0.40125 0.72875 0.41218750000000004 0.7553124999999999 0.41593749999999996 0.7731250000000001 0.40718750000000004 0.7765625 0.4015625 0.7778125 0.384375 0.7653125000000001 0.370625 0.748125 0.361875 0.7246875 0.3621875 0.7115625 0.369375
0 0.7690625 0.30125 0.7371875 0.315625 0.7328125 0.3384375 0.734375 0.35812499999999997 0.7396874999999999 0.37875000000000003 0.7478125 0.390625 0.766875 0.396875 0.781875 0.39187500000000003 0.791875 0.3746875 0.7921875 0.36625 0.79375 0.3609375 0.7903125 0.33968750000000003 0.7871875 0.3284375 0.7803125 0.311875 0.7690625 0.30125
0 0.69375 0.3053125 0.68875 0.3196875 0.6859375 0.34125 0.6890625 0.3590625 0.698125 0.3721875 0.7109375 0.3721875 0.733125 0.3640625 0.744375 0.3490625 0.755625 0.325 0.7578125 0.309375 0.7581249999999999 0.3046875 0.7603125000000001 0.291875 0.750625 0.27999999999999997 0.7368750000000001 0.27999999999999997 0.71375 0.2884375 0.69375 0.3053125
0 0.65125 0.29125 0.65125 0.3071875 0.6609375 0.3225 0.675 0.32999999999999996 0.701875 0.335 0.7196875 0.3259375 0.7209375 0.304375 0.71875 0.2925 0.714375 0.2890625 0.69375 0.2790625 0.675 0.276875 0.6609375 0.280625 0.65125 0.29125
0 0.6696875 0.23937499999999998 0.6603125000000001 0.2509375 0.6596875 0.26625 0.6721874999999999 0.2815625 0.689375 0.29 0.7175 0.29562499999999997 0.7378125 0.29562499999999997 0.753125 0.28718750000000004 0.755 0.270625 0.7515625 0.260625 0.7490625 0.254375 0.7381249999999999 0.246875 0.7190624999999999 0.23875000000000002 0.7025 0.2365625 0.6840625 0.2359375 0.6696875 0.23937499999999998
0 0.61125 0.210625 0.6115625 0.226875 0.6168750000000001 0.24312499999999998 0.63 0.253125 0.6525000000000001 0.26 0.6684375 0.2515625 0.6715625000000001 0.236875 0.6684375 0.221875 0.660625 0.205625 0.6475 0.1978125 0.6334375 0.19718750000000002 0.6171875 0.2015625 0.61125 0.210625
0 0.6609375 0.2 0.6599999999999999 0.22000000000000003 0.6675 0.2325 0.6846875 0.2459375 0.7028125000000001 0.2496875 0.7224999999999999 0.2503125 0.734375 0.240625 0.7368750000000001 0.22718750000000001 0.733125 0.2134375 0.7212500000000001 0.2034375 0.70625 0.193125 0.6909375 0.18843749999999998 0.6721874999999999 0.18843749999999998 0.6609375 0.2
0 0.6481250000000001 0.1703125 0.6490625 0.1890625 0.658125 0.20968749999999997 0.6709375 0.22218749999999998 0.6953125 0.22593749999999999 0.7053125 0.21218750000000003 0.7059375 0.19 0.70125 0.1759375 0.7003125 0.1640625 0.6878124999999999 0.15125 0.6756249999999999 0.1459375 0.660625 0.150625 0.6481250000000001 0.1703125
0 0.5890625 0.1609375 0.5806250000000001 0.1740625 0.5846875 0.18875 0.5928125 0.2 0.6118750000000001 0.2090625 0.651875 0.21531250000000002 0.6693749999999999 0.2090625 0.673125 0.1878125 0.666875 0.169375 0.6559375000000001 0.1615625 0.639375 0.1540625 0.619375 0.150625 0.6012500000000001 0.15531250000000002 0.5890625 0.1609375
0 0.6346875 0.12 0.6221875 0.129375 0.61625 0.1453125 0.6134375000000001 0.1625 0.6153125 0.18125 0.6271875 0.1965625 0.6515625 0.199375 0.66125 0.1846875 0.666875 0.16218749999999998 0.666875 0.1565625 0.6653125 0.14156249999999998 0.6621875 0.1265625 0.658125 0.12125 0.6471875 0.1184375 0.6346875 0.12
0 0.5871875 0.083125 0.5784374999999999 0.099375 0.5759375 0.1190625 0.5753125 0.13468750000000002 0.5818749999999999 0.1521875 0.5915625 0.1609375 0.6131249999999999 0.15375 0.6234375 0.138125 0.6321875 0.12 0.64125 0.10124999999999999 0.6415625 0.0846875 0.64125 0.0803125 0.635 0.0684375 0.6259375 0.059375 0.6121875 0.059687500000000004 0.5990624999999999 0.06687499999999999 0.5871875 0.083125
0 0.55125 0.065 0.55 0.0871875 0.5543750000000001 0.1075 0.57875 0.11156250000000001 0.5953125 0.104375 0.6075 0.08562499999999999 0.6118750000000001 0.06999999999999999 0.6140625 0.050937500000000004 0.6140625 0.0340625 0.6096874999999999 0.027500000000000004 0.6003125 0.0165625 0.5878125 0.014687500000000001 0.5721875 0.021249999999999998 0.5621875000000001 0.041249999999999995 0.55125 0.065
0 0.5284375 0.06687499999999999 0.52625 0.0846875 0.52625 0.10218750000000001 0.5337500000000001 0.1203125 0.5421875 0.1328125 0.5559375 0.1384375 0.5706249999999999 0.1353125 0.5821875000000001 0.12062500000000001 0.5840625 0.10406249999999999 0.5871875 0.080625 0.586875 0.06343750000000001 0.5862499999999999 0.06 0.5790625 0.05 0.564375 0.042812499999999996 0.5525 0.042812499999999996 0.538125 0.051875000000000004 0.5284375 0.06687499999999999
0 0.531875 0.00625 0.515 0.0078125 0.5040625000000001 0.020624999999999998 0.5009375 0.0365625 0.5028125 0.05437499999999999 0.506875 0.07375000000000001 0.51375 0.08562499999999999 0.529375 0.08875 0.5446875 0.076875 0.5575 0.0646875 0.559375 0.052500000000000005 0.5628124999999999 0.04625 0.5599999999999999 0.034375 0.5559375 0.0234375 0.5478125 0.0128125 0.531875 0.00625