0 0.95 0.946875 0.965625 0.93125 0.98125 0.9 0.984375 0.884375 0.978125 0.85625 0.96875 0.846875 0.959375 0.846875 0.95 0.853125 0.9375 0.86875 0.921875 0.896875 0.91875 0.90625 0.921875 0.928125 0.934375 0.940625 0.95 0.946875
0 0.959375 0.965625 0.965625 0.96875 0.975 0.96875 0.98125 0.965625 0.99375 0.95 0.99375 0.903125 0.984375 0.86875 0.9625 0.871875 0.94375 0.8875 0.940625 0.89375 0.940625 0.9375 0.95 0.95625 0.959375 0.965625
0 0.953125 0.884375 0.9625 0.871875 0.965625 0.840625 0.9625 0.81875 0.953125 0.809375 0.925 0.790625 0.9125 0.79375 0.9 0.825 0.903125 0.85625 0.93125 0.89375 0.953125 0.884375
0 0.90625 0.903125 0.921875 0.903125 0.928125 0.9 0.953125 0.875 0.9625 0.85625 0.965625 0.840625 0.9625 0.815625 0.959375 0.8125 0.95 0.8125 0.921875 0.828125 0.90625 0.85 0.890625 0.875 0.890625 0.88125 0.9 0.9 0.90625 0.903125
0 0.8875 0.871875 0.9 0.871875 0.915625 0.85625 0.921875 0.84375 0.925 0.821875 0.915625 0.803125 0.909375 0.8 0.86875 0.828125 0.86875 0.8375 0.875 0.859375 0.8875 0.871875
0 0.921875 0.81875 0.925 0.821875 0.934375 0.821875 0.959375 0.809375 0.95625 0.76875 0.946875 0.740625 0.9375 0.725 0.921875 0.715625 0.90625 0.721875 0.903125 0.734375 0.903125 0.765625 0.909375 0.790625 0.921875 0.81875
0 0.89375 0.825 0.915625 0.7875 0.915625 0.778125 0.909375 0.765625 0.903125 0.75625 0.896875 0.753125 0.853125 0.78125 0.853125 0.796875 0.86875 0.828125 0.89375 0.825
0 0.896875 0.79375 0.925 0.7875 0.93125 0.775 0.9375 0.728125 0.921875 0.696875 0.915625 0.69375 0.89375 0.69375 0.884375 0.7 0.875 0.715625 0.878125 0.7625 0.8875 0.790625 0.896875 0.79375
0 0.853125 0.78125 0.865625 0.78125 0.88125 0.775 0.890625 0.765625 0.9 0.75 0.9 0.73125 0.89375 0.71875 0.8875 0.71875 0.846875 0.734375 0.840625 0.7375 0.840625 0.759375 0.84375 0.76875 0.853125 0.78125
0 0.840625 0.734375 0.853125 0.7375 0.865625 0.734375 0.875 0.725 0.88125 0.70625 0.88125 0.6875 0.875 0.678125 0.83125 0.69375 0.828125 0.696875 0.828125 0.70625 0.83125 0.71875 0.840625 0.734375
0 0.8375 0.7 0.875 0.684375 0.878125 0.671875 0.878125 0.65625 0.875 0.646875 0.865625 0.6375 0.8375 0.6375 0.828125 0.646875 0.821875 0.65625 0.821875 0.671875 0.83125 0.696875 0.8375 0.7
0 0.90625 0.728125 0.921875 0.73125 0.93125 0.725 0.93125 0.66875 0.925 0.65 0.915625 0.6375 0.909375 0.6375 0.890625 0.653125 0.884375 0.671875 0.884375 0.709375 0.8875 0.715625 0.90625 0.728125
0 0.825 0.6625 0.84375 0.65625 0.8625 0.6375 0.859375 0.60625 0.840625 0.584375 0.834375 0.58125 0.825 0.58125 0.809375 0.59375 0.809375 0.625 0.8125 0.640625 0.825 0.6625
0 0.878125 0.65625 0.884375 0.659375 0.890625 0.659375 0.9125 0.63125 0.9125 0.621875 0.90625 0.60625 0.89375 0.59375 0.8875 0.59375 0.859375 0.60625 0.859375 0.621875 0.8625 0.634375 0.878125 0.65625
0 0.875 0.615625 0.88125 0.615625 0.896875 0.60625 0.896875 0.58125 0.8875 0.55625 0.88125 0.546875 0.871875 0.540625 0.865625 0.540625 0.85 0.55 0.840625 0.5625 0.8375 0.575 0.84375 0.590625 0.859375 0.60625 0.875 0.615625
0 0.828125 0.60625 0.84375 0.59375 0.846875 0.58125 0.846875 0.546875 0.821875 0.521875 0.803125 0.521875 0.790625 0.53125 0.790625 0.559375 0.809375 0.609375 0.828125 0.60625
0 0.84375 0.540625 0.86875 0.534375 0.86875 0.515625 0.840625 0.478125 0.83125 0.475 0.8125 0.471875 0.8125 0.496875 0.828125 0.528125 0.84375 0.540625
0 0.79375 0.5375 0.81875 0.5375 0.825 0.53125 0.8375 0.496875 0.834375 0.490625 0.828125 0.48125 0.809375 0.4625 0.803125 0.459375 0.79375 0.45625 0.775 0.46875 0.771875 0.478125 0.771875 0.5 0.784375 0.528125 0.79375 0.5375
0 0.7056250000000001 0.3778125 0.7128125 0.3934375 0.7609375 0.4203125 0.7825 0.41500000000000004 0.7828125 0.4015625 0.7771874999999999 0.37374999999999997 0.7381249999999999 0.3421875 0.7212500000000001 0.3465625 0.7056250000000001 0.3778125
0 0.6890625 0.29125 0.6756249999999999 0.316875 0.670625 0.35531250000000003 0.67875 0.3825 0.6953125 0.393125 0.705 0.39249999999999996 0.720625 0.368125 0.733125 0.340625 0.7353125 0.32437499999999997 0.7253125 0.301875 0.71375 0.2925 0.7046875 0.28531249999999997 0.6890625 0.29125
0 0.690625 0.30375 0.6799999999999999 0.2846875 0.65625 0.2653125 0.6212500000000001 0.2534375 0.605 0.2659375 0.6012500000000001 0.2815625 0.6103125 0.2971875 0.6353125000000001 0.3125 0.6665625000000001 0.3259375 0.6778125 0.3246875 0.6884375 0.3203125 0.690625 0.30375
0 0.625 0.2790625 0.6278125 0.3125 0.6534375 0.3490625 0.6703125 0.3515625 0.6849999999999999 0.33718750000000003 0.6900000000000001 0.3203125 0.6896875 0.30874999999999997 0.681875 0.2865625 0.6484375 0.254375 0.6325000000000001 0.25968749999999996 0.625 0.2790625
0 0.6115625 0.2778125 0.6375 0.275625 0.6521874999999999 0.26 0.6525000000000001 0.236875 0.6381249999999999 0.21437499999999998 0.6115625 0.2028125 0.5759375 0.1996875 0.5640625 0.2034375 0.5543750000000001 0.2228125 0.5578125 0.24281250000000001 0.5743750000000001 0.2625 0.6115625 0.2778125
0 0.5421875 0.175 0.57375 0.2146875 0.61125 0.22000000000000003 0.6259375 0.2009375 0.620625 0.181875 0.6118750000000001 0.16 0.5925 0.140625 0.5596875 0.1296875 0.536875 0.1359375 0.5421875 0.175
0 0.4846875 0.10687500000000001 0.48343749999999996 0.1159375 0.491875 0.1340625 0.5059375 0.1440625 0.5506249999999999 0.14937499999999998 0.5678124999999999 0.1403125 0.57375 0.1315625 0.5700000000000001 0.11750000000000001 0.5496875 0.0965625 0.5259375000000001 0.0921875 0.495625 0.0965625 0.4846875 0.10687500000000001
0 0.565625 0.1915625 0.59875 0.18062499999999998 0.6025 0.16125 0.5806250000000001 0.1403125 0.55375 0.1378125 0.5171875 0.139375 0.50625 0.1446875 0.5037499999999999 0.16218749999999998 0.514375 0.18062499999999998 0.538125 0.1875 0.565625 0.1915625
0 0.5890625 0.2190625 0.6153125 0.2078125 0.6153125 0.18687499999999999 0.596875 0.1665625 0.5715625 0.16375 0.5475 0.165625 0.5349999999999999 0.173125 0.530625 0.1921875 0.5393749999999999 0.2084375 0.561875 0.215 0.5890625 0.2190625