0 0.325 0.165625 0.334375 0.153125 0.334375 0.13125 0.33125 0.11875 0.321875 0.1 0.3125 0.090625 0.303125 0.090625 0.290625 0.103125 0.2875 0.109375 0.290625 0.15 0.303125 0.1625 0.325 0.165625
0 0.20625 0.0096875 0.1978125 0.01875 0.1928125 0.034687499999999996 0.2 0.080625 0.2225 0.09343749999999999 0.2453125 0.091875 0.26 0.0775 0.258125 0.057499999999999996 0.2571875 0.043437500000000004 0.24718749999999998 0.025625 0.23718750000000002 0.016875 0.2246875 0.0071874999999999994 0.20625 0.0096875
0 0.21875 0.0875 0.25 0.096875 0.28125 0.1 0.29375 0.09375 0.3 0.084375 0.3 0.075 0.290625 0.0625 0.25625 0.04375 0.2375 0.040625 0.215625 0.04375 0.203125 0.05 0.2 0.053125 0.2 0.065625 0.20625 0.078125 0.21875 0.0875
0 0.240625 0.153125 0.253125 0.159375 0.271875 0.159375 0.284375 0.153125 0.2875 0.140625 0.2875 0.121875 0.284375 0.10625 0.26875 0.1 0.209375 0.0875 0.20625 0.09375 0.209375 0.109375 0.221875 0.13125 0.240625 0.153125
0 0.278125 0.215625 0.309375 0.21875 0.325 0.209375 0.328125 0.2 0.328125 0.178125 0.321875 0.171875 0.296875 0.1625 0.275 0.1625 0.246875 0.165625 0.246875 0.178125 0.25625 0.19375 0.278125 0.215625
0 0.346875 0.271875 0.36875 0.278125 0.38125 0.275 0.3875 0.26875 0.39375 0.25625 0.390625 0.24375 0.384375 0.234375 0.365625 0.21875 0.340625 0.2125 0.328125 0.2125 0.303125 0.228125 0.3 0.234375 0.303125 0.246875 0.31875 0.2625 0.346875 0.271875
0 0.378125 0.221875 0.378125 0.20625 0.371875 0.1875 0.365625 0.178125 0.35 0.165625 0.3375 0.1625 0.33125 0.178125 0.33125 0.209375 0.371875 0.221875 0.378125 0.221875
0 0.3375 0.325 0.35 0.33125 0.35625 0.33125 0.384375 0.315625 0.384375 0.303125 0.375 0.284375 0.35625 0.275 0.34375 0.271875 0.328125 0.26875 0.31875 0.26875 0.3125 0.271875 0.30625 0.28125 0.309375 0.29375 0.3125 0.3 0.3375 0.325
0 0.40625 0.40625 0.41875 0.390625 0.421875 0.38125 0.421875 0.3625 0.40625 0.334375 0.384375 0.321875 0.375 0.325 0.359375 0.3375 0.35625 0.359375 0.375 0.396875 0.390625 0.409375 0.40625 0.40625
0 0.425 0.49375 0.4375 0.509375 0.45 0.5125 0.478125 0.46875 0.46875 0.440625 0.45 0.403125 0.428125 0.396875 0.4125 0.4125 0.40625 0.425 0.40625 0.44375 0.4125 0.465625 0.425 0.49375
0 0.5 0.478125 0.509375 0.478125 0.51875 0.465625 0.51875 0.45625 0.5125 0.434375 0.503125 0.41875 0.475 0.39375 0.465625 0.390625 0.453125 0.390625 0.446875 0.396875 0.44375 0.425 0.465625 0.4625 0.475 0.46875 0.5 0.478125
0 0.471875 0.575 0.484375 0.578125 0.503125 0.5625 0.515625 0.528125 0.515625 0.521875 0.503125 0.490625 0.49375 0.48125 0.484375 0.48125 0.471875 0.484375 0.46875 0.4875 0.45625 0.5125 0.45625 0.54375 0.465625 0.56875 0.471875 0.575
0 0.58125 0.596875 0.590625 0.5875 0.590625 0.58125 0.58125 0.559375 0.55625 0.53125 0.5375 0.525 0.51875 0.525 0.515625 0.528125 0.5125 0.540625 0.5125 0.55625 0.559375 0.603125 0.58125 0.596875
0 0.653125 0.846875 0.671875 0.846875 0.68125 0.840625 0.684375 0.834375 0.684375 0.81875 0.671875 0.8 0.621875 0.76875 0.609375 0.775 0.60625 0.796875 0.6125 0.809375 0.6375 0.8375 0.653125 0.846875
0 0.65 0.790625 0.665625 0.796875 0.678125 0.796875 0.6875 0.790625 0.690625 0.765625 0.68125 0.74375 0.671875 0.73125 0.6625 0.721875 0.6375 0.709375 0.621875 0.7125 0.6125 0.71875 0.6125 0.7375 0.63125 0.775 0.65 0.790625
0 0.563125 0.6871875000000001 0.5599999999999999 0.696875 0.5596875 0.7059375 0.5625 0.7259375 0.5771875 0.7575000000000001 0.6 0.7790625 0.6121875 0.7771874999999999 0.626875 0.7584375 0.6228125 0.7318749999999999 0.614375 0.7059375 0.591875 0.6799999999999999 0.578125 0.675 0.5696875 0.6790625 0.563125 0.6871875000000001
0 0.593125 0.5900000000000001 0.5825 0.6068749999999999 0.5806250000000001 0.645 0.5721875 0.6925 0.5890625 0.704375 0.615 0.6993750000000001 0.626875 0.680625 0.6331249999999999 0.6584375 0.630625 0.634375 0.62 0.6103125 0.6056250000000001 0.595 0.593125 0.5900000000000001
0 0.5865625 0.6475 0.5871875 0.676875 0.6040625000000001 0.69375 0.6215625 0.7084374999999999 0.63875 0.7162499999999999 0.650625 0.71375 0.655625 0.7103125 0.6596875 0.7 0.6578125 0.6834374999999999 0.6553125 0.675 0.6509375000000001 0.665625 0.6378125 0.6509375000000001 0.6171875 0.6421875 0.5974999999999999 0.64 0.5865625 0.6475
0 0.5365624999999999 0.604375 0.5309375000000001 0.6371875 0.5287499999999999 0.680625 0.545 0.7003125 0.5615625 0.69375 0.57625 0.6753125 0.5862499999999999 0.6428125 0.5875 0.6090625000000001 0.5809375 0.59375 0.5709375 0.588125 0.5534375 0.588125 0.5365624999999999 0.604375
0 0.49312500000000004 0.6228125 0.5125 0.6503125 0.53 0.660625 0.5465625000000001 0.6503125 0.553125 0.6184375 0.5403125 0.589375 0.5259375000000001 0.573125 0.5034375 0.569375 0.48312499999999997 0.58875 0.49312500000000004 0.6228125
0 0.478125 0.4921875 0.4928125 0.5118750000000001 0.5196875000000001 0.5296875 0.536875 0.530625 0.5525 0.5234375 0.5559375 0.5053124999999999 0.526875 0.4609375 0.4984375 0.44875 0.47625 0.45625 0.478125 0.4921875
0 0.40084218437499997 0.389030996875 0.3967820875 0.410807875 0.3964129875 0.447717834375 0.41191517187500004 0.46617281562499996 0.425202759375 0.4706020125 0.44070494375 0.45583802812499996 0.449194234375 0.43996674375 0.45251613125 0.400473084375 0.44697963749999997 0.37980350625 0.43369205 0.365777721875 0.41191517187500004 0.369837815625 0.40084218437499997 0.389030996875
0 0.33218965625 0.3237003625 0.338833446875 0.346215440625 0.359503028125 0.35765752812499996 0.409331475 0.365039521875 0.43221565 0.364670421875 0.436275746875 0.353597434375 0.430370153125 0.33661884999999997 0.42261906250000003 0.328129559375 0.389400096875 0.311889175 0.356919328125 0.30303078437500003 0.33846435 0.310412778125 0.33218965625 0.3237003625
0 0.33329695312499996 0.274979215625 0.345477240625 0.3004470875 0.36393222187499996 0.31262737500000004 0.400473084375 0.327760459375 0.41597526875 0.3244385625 0.425940959375 0.310043678125 0.423726359375 0.2904814 0.41671346875 0.2783011125 0.39825848750000004 0.264275325 0.369837815625 0.25578603437499997 0.341417146875 0.26021523125 0.33329695312499996 0.274979215625
0 0.27682471249999996 0.24766584374999998 0.303768984375 0.279777509375 0.328498659375 0.28420670625 0.3495373375 0.266859021875 0.35618113125 0.2539405375 0.33735705 0.2303181625 0.310412778125 0.214077778125 0.272764615625 0.21739967500000001 0.27682471249999996 0.24766584374999998