0 0.465625 0.315625 0.484375 0.3 0.490625 0.2625 0.490625 0.2375 0.4875 0.228125 0.471875 0.209375 0.459375 0.20625 0.446875 0.215625 0.4375 0.234375 0.434375 0.265625 0.446875 0.309375 0.453125 0.315625 0.465625 0.315625
0 0.490625 0.325 0.50625 0.3375 0.51875 0.34375 0.528125 0.34375 0.5375 0.334375 0.540625 0.321875 0.540625 0.303125 0.534375 0.265625 0.521875 0.24375 0.5125 0.234375 0.496875 0.234375 0.490625 0.2375 0.4875 0.25 0.484375 0.284375 0.484375 0.309375 0.4875 0.31875 0.490625 0.325
0 0.478125 0.378125 0.496875 0.378125 0.50625 0.36875 0.509375 0.359375 0.5125 0.346875 0.5125 0.328125 0.484375 0.284375 0.46875 0.284375 0.453125 0.290625 0.446875 0.296875 0.446875 0.30625 0.459375 0.346875 0.478125 0.378125
0 0.499375 0.3275 0.48375 0.3390625 0.475 0.35281250000000003 0.47437500000000005 0.375 0.4803125 0.3990625 0.4875 0.41656250000000006 0.49781250000000005 0.425625 0.51375 0.42125 0.52 0.41312499999999996 0.5265625 0.3909375 0.529375 0.37687499999999996 0.5346875 0.35750000000000004 0.5334375 0.3384375 0.5265625 0.325 0.5134375 0.3228125 0.499375 0.3275
0 0.5246875 0.284375 0.5203125 0.301875 0.5228125 0.323125 0.5303125 0.34500000000000003 0.5428124999999999 0.353125 0.5571875000000001 0.354375 0.563125 0.3453125 0.5625 0.3334375 0.5634375 0.3209375 0.5549999999999999 0.30281250000000004 0.54375 0.2790625 0.536875 0.2728125 0.5246875 0.284375
0 0.5403125 0.361875 0.5365624999999999 0.3853125 0.5431250000000001 0.4065625 0.5534375 0.4215625 0.566875 0.4328125 0.5815625 0.43187499999999995 0.5859375 0.425 0.590625 0.40843749999999995 0.590625 0.4028125 0.5878125 0.38375 0.58 0.369375 0.5640625 0.35125 0.5515625 0.34968750000000004 0.5403125 0.361875
0 0.5059375 0.3609375 0.5021875 0.37875000000000003 0.501875 0.399375 0.5040625000000001 0.41656250000000006 0.5165625 0.433125 0.5284375 0.44000000000000006 0.5506249999999999 0.43656249999999996 0.55625 0.4253125 0.5603125 0.40406250000000005 0.5575 0.38093750000000004 0.5549999999999999 0.3678125 0.5509375000000001 0.356875 0.5453125 0.34781249999999997 0.5328125 0.34249999999999997 0.51875 0.34625 0.5059375 0.3609375
0 0.5446875 0.4025 0.540625 0.395625 0.5234375 0.395625 0.509375 0.4078125 0.503125 0.4234375 0.5015625 0.4409375 0.50625 0.46187500000000004 0.5128125 0.4703125 0.5359375 0.469375 0.55 0.46218750000000003 0.5543750000000001 0.44875 0.55375 0.43125 0.553125 0.42000000000000004 0.5446875 0.4025
0 0.5928125 0.4290625 0.5790625 0.425 0.5546875 0.43875000000000003 0.5309375000000001 0.4609375 0.5203125 0.4771875 0.52125 0.49781250000000005 0.5296875 0.5037499999999999 0.5571875000000001 0.4965625 0.57625 0.48250000000000004 0.5962500000000001 0.46375 0.5984375 0.45437500000000003 0.599375 0.4425 0.5928125 0.4290625
0 0.5296875 0.5328125 0.533125 0.5459375 0.5478125 0.551875 0.563125 0.5459375 0.583125 0.5296875 0.5990624999999999 0.5178125 0.6096874999999999 0.505625 0.6178125 0.49031250000000004 0.6140625 0.476875 0.6090625000000001 0.4684375 0.5925 0.4703125 0.5759375 0.48250000000000004 0.5493750000000001 0.5 0.535625 0.5131249999999999 0.5296875 0.5328125
0 0.545 0.5759375 0.5515625 0.5853125 0.5653125 0.5859375 0.5896874999999999 0.5756249999999999 0.615 0.5575 0.6290625000000001 0.54125 0.6365624999999999 0.5231250000000001 0.63625 0.5140625 0.61875 0.505 0.5803125 0.5253125 0.5640625 0.541875 0.5443749999999999 0.5634375 0.545 0.5759375
0 0.5590625 0.588125 0.5540625 0.604375 0.55625 0.6178125 0.568125 0.625625 0.58875 0.6259375 0.6109375 0.61875 0.629375 0.6028125 0.6434375 0.5884375000000001 0.6496875 0.57125 0.6478125 0.5578125 0.6459374999999999 0.5515625 0.639375 0.5471874999999999 0.6190625 0.5493750000000001 0.6018749999999999 0.5575 0.57625 0.5740624999999999 0.5590625 0.588125
0 0.5909375 0.6212500000000001 0.57625 0.635625 0.5625 0.6553125 0.5609375 0.6703125 0.56875 0.6815625 0.58125 0.685625 0.5996875 0.6834374999999999 0.615 0.6721874999999999 0.630625 0.656875 0.6434375 0.6440625 0.6503125 0.6328125 0.6509375000000001 0.6240625 0.6490625 0.6090625000000001 0.6365624999999999 0.603125 0.620625 0.604375 0.605 0.6128125 0.5909375 0.6212500000000001
0 0.641875 0.6390625 0.6325000000000001 0.653125 0.630625 0.675 0.6309375 0.703125 0.634375 0.721875 0.6428125 0.734375 0.6575 0.73625 0.6653125 0.7346874999999999 0.6790625 0.72 0.68125 0.7028125000000001 0.68625 0.6799999999999999 0.68625 0.6743750000000001 0.6828125 0.6571875 0.675 0.6471875 0.6665625000000001 0.6365624999999999 0.654375 0.634375 0.641875 0.6390625
0 0.6121875 0.6615624999999999 0.6015625 0.6690625 0.5884375000000001 0.6793750000000001 0.5796875 0.6934375 0.5784374999999999 0.7075 0.5803125 0.721875 0.5875 0.73375 0.60375 0.7368750000000001 0.61875 0.7309375 0.6290625000000001 0.7196875 0.6375 0.705 0.6409374999999999 0.696875 0.645 0.6896875 0.645625 0.6740625 0.6384375 0.6590625 0.6246875000000001 0.6559375000000001 0.6121875 0.6615624999999999
0 0.6190625 0.7115625 0.6096874999999999 0.7215625 0.6012500000000001 0.734375 0.5962500000000001 0.7484375 0.5965625 0.760625 0.6021875 0.7725 0.61125 0.7825 0.6240625 0.783125 0.6378125 0.7759375000000001 0.651875 0.765625 0.6584375 0.7503124999999999 0.6625 0.74 0.6634375 0.7290625000000001 0.6653125 0.7096875 0.6590625 0.7034374999999999 0.6481250000000001 0.6993750000000001 0.635 0.704375 0.6190625 0.7115625
0 0.6537499999999999 0.740625 0.6484375 0.7534375 0.6453125 0.7693749999999999 0.645 0.783125 0.654375 0.7940625 0.6756249999999999 0.7946875 0.6837500000000001 0.7909375 0.6950000000000001 0.778125 0.6990624999999999 0.7628125 0.7009375 0.7559375 0.7015625 0.74 0.69625 0.7296875 0.6875 0.7228125000000001 0.6709375 0.728125 0.6537499999999999 0.740625
0 0.6368750000000001 0.7684375 0.6246875000000001 0.7840625 0.61875 0.7959375 0.6171875 0.8087500000000001 0.6184375 0.826875 0.624375 0.8421875 0.6346875 0.849375 0.649375 0.850625 0.666875 0.8396874999999999 0.6740625 0.815625 0.6771874999999999 0.7896875 0.6778125 0.7790625 0.67625 0.7709374999999999 0.6675 0.7628125 0.655625 0.7584375 0.6431250000000001 0.7628125 0.6368750000000001 0.7684375
0 0.6587500000000001 0.828125 0.6609375 0.843125 0.67125 0.851875 0.6875 0.8521875 0.7003125 0.8474999999999999 0.7115625 0.8334374999999999 0.716875 0.8165625000000001 0.7171875 0.8003125000000001 0.7150000000000001 0.7809375000000001 0.709375 0.7737499999999999 0.70125 0.7703125 0.681875 0.7778125 0.6740625 0.788125 0.666875 0.8074999999999999 0.6587500000000001 0.828125
0 0.6953125 0.818125 0.6796875 0.8168749999999999 0.6684375 0.818125 0.6571875 0.8246874999999999 0.6540625 0.8387499999999999 0.659375 0.8503125 0.673125 0.8618750000000001 0.694375 0.8728125 0.70875 0.8784375000000001 0.7284375 0.8793749999999999 0.7346874999999999 0.8671875 0.74125 0.8596875 0.7365625 0.8478125000000001 0.7309375 0.8365625 0.7212500000000001 0.8265625 0.7084374999999999 0.820625 0.6953125 0.818125
0 0.694375 0.866875 0.6834374999999999 0.8731249999999999 0.6853125 0.8884375 0.6878124999999999 0.9053125 0.6978125000000001 0.9171875 0.714375 0.929375 0.73375 0.9337500000000001 0.745625 0.9256249999999999 0.7484375 0.911875 0.74875 0.9084375 0.751875 0.8943749999999999 0.7421875 0.881875 0.7262500000000001 0.8709374999999999 0.713125 0.8671875 0.694375 0.866875
0 0.71875 0.9140625 0.713125 0.9243750000000001 0.7146874999999999 0.9503125000000001 0.720625 0.9678125 0.7306250000000001 0.9800000000000001 0.748125 0.9865625 0.7625 0.97875 0.770625 0.9640625 0.770625 0.9540625 0.7646875 0.945625 0.75875 0.9275 0.7496875000000001 0.9140625 0.7368750000000001 0.9096875000000001 0.71875 0.9140625
0 0.6659375 0.9 0.6546875 0.906875 0.654375 0.9203125 0.6615624999999999 0.9459375 0.6725 0.9615625 0.689375 0.978125 0.71375 0.9796875 0.7224999999999999 0.9709375 0.72375 0.953125 0.72375 0.945 0.7184375000000001 0.9321875000000001 0.7109375 0.9196875 0.6959375 0.909375 0.6778125 0.9015625 0.6659375 0.9
0 0.645 0.846875 0.6365624999999999 0.8521875 0.6353125000000001 0.86625 0.6428125 0.8846875000000001 0.6537499999999999 0.9009375000000001 0.6693749999999999 0.915625 0.6828125 0.9171875 0.6978125000000001 0.9168749999999999 0.7046875 0.9065625 0.70875 0.8946875000000001 0.70875 0.8778124999999999 0.69375 0.8675 0.678125 0.8556250000000001 0.6653125 0.8481249999999999 0.645 0.846875