0 0.928125 0.375 0.9375 0.378125 0.959375 0.371875 0.965625 0.3625 0.965625 0.340625 0.959375 0.334375 0.94375 0.325 0.915625 0.325 0.909375 0.328125 0.90625 0.334375 0.90625 0.346875 0.9125 0.359375 0.928125 0.375
0 0.90625 0.3875 0.921875 0.378125 0.9 0.34375 0.878125 0.34375 0.871875 0.346875 0.865625 0.353125 0.865625 0.365625 0.88125 0.3875 0.90625 0.3875
0 0.815625 0.434375 0.83125 0.434375 0.84375 0.43125 0.865625 0.415625 0.871875 0.403125 0.875 0.384375 0.8625 0.36875 0.85625 0.36875 0.821875 0.378125 0.80625 0.390625 0.803125 0.390625 0.79375 0.4 0.79375 0.40625 0.803125 0.43125 0.815625 0.434375
0 0.871875 0.4 0.875 0.38125 0.859375 0.35625 0.85 0.346875 0.825 0.34375 0.815625 0.353125 0.8125 0.359375 0.840625 0.40625 0.853125 0.4125 0.871875 0.4
0 0.81875 0.43125 0.84375 0.41875 0.834375 0.39375 0.8125 0.3625 0.80625 0.359375 0.7875 0.359375 0.778125 0.365625 0.775 0.371875 0.778125 0.390625 0.803125 0.43125 0.81875 0.43125
0 0.76875 0.453125 0.784375 0.45 0.784375 0.446875 0.8 0.43125 0.790625 0.40625 0.784375 0.403125 0.740625 0.403125 0.715625 0.415625 0.703125 0.428125 0.703125 0.434375 0.715625 0.45 0.76875 0.453125
0 0.753125 0.45 0.76875 0.45 0.784375 0.440625 0.79375 0.43125 0.7875 0.3875 0.78125 0.375 0.771875 0.36875 0.75625 0.371875 0.746875 0.378125 0.740625 0.3875 0.740625 0.434375 0.74375 0.434375 0.753125 0.45
0 0.70625 0.4375 0.715625 0.4125 0.721875 0.409375 0.709375 0.403125 0.684375 0.403125 0.675 0.4125 0.684375 0.44375 0.70625 0.44375 0.70625 0.4375
0 0.6875 0.440625 0.6875 0.434375 0.68125 0.41875 0.671875 0.4125 0.65 0.4125 0.6375 0.421875 0.634375 0.434375 0.653125 0.44375 0.678125 0.44375 0.6875 0.440625
0 0.615625 0.46875 0.628125 0.459375 0.628125 0.4375 0.621875 0.421875 0.596875 0.421875 0.559375 0.428125 0.55 0.4375 0.559375 0.45 0.60625 0.471875 0.615625 0.46875
0 0.559375 0.515625 0.575 0.515625 0.59375 0.50625 0.6 0.48125 0.6 0.465625 0.596875 0.453125 0.59375 0.45 0.5625 0.45 0.559375 0.44375 0.54375 0.446875 0.540625 0.45 0.540625 0.496875 0.546875 0.50625 0.559375 0.515625
0 0.509375 0.509375 0.509375 0.528125 0.51875 0.534375 0.534375 0.5375 0.546875 0.53125 0.5625 0.51875 0.5625 0.45625 0.5375 0.440625 0.51875 0.440625 0.50625 0.45 0.503125 0.46875 0.50625 0.471875 0.50625 0.50625 0.509375 0.509375
0 0.4875 0.53125 0.496875 0.53125 0.50625 0.521875 0.515625 0.496875 0.515625 0.4625 0.5125 0.45 0.503125 0.44375 0.490625 0.440625 0.475 0.44375 0.46875 0.45 0.471875 0.509375 0.48125 0.528125 0.4875 0.53125
0 0.459375 0.53125 0.478125 0.528125 0.478125 0.478125 0.46875 0.4625 0.4625 0.45625 0.446875 0.45 0.4375 0.45 0.425 0.45625 0.415625 0.465625 0.425 0.525 0.428125 0.53125 0.459375 0.53125
0 0.4 0.5375 0.409375 0.546875 0.43125 0.55 0.44375 0.5375 0.446875 0.528125 0.41875 0.46875 0.403125 0.4625 0.3875 0.4625 0.375 0.46875 0.365625 0.478125 0.3625 0.478125 0.3625 0.48125 0.4 0.5375
0 0.365625 0.5625 0.375 0.565625 0.390625 0.565625 0.4 0.5625 0.40625 0.55625 0.409375 0.546875 0.403125 0.53125 0.38125 0.5 0.359375 0.484375 0.35625 0.478125 0.35 0.478125 0.328125 0.4875 0.315625 0.5 0.315625 0.509375 0.328125 0.515625 0.365625 0.5625
0 0.328125 0.58125 0.334375 0.58125 0.359375 0.571875 0.36875 0.5625 0.36875 0.553125 0.35 0.528125 0.33125 0.515625 0.325 0.515625 0.309375 0.53125 0.309375 0.546875 0.325 0.578125 0.328125 0.58125
0 0.290625 0.5875 0.3 0.5875 0.31875 0.58125 0.315625 0.559375 0.3125 0.553125 0.309375 0.553125 0.303125 0.5375 0.278125 0.540625 0.2625 0.55625 0.2625 0.56875 0.265625 0.575 0.290625 0.5875