0 0.64351851875 0.953125 0.671296296875 0.953125 0.703703703125 0.9375 0.722222221875 0.909375 0.726851853125 0.88125 0.708333334375 0.8625 0.675925925 0.8625 0.652777778125 0.878125 0.634259259375 0.90625 0.629629628125 0.91875 0.629629628125 0.9375 0.634259259375 0.94375 0.64351851875 0.953125
0 0.7129629625 0.8875 0.722222221875 0.88125 0.740740740625 0.840625 0.73148148125 0.821875 0.722222221875 0.81875 0.703703703125 0.81875 0.666666665625 0.83125 0.64351851875 0.85 0.6388888875000001 0.859375 0.6388888875000001 0.903125 0.671296296875 0.903125 0.7129629625 0.8875
0 0.671296296875 0.84375 0.7361111124999999 0.821875 0.745370371875 0.809375 0.745370371875 0.7875 0.7361111124999999 0.78125 0.71759259375 0.778125 0.6944444437499999 0.778125 0.64351851875 0.790625 0.620370371875 0.80625 0.615740740625 0.825 0.625 0.840625 0.634259259375 0.84375 0.671296296875 0.84375
0 0.652777778125 0.803125 0.745370371875 0.778125 0.75 0.765625 0.75 0.74375 0.740740740625 0.734375 0.71759259375 0.734375 0.6111111124999999 0.753125 0.60648148125 0.7625 0.60648148125 0.79375 0.625 0.803125 0.652777778125 0.803125
0 0.625 0.75625 0.65740740625 0.759375 0.699074075 0.75 0.7361111124999999 0.73125 0.740740740625 0.721875 0.740740740625 0.70625 0.722222221875 0.696875 0.666666665625 0.696875 0.620370371875 0.703125 0.60648148125 0.71875 0.601851853125 0.73125 0.601851853125 0.740625 0.60648148125 0.746875 0.625 0.75625
0 0.675925925 0.709375 0.722222221875 0.69375 0.745370371875 0.665625 0.73148148125 0.653125 0.722222221875 0.65 0.699074075 0.65 0.64351851875 0.65625 0.629629628125 0.665625 0.620370371875 0.678125 0.615740740625 0.69375 0.620370371875 0.70625 0.625 0.709375 0.675925925 0.709375
0 0.652777778125 0.6625 0.666666665625 0.665625 0.689814815625 0.665625 0.722222221875 0.65625 0.7361111124999999 0.64375 0.740740740625 0.63125 0.740740740625 0.615625 0.7361111124999999 0.6125 0.6620370375 0.6125 0.652777778125 0.61875 0.64351851875 0.63125 0.6388888875000001 0.640625 0.6388888875000001 0.65 0.64351851875 0.65625 0.652777778125 0.6625
0 0.6944444437499999 0.61875 0.71759259375 0.61875 0.740740740625 0.60625 0.75 0.590625 0.75 0.56875 0.745370371875 0.559375 0.7361111124999999 0.55625 0.685185184375 0.56875 0.675925925 0.575 0.671296296875 0.58125 0.671296296875 0.609375 0.675925925 0.615625 0.6944444437499999 0.61875
0 0.6944444437499999 0.565625 0.7129629625 0.565625 0.722222221875 0.5625 0.75 0.534375 0.745370371875 0.509375 0.703703703125 0.5125 0.675925925 0.521875 0.671296296875 0.528125 0.671296296875 0.55 0.675925925 0.55625 0.6944444437499999 0.565625
0 0.740740740625 0.50625 0.740740740625 0.48125 0.7361111124999999 0.478125 0.671296296875 0.478125 0.6620370375 0.490625 0.675925925 0.525 0.7129629625 0.51875 0.740740740625 0.50625
0 0.6944444437499999 0.48125 0.71759259375 0.48125 0.7361111124999999 0.475 0.740740740625 0.465625 0.740740740625 0.453125 0.726851853125 0.440625 0.708333334375 0.428125 0.699074075 0.425 0.65740740625 0.425 0.6620370375 0.453125 0.675925925 0.475 0.6944444437499999 0.48125
0 0.759259259375 0.44375 0.773148146875 0.44375 0.7870370375 0.434375 0.7870370375 0.409375 0.7638888875000001 0.371875 0.754629628125 0.365625 0.703703703125 0.35 0.689814815625 0.353125 0.675925925 0.3625 0.675925925 0.384375 0.71759259375 0.41875 0.759259259375 0.44375
0 0.685185184375 0.453125 0.740740740625 0.45625 0.754629628125 0.453125 0.759259259375 0.45 0.759259259375 0.44375 0.740740740625 0.425 0.699074075 0.4 0.685185184375 0.39375 0.671296296875 0.39375 0.65740740625 0.403125 0.65740740625 0.43125 0.671296296875 0.446875 0.685185184375 0.453125
0 0.740740740625 0.3625 0.754629628125 0.3625 0.7638888875000001 0.359375 0.773148146875 0.346875 0.773148146875 0.33125 0.7638888875000001 0.303125 0.754629628125 0.290625 0.7361111124999999 0.275 0.722222221875 0.275 0.699074075 0.284375 0.689814815625 0.29375 0.689814815625 0.328125 0.699074075 0.34375 0.740740740625 0.3625
0 0.726851853125 0.409375 0.740740740625 0.4 0.7638888875000001 0.35625 0.7638888875000001 0.35 0.740740740625 0.33125 0.71759259375 0.31875 0.6944444437499999 0.31875 0.675925925 0.334375 0.671296296875 0.34375 0.671296296875 0.371875 0.675925925 0.3875 0.726851853125 0.409375