0 0.88125 0.390625 0.89375 0.378125 0.89375 0.359375 0.890625 0.353125 0.88125 0.34375 0.85625 0.33125 0.815625 0.328125 0.79375 0.3375 0.790625 0.34375 0.8225 0.3765625 0.865625 0.390625 0.88125 0.390625
0 0.803125 0.40625 0.825 0.40625 0.840625 0.403125 0.85625 0.390625 0.85625 0.375 0.84375 0.359375 0.8 0.35 0.76875 0.35 0.753125 0.35625 0.746875 0.36875 0.746875 0.378125 0.790625 0.403125 0.803125 0.40625
0 0.78125 0.43125 0.79375 0.41875 0.79375 0.409375 0.790625 0.40625 0.76875 0.390625 0.746875 0.38125 0.7125 0.378125 0.690625 0.390625 0.6875 0.403125 0.7 0.41875 0.76875 0.4375 0.78125 0.43125
0 0.80625 0.446875 0.84375 0.428125 0.859375 0.4125 0.859375 0.3875 0.853125 0.378125 0.825 0.378125 0.815625 0.38125 0.8 0.4 0.771875 0.4375 0.775 0.45 0.796875 0.45 0.80625 0.446875
0 0.7 0.48125 0.71875 0.48125 0.753125 0.46875 0.765625 0.459375 0.7625 0.446875 0.753125 0.4375 0.709375 0.421875 0.690625 0.425 0.675 0.434375 0.66875 0.44375 0.665625 0.453125 0.66875 0.4625 0.684375 0.478125 0.7 0.48125
0 0.6046875 0.4215625 0.598125 0.4328125 0.6 0.445625 0.6121875 0.458125 0.62625 0.46281249999999996 0.6425 0.46343750000000006 0.665 0.4609375 0.6834374999999999 0.4528125 0.6875 0.438125 0.6840625 0.421875 0.6815625 0.4178125 0.670625 0.41218750000000004 0.6540625 0.410625 0.63625 0.4109375 0.620625 0.414375 0.6046875 0.4215625
0 0.675 0.45 0.703125 0.43125 0.703125 0.425 0.690625 0.3875 0.66875 0.39375 0.65 0.403125 0.6375 0.4125 0.63125 0.425 0.63125 0.4375 0.6625 0.45 0.675 0.45
0 0.653125 0.5 0.665625 0.496875 0.68125 0.4875 0.68125 0.48125 0.659375 0.446875 0.640625 0.440625 0.603125 0.440625 0.590625 0.44375 0.58125 0.45 0.575 0.459375 0.575 0.465625 0.590625 0.484375 0.653125 0.5
0 0.58125 0.5375 0.625 0.5375 0.640625 0.534375 0.646875 0.53125 0.659375 0.515625 0.65625 0.5 0.590625 0.478125 0.575 0.48125 0.559375 0.49375 0.55625 0.5125 0.559375 0.525 0.571875 0.534375 0.58125 0.5375
0 0.5375 0.525 0.559375 0.51875 0.59375 0.484375 0.5875 0.45 0.584375 0.446875 0.5625 0.446875 0.5375 0.459375 0.51875 0.475 0.5125 0.49375 0.515625 0.509375 0.525 0.51875 0.5375 0.525
0 0.56875 0.5625 0.59375 0.55 0.60625 0.5375 0.609375 0.528125 0.60625 0.515625 0.590625 0.496875 0.578125 0.496875 0.5375 0.53125 0.534375 0.540625 0.534375 0.55625 0.54375 0.5625 0.56875 0.5625
0 0.45625 0.59375 0.490625 0.59375 0.5125 0.578125 0.53125 0.559375 0.534375 0.528125 0.53125 0.525 0.496875 0.521875 0.48125 0.525 0.45 0.54375 0.4375 0.559375 0.440625 0.578125 0.45 0.590625 0.45625 0.59375
0 0.553125 0.509375 0.5625 0.4875 0.559375 0.48125 0.5375 0.4625 0.534375 0.4625 0.49375 0.478125 0.471875 0.496875 0.46875 0.509375 0.484375 0.521875 0.540625 0.521875 0.553125 0.509375
0 0.496875 0.54375 0.509375 0.528125 0.509375 0.51875 0.49375 0.503125 0.471875 0.496875 0.428125 0.509375 0.40625 0.525 0.403125 0.53125 0.403125 0.54375 0.434375 0.5625 0.496875 0.54375
0 0.4125 0.603125 0.446875 0.603125 0.45 0.6 0.45 0.59375 0.434375 0.5625 0.403125 0.534375 0.38125 0.54375 0.371875 0.553125 0.371875 0.56875 0.375 0.575 0.4125 0.603125
0 0.340625 0.65 0.353125 0.65625 0.38125 0.64375 0.3875 0.6375 0.3875 0.6125 0.375 0.59375 0.35625 0.575 0.340625 0.565625 0.3125 0.565625 0.303125 0.575 0.303125 0.58125 0.31875 0.621875 0.340625 0.65
0 0.390625 0.621875 0.403125 0.6125 0.409375 0.6 0.40625 0.584375 0.371875 0.553125 0.309375 0.56875 0.303125 0.575 0.31875 0.59375 0.353125 0.61875 0.390625 0.621875
0 0.2375 0.609375 0.240625 0.6125 0.284375 0.625 0.296875 0.63125 0.3 0.63125 0.3125 0.61875 0.315625 0.6125 0.3125 0.596875 0.29375 0.578125 0.2625 0.578125 0.25 0.58125 0.23125 0.590625 0.21875 0.603125 0.21875 0.60625 0.225 0.609375 0.2375 0.609375
0 0.313125 0.605 0.2965625 0.6034375 0.2846875 0.6040625000000001 0.276875 0.6118750000000001 0.2759375 0.6234375 0.2846875 0.6381249999999999 0.2965625 0.6509375000000001 0.3078125 0.6590625 0.3296875 0.6640625 0.3428125 0.6659375 0.3540625 0.6646875 0.35562499999999997 0.6596875 0.364375 0.6490625 0.35750000000000004 0.6331249999999999 0.3415625 0.6196875000000001 0.328125 0.6118750000000001 0.313125 0.605
0 0.23625 0.6178125 0.22000000000000003 0.61625 0.203125 0.6178125 0.1940625 0.624375 0.1903125 0.6368750000000001 0.1965625 0.65 0.21031249999999999 0.6621875 0.2384375 0.675 0.259375 0.6784375 0.2790625 0.6799999999999999 0.2896875 0.684375 0.3090625 0.6828125 0.3153125 0.6759375000000001 0.3159375 0.6703125 0.315625 0.65625 0.30281250000000004 0.6425 0.276875 0.6334375 0.2503125 0.6234375 0.23625 0.6178125
0 0.2 0.6537499999999999 0.18156250000000002 0.6546875 0.1678125 0.6587500000000001 0.1596875 0.671875 0.165625 0.688125 0.175625 0.6996875 0.1925 0.7053125 0.2071875 0.7078125 0.226875 0.7090625 0.24343750000000003 0.7078125 0.258125 0.7034374999999999 0.26625 0.694375 0.26625 0.6821875000000001 0.25593750000000004 0.6696875 0.23875000000000002 0.6625 0.22125 0.6553125 0.2 0.6537499999999999
0 0.1625 0.6146874999999999 0.1459375 0.6224999999999999 0.13468750000000002 0.635625 0.1315625 0.651875 0.1409375 0.6637500000000001 0.15531250000000002 0.66875 0.1875 0.66875 0.20406249999999998 0.6621875 0.21749999999999997 0.6534375 0.2265625 0.6434375 0.22999999999999998 0.6359375 0.22218749999999998 0.6259375 0.2128125 0.61625 0.1984375 0.6121875 0.1840625 0.61125 0.1625 0.6146874999999999
0 0.1459375 0.6909375 0.1328125 0.6965625 0.121875 0.7046875 0.118125 0.7171875 0.12156249999999999 0.7278125 0.133125 0.7359375 0.1471875 0.73875 0.1596875 0.74 0.1765625 0.7384375000000001 0.1921875 0.7340625000000001 0.20125 0.7228125000000001 0.20218750000000002 0.7140625 0.20218750000000002 0.7071875000000001 0.184375 0.6928124999999999 0.17375000000000002 0.6878124999999999 0.1615625 0.6875 0.1459375 0.6909375
0 0.10124999999999999 0.665625 0.07843750000000001 0.6775 0.0665625 0.6884375 0.06375 0.7003125 0.0684375 0.713125 0.08375 0.7203125 0.1078125 0.72 0.1265625 0.719375 0.14375 0.713125 0.15437499999999998 0.7059375 0.16343749999999999 0.6890625 0.1675 0.6725 0.1653125 0.6693749999999999 0.1534375 0.6609375 0.13468750000000002 0.6587500000000001 0.1184375 0.6599999999999999 0.10124999999999999 0.665625
0 0.078125 0.716875 0.0671875 0.7306250000000001 0.06625 0.748125 0.07468749999999999 0.7584375 0.08625000000000001 0.7621875 0.1015625 0.7640625 0.1203125 0.7615624999999999 0.13625 0.756875 0.14875 0.7440625 0.150625 0.7328125 0.15 0.7265625 0.145625 0.71875 0.133125 0.71375 0.11687499999999999 0.7125 0.0990625 0.713125 0.078125 0.716875
0 0.0459375 0.7309375 0.031875 0.7496875000000001 0.028125 0.7646875 0.03 0.7775000000000001 0.04 0.780625 0.0528125 0.78 0.07062500000000001 0.7734375 0.0846875 0.7665625 0.09406250000000001 0.75625 0.099375 0.744375 0.099375 0.7296875 0.0978125 0.7215625 0.09031249999999999 0.7150000000000001 0.07625 0.7134375000000001 0.0590625 0.72 0.0459375 0.7309375
0 0.044687500000000005 0.6696875 0.0315625 0.68125 0.0196875 0.6934375 0.013125000000000001 0.7071875000000001 0.0109375 0.724375 0.0134375 0.73625 0.0234375 0.7378125 0.0359375 0.7371875 0.0553125 0.73125 0.06375 0.7203125 0.071875 0.7056250000000001 0.0759375 0.6896875 0.07781249999999999 0.6825 0.0796875 0.6746875 0.07906250000000001 0.6665625000000001 0.073125 0.6603125000000001 0.058750000000000004 0.6621875 0.044687500000000005 0.6696875
0 0.08156250000000001 0.663125 0.0765625 0.67625 0.079375 0.6878124999999999 0.09468750000000001 0.6878124999999999 0.11656249999999999 0.68125 0.134375 0.66875 0.1446875 0.6528125 0.14250000000000002 0.6453125 0.135 0.6403125000000001 0.12062500000000001 0.6359375 0.10593749999999999 0.6403125000000001 0.093125 0.6490625 0.08156250000000001 0.663125
0 0.7162499999999999 0.3740625 0.71375 0.38875000000000004 0.7221875 0.403125 0.740625 0.409375 0.7671875 0.41156249999999994 0.79125 0.4065625 0.8040625 0.390625 0.8065625000000001 0.369375 0.7984375 0.36062500000000003 0.7925 0.3571875 0.7846875 0.35812499999999997 0.7634375 0.3578125 0.7421875 0.35812499999999997 0.7296875 0.36343749999999997 0.7162499999999999 0.3740625