0 0.559375 0.440625 0.575 0.4375 0.59375 0.41875 0.6 0.40625 0.596875 0.39375 0.58125 0.38125 0.55625 0.38125 0.540625 0.39375 0.534375 0.40625 0.5375 0.421875 0.546875 0.434375 0.559375 0.440625
0 0.528125 0.53125 0.54375 0.521875 0.5625 0.490625 0.56875 0.475 0.56875 0.4625 0.55625 0.446875 0.53125 0.446875 0.525 0.45 0.509375 0.465625 0.4875 0.49375 0.4875 0.509375 0.50625 0.53125 0.528125 0.53125
0 0.46125 0.588125 0.4690625 0.5974999999999999 0.49124999999999996 0.6015625 0.51625 0.5974999999999999 0.5309375000000001 0.595 0.5515625 0.5828125 0.5571875000000001 0.5728125000000001 0.558125 0.5609375 0.5528125 0.5493750000000001 0.5181250000000001 0.540625 0.4846875 0.5465625000000001 0.46281249999999996 0.5690625 0.46125 0.588125
0 0.436875 0.49781250000000005 0.43499999999999994 0.51125 0.438125 0.5365624999999999 0.4446875 0.561875 0.45625 0.5840625 0.46875 0.595 0.49406249999999996 0.5859375 0.49781250000000005 0.5721875 0.49874999999999997 0.55 0.49375 0.53125 0.4878125 0.52 0.479375 0.505625 0.47062499999999996 0.4959375 0.4578125 0.4890625 0.44406249999999997 0.49124999999999996 0.436875 0.49781250000000005
0 0.5215625 0.445625 0.5253125 0.459375 0.533125 0.4759375 0.5506249999999999 0.48218750000000005 0.5700000000000001 0.475 0.57875 0.4575 0.5815625 0.43937499999999996 0.564375 0.418125 0.54625 0.40625 0.5287499999999999 0.4065625 0.5215625 0.445625
0 0.45218749999999996 0.5193749999999999 0.45218749999999996 0.54 0.476875 0.5521874999999999 0.49906249999999996 0.5503125 0.525 0.5387500000000001 0.5446875 0.521875 0.5534375 0.5009375 0.5446875 0.49093749999999997 0.516875 0.48343749999999996 0.48531250000000004 0.4921875 0.46218750000000003 0.5046875 0.45218749999999996 0.5193749999999999
0 0.321875 0.41875 0.325 0.421875 0.33125 0.41875 0.334375 0.4125 0.334375 0.403125 0.328125 0.378125 0.315625 0.353125 0.303125 0.340625 0.2875 0.340625 0.278125 0.346875 0.271875 0.35625 0.26875 0.371875 0.290625 0.40625 0.30625 0.41875 0.321875 0.41875
0 0.253125 0.459375 0.265625 0.465625 0.278125 0.453125 0.278125 0.45 0.29375 0.43125 0.29375 0.421875 0.284375 0.39375 0.278125 0.38125 0.271875 0.375 0.259375 0.378125 0.246875 0.3875 0.240625 0.4 0.240625 0.425 0.24375 0.440625 0.253125 0.459375
0 0.284375 0.51875 0.334375 0.45625 0.334375 0.434375 0.328125 0.428125 0.31875 0.425 0.3 0.428125 0.2625 0.475 0.259375 0.490625 0.2625 0.509375 0.275 0.51875 0.284375 0.51875
0 0.307146490625 0.450233459375 0.305793425 0.480000959375 0.308837828125 0.50740059375 0.316279703125 0.51856340625 0.347738540625 0.515180734375 0.35687175 0.49962045 0.359916153125 0.480000959375 0.356533484375 0.44177678125000003 0.34875334062499996 0.42418689687500005 0.334884390625 0.42148075937499996 0.31560316875 0.43129050312499995 0.307146490625 0.450233459375
0 0.31875 0.540625 0.33125 0.5375 0.340625 0.53125 0.3625 0.503125 0.365625 0.49375 0.3625 0.490625 0.3625 0.475 0.359375 0.46875 0.346875 0.4625 0.328125 0.465625 0.30625 0.49375 0.29375 0.5125 0.29375 0.528125 0.3 0.534375 0.31875 0.540625
0 0.365625 0.60625 0.375 0.60625 0.38125 0.6 0.38125 0.575 0.375 0.5625 0.359375 0.546875 0.35 0.54375 0.334375 0.546875 0.328125 0.553125 0.328125 0.575 0.35 0.6 0.365625 0.60625
0 0.3 0.625 0.321875 0.625 0.3375 0.621875 0.353125 0.60625 0.325 0.578125 0.26875 0.575 0.265625 0.58125 0.265625 0.590625 0.275 0.6125 0.3 0.625
0 0.271875 0.571875 0.2875 0.578125 0.29375 0.578125 0.296875 0.575 0.31875 0.575 0.321875 0.571875 0.31875 0.565625 0.31875 0.540625 0.321875 0.534375 0.3 0.509375 0.2625 0.521875 0.259375 0.534375 0.2625 0.540625 0.2625 0.559375 0.271875 0.571875
0 0.2875 0.696875 0.30625 0.690625 0.365625 0.653125 0.365625 0.65 0.3625 0.65 0.35625 0.6375 0.346875 0.628125 0.340625 0.625 0.33125 0.625 0.328125 0.628125 0.3125 0.628125 0.303125 0.63125 0.275 0.65625 0.271875 0.66875 0.275 0.69375 0.278125 0.696875 0.2875 0.696875
0 0.28125 0.659375 0.30625 0.66875 0.33125 0.66875 0.35 0.659375 0.3625 0.646875 0.34375 0.625 0.275 0.621875 0.271875 0.625 0.271875 0.646875 0.275 0.653125 0.28125 0.659375
0 0.340625 0.70625 0.36875 0.69375 0.378125 0.684375 0.38125 0.684375 0.3875 0.671875 0.3875 0.65625 0.38125 0.65 0.3625 0.653125 0.315625 0.675 0.3125 0.678125 0.3125 0.696875 0.321875 0.70625 0.340625 0.70625
0 0.359375 0.646875 0.371875 0.646875 0.378125 0.64375 0.38125 0.6375 0.38125 0.628125 0.375 0.615625 0.3625 0.60625 0.346875 0.603125 0.34375 0.60625 0.3375 0.621875 0.34375 0.63125 0.346875 0.63125 0.359375 0.646875
0 0.340625 0.759375 0.35625 0.753125 0.378125 0.7375 0.390625 0.725 0.39375 0.71875 0.39375 0.703125 0.3875 0.69375 0.375 0.69375 0.353125 0.70625 0.325 0.709375 0.315625 0.715625 0.3125 0.721875 0.3125 0.7375 0.315625 0.746875 0.340625 0.759375
0 0.303125 0.728125 0.309375 0.725 0.321875 0.7125 0.321875 0.709375 0.30625 0.69375 0.28125 0.7 0.278125 0.703125 0.278125 0.71875 0.28125 0.728125 0.303125 0.728125
0 0.3 0.7875 0.303125 0.784375 0.31875 0.784375 0.334375 0.778125 0.35 0.753125 0.35 0.75 0.334375 0.73125 0.303125 0.73125 0.290625 0.734375 0.2875 0.7375 0.284375 0.746875 0.284375 0.771875 0.29375 0.7875 0.3 0.7875
0 0.359375 0.8 0.375 0.796875 0.3875 0.784375 0.390625 0.778125 0.390625 0.746875 0.3875 0.7375 0.384375 0.734375 0.375 0.734375 0.34375 0.75625 0.3375 0.765625 0.334375 0.778125 0.340625 0.790625 0.346875 0.796875 0.359375 0.8
0 0.328125 0.875 0.378125 0.834375 0.3875 0.821875 0.3875 0.8125 0.36875 0.8 0.353125 0.8 0.34375 0.803125 0.34375 0.80625 0.3 0.834375 0.296875 0.840625 0.296875 0.871875 0.3125 0.88125 0.328125 0.875
0 0.303125 0.83125 0.315625 0.828125 0.359375 0.8 0.3375 0.7875 0.334375 0.778125 0.29375 0.7875 0.290625 0.790625 0.290625 0.815625 0.29375 0.825 0.303125 0.83125
0 0.3375 0.996875 0.340625 0.990625 0.3625 0.98125 0.384375 0.965625 0.390625 0.959375 0.390625 0.95 0.3875 0.94375 0.36875 0.928125 0.353125 0.928125 0.328125 0.940625 0.309375 0.959375 0.303125 0.971875 0.303125 0.990625 0.309375 0.996875 0.3375 0.996875
0 0.41875 0.95 0.421875 0.946875 0.421875 0.921875 0.415625 0.9125 0.396875 0.90625 0.36875 0.91875 0.340625 0.934375 0.340625 0.9375 0.3875 0.95 0.41875 0.95
0 0.32406250000000003 0.8165625000000001 0.31437499999999996 0.8315625000000001 0.3159375 0.8503125 0.34249999999999997 0.8603125 0.3678125 0.853125 0.38937499999999997 0.83125 0.4025 0.815625 0.40843749999999995 0.8046875 0.401875 0.7828125 0.3871875 0.7775000000000001 0.35812499999999997 0.7878125 0.34375 0.8003125000000001 0.32406250000000003 0.8165625000000001
0 0.320625 0.8556250000000001 0.311875 0.8728125 0.31437499999999996 0.8875 0.3375 0.8978125 0.368125 0.8887499999999999 0.39125 0.8703125 0.401875 0.8578125 0.4078125 0.85125 0.41 0.8340624999999999 0.38468749999999996 0.8296875 0.3584375 0.8315625000000001 0.33781249999999996 0.8425 0.320625 0.8556250000000001