0 0.78125 0.096875 0.765625 0.075 0.7375 0.075 0.7375 0.1625 0.75 0.165625 0.778125 0.13125 0.78125 0.096875
0 0.6825 0.1184375 0.68625 0.15031250000000002 0.6978125000000001 0.16593750000000002 0.7190624999999999 0.1715625 0.7306250000000001 0.1625 0.7375 0.1434375 0.7384375000000001 0.110625 0.7346874999999999 0.09343749999999999 0.7209375 0.0834375 0.7053125 0.08156250000000001 0.6878124999999999 0.0959375 0.6825 0.1184375
0 0.6653125 0.176875 0.6703125 0.1984375 0.6865625 0.21187499999999998 0.7078125 0.21000000000000002 0.73125 0.196875 0.7418750000000001 0.17375000000000002 0.7403125 0.16499999999999998 0.724375 0.1453125 0.7009375 0.1390625 0.678125 0.15375 0.6653125 0.176875
0 0.6478125 0.11781250000000001 0.6396875 0.1253125 0.6375 0.136875 0.6428125 0.14750000000000002 0.6587500000000001 0.1640625 0.67625 0.16343749999999999 0.6903125 0.15125 0.6956249999999999 0.1403125 0.6950000000000001 0.12250000000000001 0.6928124999999999 0.11750000000000001 0.6849999999999999 0.11000000000000001 0.6740625 0.10625 0.6584375 0.110625 0.6478125 0.11781250000000001
0 0.619375 0.145 0.6090625000000001 0.1525 0.6109375 0.16875 0.62375 0.19624999999999998 0.6431250000000001 0.2128125 0.6578125 0.21531250000000002 0.6675 0.21125 0.67375 0.20187499999999997 0.6753125 0.1903125 0.6746875 0.17875000000000002 0.6659375 0.1609375 0.6478125 0.14875 0.6321875 0.145 0.619375 0.145
0 0.588125 0.1909375 0.5859375 0.20249999999999999 0.58875 0.22125 0.6103125 0.2384375 0.6278125 0.2475 0.6415625 0.2425 0.645625 0.2365625 0.6487499999999999 0.2184375 0.6321875 0.19468749999999999 0.6275000000000001 0.1846875 0.6178125 0.176875 0.6075 0.1765625 0.596875 0.18156250000000002 0.588125 0.1909375
0 0.573125 0.171875 0.5653125 0.18375 0.5703125 0.20031249999999998 0.5825 0.2146875 0.6065625 0.21125 0.6346875 0.1984375 0.645 0.18656250000000002 0.6334375 0.1753125 0.629375 0.1696875 0.6174999999999999 0.1578125 0.6003125 0.1575 0.5846875 0.1628125 0.573125 0.171875
0 0.5440625 0.19343749999999998 0.538125 0.2046875 0.540625 0.2209375 0.5565625 0.2484375 0.5675 0.259375 0.5875 0.2625 0.5965625 0.25906250000000003 0.6025 0.2509375 0.6078125 0.23875000000000002 0.590625 0.21031249999999999 0.5734375 0.19343749999999998 0.556875 0.18875 0.5440625 0.19343749999999998
0 0.465 0.2703125 0.4721875 0.2934375 0.49437499999999995 0.3096875 0.5234375 0.3025 0.5465625000000001 0.2846875 0.538125 0.26437499999999997 0.5271874999999999 0.258125 0.5021875 0.2475 0.48624999999999996 0.24718749999999998 0.47093749999999995 0.2584375 0.465 0.2703125
0 0.5065625 0.2475 0.48687500000000006 0.27531249999999996 0.49406249999999996 0.3 0.5146875 0.309375 0.5359375 0.30625 0.5546875 0.29 0.5662499999999999 0.271875 0.5650000000000001 0.2484375 0.5493750000000001 0.2296875 0.5337500000000001 0.23125 0.5065625 0.2475
0 0.5003124999999999 0.2528125 0.5171875 0.2653125 0.5375 0.26125 0.5493750000000001 0.2609375 0.5599999999999999 0.2475 0.555625 0.23125 0.5503125 0.22312500000000002 0.536875 0.2078125 0.5118750000000001 0.21625 0.49468750000000006 0.23500000000000001 0.5003124999999999 0.2528125
0 0.4325 0.2978125 0.4290625 0.3075 0.429375 0.321875 0.441875 0.3353125 0.46187500000000004 0.3353125 0.48250000000000004 0.328125 0.5 0.315625 0.503125 0.306875 0.5009375 0.2975 0.4971875 0.29125 0.47843749999999996 0.2834375 0.46343750000000006 0.281875 0.44375 0.2884375 0.4325 0.2978125
0 0.425 0.316875 0.409375 0.3228125 0.3890625 0.344375 0.3753125 0.3853125 0.385625 0.4146875 0.40531249999999996 0.4140625 0.425625 0.4 0.43937499999999996 0.36906249999999996 0.446875 0.334375 0.4403125 0.32125 0.425 0.316875
0 0.375 0.36124999999999996 0.3740625 0.375625 0.3853125 0.39468749999999997 0.4021875 0.396875 0.41968750000000005 0.385625 0.445 0.351875 0.45093750000000005 0.3315625 0.4459375 0.31437499999999996 0.434375 0.3046875 0.4134375 0.30874999999999997 0.38937499999999997 0.334375 0.375 0.36124999999999996
0 0.349375 0.3571875 0.3265625 0.3853125 0.321875 0.40499999999999997 0.32625000000000004 0.41875 0.33718750000000003 0.42843749999999997 0.3603125 0.43093750000000003 0.3871875 0.41218750000000004 0.3896875 0.380625 0.3928125 0.354375 0.3834375 0.3453125 0.366875 0.3459375 0.349375 0.3571875
0 0.2959375 0.4515625 0.304375 0.4571875 0.319375 0.4546875 0.3521875 0.43656249999999996 0.3753125 0.4203125 0.381875 0.405625 0.3759375 0.38656250000000003 0.3671875 0.383125 0.3275 0.388125 0.3025 0.40718750000000004 0.294375 0.4328125 0.2959375 0.4515625
0 0.31625000000000003 0.448125 0.31656249999999997 0.4703125 0.3315625 0.4809375 0.3525 0.48375 0.3803125 0.47125000000000006 0.40093750000000006 0.4534375 0.4096875 0.434375 0.40625 0.42000000000000004 0.39437500000000003 0.41187500000000005 0.3703125 0.4140625 0.335 0.43187499999999995 0.31625000000000003 0.448125
0 0.3078125 0.46125 0.2975 0.5021875 0.308125 0.5253125 0.32687499999999997 0.5259375000000001 0.350625 0.5109375 0.3665625 0.48218750000000005 0.3746875 0.4571875 0.37124999999999997 0.44625000000000004 0.35625 0.4359375 0.330625 0.4390625 0.3078125 0.46125
0 0.280625 0.4515625 0.2625 0.4840625 0.26187499999999997 0.51625 0.274375 0.533125 0.2890625 0.53625 0.3096875 0.5231250000000001 0.3225 0.49000000000000005 0.32375 0.45875000000000005 0.315 0.440625 0.30593750000000003 0.43531250000000005 0.29500000000000004 0.43656249999999996 0.280625 0.4515625
0 0.20249999999999999 0.5934375000000001 0.23625 0.5884375000000001 0.26937500000000003 0.5534375 0.27468750000000003 0.5253125 0.2621875 0.5121875 0.255 0.509375 0.2284375 0.51625 0.1984375 0.5506249999999999 0.1915625 0.57375 0.20249999999999999 0.5934375000000001
0 0.23156249999999998 0.49031250000000004 0.22000000000000003 0.5109375 0.21781250000000002 0.5359375 0.22000000000000003 0.55125 0.23093750000000002 0.5675 0.2509375 0.5703125 0.26375000000000004 0.563125 0.2703125 0.5525 0.275 0.5178125 0.2709375 0.491875 0.26156250000000003 0.484375 0.2503125 0.47531249999999997 0.23156249999999998 0.49031250000000004
0 0.26625 0.541875 0.2528125 0.5628124999999999 0.24281250000000001 0.58125 0.2453125 0.598125 0.258125 0.6059375 0.2734375 0.6053124999999999 0.3003125 0.5834374999999999 0.3178125 0.55375 0.320625 0.5334375 0.319375 0.5221875 0.3071875 0.5146875 0.2940625 0.5171875 0.26625 0.541875
0 0.1740625 0.6275000000000001 0.171875 0.6515625 0.18562499999999998 0.6634375 0.20437500000000003 0.666875 0.22593749999999999 0.651875 0.25125000000000003 0.630625 0.256875 0.6028125 0.244375 0.5903125 0.23125 0.585 0.210625 0.59375 0.1740625 0.6275000000000001