0 0.490625 0.16875 0.51875 0.159375 0.534375 0.13125 0.540625 0.109375 0.525 0.08125 0.509375 0.08125 0.49375 0.09375 0.475 0.134375 0.475 0.15625 0.490625 0.16875
0 0.4875 0.225 0.509375 0.2125 0.528125 0.190625 0.53125 0.178125 0.53125 0.15625 0.525 0.14375 0.5125 0.140625 0.490625 0.146875 0.48125 0.15625 0.478125 0.15625 0.4625 0.1875 0.459375 0.196875 0.459375 0.2125 0.46875 0.221875 0.4875 0.225
0 0.471875 0.25625 0.4875 0.25625 0.496875 0.253125 0.515625 0.240625 0.525 0.23125 0.525 0.209375 0.5125 0.196875 0.5 0.196875 0.459375 0.221875 0.453125 0.234375 0.453125 0.24375 0.4625 0.253125 0.471875 0.25625
0 0.45625 0.3125 0.478125 0.309375 0.48125 0.3125 0.5125 0.28125 0.5125 0.2625 0.50625 0.25625 0.465625 0.259375 0.453125 0.26875 0.44375 0.2875 0.44375 0.30625 0.453125 0.315625 0.45625 0.3125
0 0.5125 0.340625 0.525 0.325 0.525 0.30625 0.521875 0.3 0.503125 0.290625 0.471875 0.296875 0.453125 0.30625 0.44375 0.315625 0.440625 0.325 0.440625 0.340625 0.46728701250000004 0.3480648125 0.5125 0.340625
0 0.496875 0.390625 0.50625 0.3875 0.51875 0.371875 0.51875 0.353125 0.5125 0.34375 0.50625 0.340625 0.45 0.346875 0.4375 0.35625 0.434375 0.365625 0.4375 0.384375 0.45 0.390625 0.496875 0.390625
0 0.45625 0.446875 0.48125 0.4375 0.5 0.41875 0.50625 0.403125 0.496875 0.39375 0.459375 0.39375 0.44375 0.396875 0.425 0.40625 0.41875 0.415625 0.415625 0.43125 0.421875 0.44375 0.43125 0.446875 0.45625 0.446875
0 0.415625 0.49375 0.421875 0.490625 0.440625 0.490625 0.446875 0.4875 0.484375 0.45 0.484375 0.434375 0.475 0.43125 0.45 0.43125 0.41875 0.44375 0.409375 0.453125 0.403125 0.465625 0.4 0.475 0.4 0.484375 0.403125 0.490625 0.415625 0.49375
0 0.44375 0.525 0.45 0.5125 0.4625 0.471875 0.446875 0.46875 0.421875 0.475 0.403125 0.484375 0.39375 0.5 0.390625 0.509375 0.390625 0.54375 0.425 0.54375 0.44375 0.525
0 0.46875 0.55 0.48125 0.55 0.4875 0.54375 0.49375 0.53125 0.5 0.509375 0.5 0.46875 0.496875 0.4625 0.4875 0.45625 0.48125 0.459375 0.46875 0.471875 0.45625 0.490625 0.453125 0.5125 0.453125 0.5375 0.45625 0.54375 0.46875 0.55
0 0.434375 0.578125 0.471875 0.546875 0.453125 0.521875 0.44375 0.521875 0.39375 0.540625 0.3875 0.546875 0.384375 0.55625 0.38125 0.56875 0.38125 0.590625 0.4125 0.590625 0.434375 0.578125
0 0.440625 0.63125 0.465625 0.61875 0.471875 0.6125 0.484375 0.584375 0.4875 0.571875 0.4875 0.559375 0.484375 0.553125 0.4625 0.553125 0.45 0.559375 0.41875 0.590625 0.415625 0.6 0.415625 0.615625 0.41875 0.621875 0.440625 0.63125
0 0.39375 0.6375 0.403125 0.634375 0.446875 0.60625 0.453125 0.590625 0.453125 0.5625 0.3875 0.5875 0.378125 0.59375 0.375 0.6 0.375 0.634375 0.378125 0.6375 0.39375 0.6375
0 0.41487725312499996 0.6105136812499999 0.40207486875000004 0.618115096875 0.388072259375 0.62971725625 0.38087091875 0.6385188937499999 0.375269878125 0.651721353125 0.37647010000000003 0.662923440625 0.383271365625 0.672925303125 0.39847419687499996 0.676125896875 0.41287687812499996 0.6745256000000001 0.424879115625 0.66852448125 0.439281796875 0.6601229187500001 0.45008380625 0.648120684375 0.456485 0.6385188937499999 0.46248611562499997 0.6237161375 0.458885446875 0.612514053125 0.45128403125 0.6097135312499999 0.43328067812500004 0.607313084375 0.41487725312499996 0.6105136812499999
0 0.4456829875 0.627316809375 0.428879859375 0.638118821875 0.413276953125 0.650921203125 0.404075240625 0.666124034375 0.40207486875000004 0.69012850625 0.404075240625 0.7029308875 0.41087650625 0.70853193125 0.428879859375 0.706931634375 0.439281796875 0.701730665625 0.455284775 0.686927909375 0.468887309375 0.673325375 0.4752885 0.6633235125 0.48008939375 0.652121428125 0.483289990625 0.6361184468750001 0.48128961875 0.62851703125 0.47488842499999995 0.623316065625 0.463286265625 0.6217157656250001 0.4456829875 0.627316809375
0 0.43088023125 0.656922321875 0.42047829375 0.6717250781249999 0.418477921875 0.692528953125 0.42087836875000006 0.70813185625 0.4264794125 0.7337366249999999 0.438081571875 0.742138190625 0.448083434375 0.7449387125 0.457685221875 0.741738115625 0.46728701250000004 0.73013595625 0.47568857500000006 0.710532303125 0.476488725 0.696929771875 0.47488842499999995 0.6849275375 0.47168783124999997 0.6673242593750001 0.46088581875 0.652921578125 0.44888358437500003 0.65052113125 0.43088023125 0.656922321875
0 0.383671440625 0.69893014375 0.374869803125 0.7193339437499999 0.37566995 0.736137071875 0.3872721125 0.756940946875 0.413276953125 0.76774295625 0.422878740625 0.7633421375 0.430080084375 0.750139678125 0.434480903125 0.731736253125 0.43328067812500004 0.712532678125 0.424879115625 0.7077317843750001 0.42167851875 0.690528578125 0.41287687812499996 0.68012664375 0.399274346875 0.682127015625 0.383671440625 0.69893014375