0 0.43125 0.23125 0.440625 0.2375 0.465625 0.2375 0.48125 0.23125 0.48125 0.215625 0.475 0.2 0.46875 0.19375 0.465625 0.184375 0.453125 0.171875 0.440625 0.165625 0.421875 0.165625 0.409375 0.175 0.40625 0.184375 0.40625 0.196875 0.421645996875 0.22027694375 0.43125 0.23125
0 0.4375 0.271875 0.4375 0.275 0.484375 0.278125 0.496875 0.278125 0.5 0.275 0.5 0.259375 0.49375 0.246875 0.484375 0.2375 0.484375 0.234375 0.48125 0.234375 0.475 0.228125 0.46875 0.225 0.459375 0.225 0.45625 0.221875 0.44375 0.221875 0.428125 0.228125 0.421875 0.234375 0.421875 0.253125 0.425 0.259375 0.4375 0.271875
0 0.45 0.315625 0.45 0.31875 0.45625 0.325 0.46875 0.33125 0.46875 0.334375 0.484375 0.340625 0.503125 0.340625 0.509375 0.3375 0.521875 0.325 0.51875 0.30625 0.5 0.284375 0.49375 0.28125 0.44375 0.28125 0.440625 0.284375 0.440625 0.3 0.44375 0.309375 0.45 0.315625
0 0.490625 0.390625 0.4875 0.390625 0.4875 0.415625 0.496875 0.434375 0.50625 0.4375 0.5125 0.44375 0.51875 0.44375 0.525 0.434375 0.525 0.428125 0.5375 0.415625 0.540625 0.409375 0.540625 0.3875 0.54375 0.38125 0.53125 0.35625 0.525 0.35 0.521875 0.340625 0.5125 0.340625 0.490625 0.35 0.490625 0.35625 0.496875 0.36875 0.496875 0.384375 0.490625 0.390625
0 0.559375 0.521875 0.578125 0.5125 0.59375 0.496875 0.596875 0.48125 0.590625 0.453125 0.578125 0.434375 0.5625 0.434375 0.546875 0.453125 0.54375 0.459375 0.54375 0.496875 0.553125 0.515625 0.559375 0.521875
0 0.53125 0.475 0.54375 0.475 0.5625 0.45 0.571875 0.43125 0.5625 0.396875 0.55 0.38125 0.5375 0.378125 0.528125 0.390625 0.515625 0.434375 0.515625 0.45 0.521875 0.46875 0.53125 0.475
0 0.575 0.571875 0.596875 0.5625 0.609375 0.55 0.615625 0.528125 0.60625 0.5 0.59375 0.478125 0.5738545312500001 0.484514740625 0.559375 0.509375 0.559375 0.546875 0.56875 0.565625 0.575 0.571875
0 0.625 0.590625 0.634375 0.584375 0.634375 0.575 0.625 0.540625 0.621875 0.534375 0.615625 0.53125 0.575 0.571875 0.575 0.596875 0.5875 0.60625 0.625 0.590625
0 0.628125 0.671875 0.640625 0.671875 0.646875 0.665625 0.653125 0.65 0.653125 0.63125 0.640625 0.59375 0.634375 0.58125 0.625 0.575 0.60625 0.578125 0.6 0.584375 0.5875 0.603125 0.590625 0.63125 0.596875 0.640625 0.628125 0.671875
0 0.296875 0.85625 0.309375 0.840625 0.309375 0.81875 0.3 0.790625 0.284375 0.76875 0.26875 0.76875 0.265625 0.775 0.2625 0.80625 0.26875 0.825 0.284375 0.85 0.296875 0.85625
0 0.25625 0.89375 0.26875 0.9 0.28125 0.9 0.2875 0.896875 0.29375 0.8875 0.29375 0.865625 0.28125 0.840625 0.265625 0.825 0.253125 0.821875 0.225 0.825 0.221875 0.834375 0.221875 0.85 0.225 0.8625 0.25625 0.89375
0 0.28125 0.9375 0.2875 0.93125 0.290625 0.925 0.290625 0.909375 0.28125 0.896875 0.23125 0.8625 0.221875 0.8625 0.2125 0.875 0.209375 0.88125 0.209375 0.903125 0.265625 0.94375 0.28125 0.9375
0 0.271875 0.978125 0.275 0.96875 0.265625 0.94375 0.23125 0.9125 0.215625 0.90625 0.20625 0.9125 0.2 0.921875 0.2 0.959375 0.265625 0.984375 0.271875 0.978125