0 0.521875 0.775 0.546875 0.775 0.55625 0.76875 0.559375 0.75625 0.55625 0.734375 0.540625 0.703125 0.525 0.6875 0.51875 0.684375 0.5 0.684375 0.5 0.7125 0.50625 0.765625 0.521875 0.775
0 0.5125 0.765625 0.5125 0.75625 0.503125 0.684375 0.484375 0.66875 0.478125 0.66875 0.475 0.671875 0.471875 0.703125 0.46875 0.759375 0.4875 0.76875 0.509375 0.76875 0.5125 0.765625
0 0.465625 0.753125 0.471875 0.7375 0.475 0.68125 0.46875 0.665625 0.459375 0.65625 0.453125 0.653125 0.4375 0.653125 0.428125 0.734375 0.434375 0.74375 0.45625 0.753125 0.465625 0.753125
0 0.3940793 0.6751177125 0.3909516875 0.69120258125 0.39273889375 0.7122022718750001 0.40480254687499995 0.724265925 0.41865340624999997 0.7247127250000001 0.43161066249999996 0.7184575 0.43920629375000003 0.705053440625 0.44233390625 0.6871813625 0.44233390625 0.672883703125 0.43652548125 0.654564821875 0.42490863125 0.64473518125 0.41820660312499996 0.643841578125 0.402121734375 0.655905228125 0.3940793 0.6751177125
0 0.386036865625 0.6956705999999999 0.399440921875 0.683606946875 0.406142953125 0.660373246875 0.41105777187500003 0.63892675625 0.409717365625 0.6201610750000001 0.39050488437499997 0.60988463125 0.3797816375 0.61613985625 0.367717984375 0.63937355625 0.360122353125 0.65099040625 0.35476073124999996 0.6581392375 0.353867125 0.674224109375 0.360122353125 0.68539415625 0.37263280625 0.6925429875 0.386036865625 0.6956705999999999
0 0.35654793749999997 0.6635008625000001 0.37173920312500003 0.6492032 0.376654025 0.62194828125 0.373079609375 0.5884381375000001 0.35788834375 0.586204128125 0.339569465625 0.596033771875 0.33242063437499997 0.6067570156250001 0.331080228125 0.612118640625 0.322144190625 0.623735490625 0.32035698125 0.6375863500000001 0.32482500000000003 0.652777615625 0.3391226625 0.66216045625 0.35654793749999997 0.6635008625000001
0 0.31276135 0.632224728125 0.330633425 0.6286503125 0.34135667187499996 0.607650621875 0.33733545625 0.59156575 0.322144190625 0.583076515625 0.3158889625 0.5826297125 0.30069769687500003 0.5893317406249999 0.292208459375 0.600501790625 0.290421253125 0.610778234375 0.2984636875 0.623735490625 0.31276135 0.632224728125
0 0.28729363750000003 0.6054166125 0.30605931875 0.593352959375 0.30874013125 0.5768212875 0.305165715625 0.55760880625 0.28818724375000004 0.54465155 0.28148521249999997 0.54465155 0.273442778125 0.550459975 0.264506740625 0.561630021875 0.262719534375 0.5763744843749999 0.26852795937499996 0.596480571875 0.28729363750000003 0.6054166125
0 0.23278380312500002 0.52141785 0.238592228125 0.5401835312500001 0.24842187187500003 0.555821596875 0.260038721875 0.567438446875 0.274336384375 0.574587278125 0.29131485625 0.564310834375 0.2984636875 0.5450983500000001 0.30025089375 0.5281198781249999 0.292208459375 0.5102477999999999 0.2810384125 0.50309896875 0.25646430625 0.49997135625 0.23278380312500002 0.512035009375 0.23278380312500002 0.52141785
0 0.222507359375 0.46646121249999994 0.21089050937499998 0.46690801249999997 0.20240127187499998 0.48031207187499997 0.20150766875 0.49595013750000005 0.20910330312499997 0.5142690187500001 0.21714573750000002 0.5263326687500001 0.22876258749999998 0.535715509375 0.24171984375000002 0.54331114375 0.2524430875 0.54465155 0.261379128125 0.538396321875 0.26808115625 0.5281198781249999 0.26808115625 0.524098659375 0.26629395 0.5142690187500001 0.261825928125 0.49684374375000007 0.2578047125 0.48612049687500003 0.247081465625 0.474503646875 0.222507359375 0.46646121249999994
0 0.22161375625000002 0.45618476875 0.20910330312499997 0.446801928125 0.179614375 0.44099350312499996 0.166210315625 0.445908321875 0.1653167125 0.459759184375 0.17514635625 0.47361004375000004 0.19614604687499998 0.4870141 0.21044370625000003 0.493716128125 0.22161375625000002 0.495056534375 0.23591141875 0.48522689375 0.23546461562499998 0.4843332875 0.23278380312500002 0.471822834375 0.22161375625000002 0.45618476875
0 0.14610423125 0.35654793749999997 0.14163620937500002 0.370398796875 0.151465853125 0.3909516875 0.170231534375 0.40480254687499995 0.20418848125000003 0.41284498125 0.216698934375 0.40793015937500005 0.22027334999999998 0.396313309375 0.22072015312499998 0.38737727187500004 0.218039340625 0.373079609375 0.201954471875 0.36056915625 0.184529196875 0.351186315625 0.161295496875 0.3507395125 0.14610423125 0.35654793749999997