0 0.264207071875 0.416648853125 0.304503403125 0.46987042187499994 0.339477578125 0.48241550625 0.354303584375 0.47557273125000005 0.362286821875 0.461887184375 0.3615265125 0.454284103125 0.349361584375 0.437937478125 0.3124866375 0.416268696875 0.287776625 0.40790530937499997 0.264207071875 0.416648853125
0 0.31818895 0.453143640625 0.320469875 0.477093346875 0.3508822 0.500282746875 0.3755922125 0.50370413125 0.3942197625 0.49838197500000003 0.40790530937499997 0.4854567375 0.4060045375 0.4713910375 0.3790136 0.45086271875 0.35582420312499996 0.440218403125 0.33491572812500003 0.437937478125 0.31818895 0.453143640625
0 0.364187590625 0.50484459375 0.379773909375 0.5253729125000001 0.404864075 0.5322156875 0.43565655625 0.523852296875 0.44820164062499995 0.51054690625 0.44668102187500003 0.495720896875 0.42045039375000004 0.47785365625000004 0.393839609375 0.47443226875000005 0.367608978125 0.48013458125 0.364187590625 0.50484459375
0 0.41702900625000006 0.509026290625 0.395740378125 0.5246126062500001 0.405624384375 0.5485623125 0.42957409062499996 0.5626280125 0.46758949687499995 0.5649089375 0.498762128125 0.556545546875 0.51282783125 0.5466615406249999 0.5109270593749999 0.53525691875 0.501423209375 0.519670603125 0.474812425 0.50712551875 0.448961946875 0.50598505625 0.41702900625000006 0.509026290625
0 0.486977353125 0.538298153125 0.4725315 0.55274400625 0.469490265625 0.5709914 0.47899411875000003 0.585057103125 0.504464440625 0.610907578125 0.531075225 0.611667884375 0.55046308125 0.60178388125 0.5614875500000001 0.58961895 0.559966934375 0.570611246875 0.5478020031249999 0.5500829281249999 0.524992759375 0.537917996875 0.50712551875 0.53297599375 0.486977353125 0.538298153125
0 0.532595840625 0.55616539375 0.5189102937500001 0.564148628125 0.51016675 0.587338025 0.52689353125 0.61470911875 0.554264621875 0.6238328156249999 0.5892387968749999 0.6261137406249999 0.6082465 0.612808346875 0.607486190625 0.596841878125 0.5960815687500001 0.5801151 0.572892171875 0.561107396875 0.54818215625 0.553124159375 0.532595840625 0.55616539375
0 0.6257335875 0.611667884375 0.616229734375 0.6211717375 0.619651121875 0.64284051875 0.635617590625 0.6584268343749999 0.6679306875 0.674013153125 0.69910331875 0.671732228125 0.71126825 0.6572863718749999 0.7146896375 0.638658825 0.70366516875 0.624593125 0.6797154625 0.61470911875 0.646642059375 0.608626653125 0.6257335875 0.611667884375
0 0.70366516875 0.638658825 0.69188039375 0.64740236875 0.6926407 0.66146806875 0.70594609375 0.6774345375 0.7333171843749999 0.69910331875 0.7614485875 0.6998636281249999 0.780456290625 0.678575 0.775894440625 0.6610879125 0.759547815625 0.644361134375 0.7439614999999999 0.639038978125 0.728375184375 0.6382786687500001 0.70366516875 0.638658825
0 0.751184428125 0.6713520749999999 0.741300421875 0.69302085625 0.7587875093750001 0.7124087125 0.783497521875 0.725714103125 0.8139098468749999 0.720391946875 0.8382397062500001 0.71126825 0.840900784375 0.6975827031249999 0.8363389375000001 0.683517003125 0.824934315625 0.6709719187500001 0.804025840625 0.6645093 0.77665475 0.666029915625 0.751184428125 0.6713520749999999
0 0.7853982937499999 0.723053025 0.79072045 0.73863934375 0.8123892312500001 0.75042411875 0.8382397062500001 0.750804271875 0.8671314156250001 0.7355981093749999 0.87663526875 0.7082270187499999 0.8667512625 0.690359778125 0.8488840218749999 0.6842773125 0.82531446875 0.6880788531250001 0.79832353125 0.7070865562499999 0.7853982937499999 0.723053025
0 0.83709924375 0.7542256593750001 0.8515451 0.77019213125 0.8903208125000001 0.7720929 0.9119895937500001 0.76258905 0.9306171437499999 0.741300421875 0.9249148343750001 0.723053025 0.9123697500000001 0.706326246875 0.898684203125 0.703285015625 0.88499865625 0.704425478125 0.853826025 0.7124087125 0.8382397062500001 0.7287553375 0.83709924375 0.7542256593750001