0 0.484375 0.953125 0.5 0.9375 0.521875 0.890625 0.515625 0.871875 0.509375 0.8625 0.50625 0.859375 0.5 0.859375 0.46875 0.871875 0.4625 0.878125 0.453125 0.9 0.446875 0.9375 0.45625 0.95625 0.471875 0.959375 0.484375 0.953125
0 0.425 0.921875 0.434375 0.928125 0.446875 0.93125 0.459375 0.925 0.46875 0.915625 0.471875 0.90625 0.471875 0.875 0.4625 0.83125 0.45 0.821875 0.4375 0.81875 0.425 0.828125 0.41875 0.846875 0.415625 0.875 0.415625 0.896875 0.41875 0.909375 0.425 0.921875
0 0.484375 0.865625 0.53125 0.85 0.534375 0.825 0.534375 0.784375 0.515625 0.771875 0.5 0.778125 0.484375 0.7875 0.459375 0.81875 0.453125 0.83125 0.453125 0.85625 0.465625 0.865625 0.484375 0.865625
0 0.5 0.928125 0.50625 0.921875 0.53125 0.878125 0.5375 0.84375 0.534375 0.828125 0.53125 0.825 0.46875 0.875 0.459375 0.89375 0.4625 0.91875 0.465625 0.921875 0.5 0.928125
0 0.484375 0.803125 0.509375 0.790625 0.515625 0.778125 0.515625 0.76875 0.5 0.728125 0.490625 0.71875 0.475 0.7125 0.45625 0.715625 0.446875 0.734375 0.44375 0.746875 0.45625 0.79375 0.471875 0.803125 0.484375 0.803125
0 0.45625 0.81875 0.484375 0.809375 0.490625 0.803125 0.5 0.778125 0.5 0.7625 0.49375 0.746875 0.48125 0.734375 0.453125 0.7375 0.446875 0.740625 0.434375 0.75625 0.428125 0.78125 0.428125 0.809375 0.434375 0.81875 0.45625 0.81875
0 0.509375 0.771875 0.534375 0.784375 0.540625 0.771875 0.54375 0.75625 0.54375 0.715625 0.534375 0.703125 0.5125 0.703125 0.496875 0.71875 0.496875 0.74375 0.5 0.7625 0.509375 0.771875
0 0.5484375 0.6840625 0.55 0.65625 0.540625 0.64375 0.521875 0.64375 0.471875 0.675 0.459375 0.6875 0.45625 0.7125 0.4996875 0.7234375 0.530625 0.70125 0.5484375 0.6840625
0 0.553125 0.653125 0.559375 0.63125 0.559375 0.609375 0.5375 0.6 0.515625 0.603125 0.503125 0.609375 0.503125 0.6375 0.50625 0.65 0.553125 0.653125
0 0.459375 0.678125 0.490625 0.66875 0.50625 0.65625 0.51875 0.640625 0.51875 0.61875 0.509375 0.60625 0.4875 0.60625 0.45625 0.628125 0.440625 0.653125 0.440625 0.671875 0.45 0.678125 0.459375 0.678125
0 0.521875 0.6375 0.521875 0.603125 0.515625 0.575 0.509375 0.565625 0.4875 0.5625 0.475 0.56875 0.465625 0.578125 0.45625 0.603125 0.453125 0.6375 0.46875 0.646875 0.5 0.653125 0.521875 0.6375
0 0.525 0.60625 0.5625 0.6125 0.565625 0.603125 0.565625 0.58125 0.559375 0.565625 0.55 0.553125 0.54375 0.546875 0.528125 0.540625 0.5125 0.540625 0.509375 0.54375 0.503125 0.55625 0.503125 0.571875 0.515625 0.6 0.525 0.60625
0 0.571875 0.55 0.571875 0.528125 0.56875 0.521875 0.559375 0.515625 0.540625 0.5125 0.528125 0.515625 0.51875 0.525 0.51875 0.5375 0.5625 0.56875 0.571875 0.55
0 0.571875 0.525 0.578125 0.5125 0.578125 0.484375 0.56875 0.475 0.5625 0.471875 0.553125 0.471875 0.528125 0.484375 0.528125 0.509375 0.53125 0.5125 0.571875 0.525
0 0.503125 0.525 0.515625 0.528125 0.54375 0.5125 0.54375 0.475 0.496875 0.453125 0.48125 0.453125 0.471875 0.465625 0.46875 0.484375 0.475 0.509375 0.478125 0.5125 0.503125 0.525
0 0.5 0.559375 0.521875 0.54375 0.515625 0.525 0.484375 0.50625 0.471875 0.503125 0.46875 0.5125 0.465625 0.540625 0.46875 0.559375 0.478125 0.5625 0.5 0.559375
0 0.528125 0.475 0.54375 0.475 0.5625 0.46875 0.565625 0.4625 0.565625 0.453125 0.5625 0.440625 0.553125 0.43125 0.5375 0.421875 0.509375 0.4125 0.49375 0.4125 0.4875 0.41875 0.484375 0.428125 0.484375 0.45 0.5 0.4625 0.528125 0.475
0 0.5375 0.48125 0.578125 0.48125 0.5875 0.45625 0.584375 0.44375 0.578125 0.4375 0.54375 0.43125 0.515625 0.434375 0.50625 0.45625 0.5125 0.46875 0.521875 0.478125 0.5375 0.48125
0 0.546875 0.403125 0.571875 0.41875 0.584375 0.415625 0.59375 0.40625 0.596875 0.396875 0.59375 0.3625 0.5875 0.353125 0.571875 0.334375 0.5625 0.33125 0.540625 0.33125 0.53125 0.3375 0.528125 0.34375 0.528125 0.375 0.53125 0.384375 0.546875 0.403125
0 0.51875 0.41875 0.55625 0.425 0.559375 0.421875 0.559375 0.40625 0.54375 0.375 0.525 0.35625 0.51875 0.353125 0.503125 0.35 0.496875 0.353125 0.490625 0.3625 0.490625 0.390625 0.496875 0.409375 0.51875 0.41875
0 0.51875 0.346875 0.540625 0.34375 0.571875 0.334375 0.5875 0.3125 0.5875 0.3 0.578125 0.290625 0.565625 0.290625 0.521875 0.296875 0.50625 0.309375 0.496875 0.328125 0.496875 0.340625 0.5 0.34375 0.51875 0.346875
0 0.59375 0.28125 0.609375 0.271875 0.615625 0.25625 0.615625 0.234375 0.60625 0.228125 0.559375 0.234375 0.54375 0.240625 0.525 0.2625 0.521875 0.278125 0.53125 0.29375 0.565625 0.290625 0.59375 0.28125
0 0.578125 0.228125 0.609375 0.21875 0.61875 0.20625 0.61875 0.1875 0.60625 0.178125 0.55625 0.184375 0.534375 0.2 0.53125 0.215625 0.540625 0.228125 0.546875 0.23125 0.578125 0.228125
0 0.59375 0.171875 0.609375 0.153125 0.609375 0.140625 0.6 0.13125 0.5625 0.134375 0.5375 0.1625 0.528125 0.184375 0.534375 0.1875 0.56875 0.1875 0.59375 0.171875
0 0.528125 0.121875 0.540625 0.10625 0.53125 0.0875 0.50625 0.065625 0.49375 0.0625 0.465625 0.0625 0.459375 0.065625 0.453125 0.075 0.45 0.084375 0.453125 0.09375 0.471875 0.109375 0.528125 0.121875
0 0.540625 0.09375 0.55625 0.090625 0.559375 0.0875 0.5625 0.078125 0.5625 0.065625 0.553125 0.05 0.534375 0.03125 0.5125 0.021875 0.496875 0.028125 0.4875 0.0375 0.484375 0.04375 0.484375 0.05625 0.509375 0.075 0.540625 0.09375
0 0.5 0.1875 0.503125 0.190625 0.509375 0.190625 0.51875 0.184375 0.53125 0.1625 0.534375 0.15 0.528125 0.128125 0.521875 0.11875 0.509375 0.1125 0.496875 0.109375 0.484375 0.1125 0.478125 0.11875 0.47562499999999996 0.159375 0.4803125 0.18375 0.5 0.1875
0 0.484375 0.221875 0.496875 0.209375 0.503125 0.19375 0.5 0.16875 0.478125 0.128125 0.465625 0.121875 0.45 0.121875 0.44375 0.128125 0.440625 0.1375 0.45 0.175 0.471875 0.21875 0.484375 0.221875
0 0.46125 0.1684375 0.48 0.1715625 0.489375 0.16218749999999998 0.489375 0.1434375 0.48 0.1121875 0.47375 0.10593749999999999 0.45187499999999997 0.0965625 0.445625 0.1028125 0.43937499999999996 0.1121875 0.43937499999999996 0.1278125 0.45187499999999997 0.1590625 0.46125 0.1684375
0 0.43125 0.21875 0.440625 0.221875 0.446875 0.221875 0.459375 0.2125 0.4625 0.20625 0.459375 0.184375 0.453125 0.1625 0.44375 0.14375 0.434375 0.134375 0.41875 0.134375 0.409375 0.14375 0.403125 0.15625 0.4 0.16875 0.403125 0.1875 0.409375 0.196875 0.43125 0.21875
0 0.41875 0.271875 0.4375 0.275 0.4375 0.2375 0.421875 0.20625 0.403125 0.178125 0.396875 0.175 0.3875 0.178125 0.378125 0.1875 0.36875 0.2 0.371875 0.2125 0.390625 0.25 0.41875 0.271875
0 0.440625 0.271875 0.453125 0.265625 0.46875 0.25 0.48125 0.225 0.475 0.215625 0.45 0.203125 0.41875 0.2125 0.41875 0.228125 0.425 0.246875 0.440625 0.271875
0 0.25 0.484375 0.25625 0.4875 0.278125 0.4875 0.284375 0.484375 0.296875 0.475 0.3125 0.453125 0.3125 0.434375 0.30625 0.41875 0.296875 0.4125 0.284375 0.4125 0.271875 0.421875 0.24375 0.453125 0.240625 0.459375 0.240625 0.46875 0.24375 0.478125 0.25 0.484375
0 0.275 0.434375 0.296875 0.40625 0.3 0.36875 0.29375 0.35625 0.2875 0.35 0.271875 0.35 0.2625 0.35625 0.246875 0.371875 0.225 0.40625 0.221875 0.43125 0.23125 0.44375 0.246875 0.446875 0.275 0.434375
0 0.3125 0.446875 0.309375 0.4 0.296875 0.35625 0.2875 0.35 0.271875 0.35 0.2625 0.35625 0.253125 0.36875 0.246875 0.378125 0.2578125 0.4453125 0.275 0.45 0.3125 0.446875
0 0.34375 0.415625 0.340625 0.36875 0.3375 0.359375 0.321875 0.346875 0.303125 0.346875 0.3 0.35 0.296875 0.359375 0.3125 0.45 0.33125 0.4375 0.34375 0.415625
0 0.35 0.409375 0.359375 0.40625 0.371875 0.390625 0.38125 0.3625 0.38125 0.35 0.375 0.325 0.36875 0.315625 0.359375 0.309375 0.346875 0.30625 0.33125 0.325 0.328125 0.340625 0.334375 0.4 0.34375 0.409375 0.35 0.409375
0 0.3875 0.353125 0.415625 0.31875 0.421875 0.30625 0.41875 0.28125 0.40625 0.25625 0.4 0.253125 0.39375 0.253125 0.371875 0.2625 0.3625 0.28125 0.359375 0.29375 0.375 0.353125 0.378125 0.35625 0.3875 0.353125
0 0.365625 0.303125 0.384375 0.29375 0.390625 0.2625 0.390625 0.246875 0.38125 0.23125 0.371875 0.221875 0.365625 0.221875 0.35 0.23125 0.340625 0.240625 0.325 0.265625 0.321875 0.278125 0.328125 0.29375 0.3375 0.3 0.365625 0.303125
0 0.31875 0.359375 0.334375 0.346875 0.34375 0.33125 0.346875 0.30625 0.334375 0.275 0.325 0.271875 0.315625 0.278125 0.284375 0.321875 0.278125 0.3375 0.278125 0.34375 0.303125 0.359375 0.31875 0.359375
0 0.528125 0.096875 0.54375 0.109375 0.55625 0.1125 0.565625 0.1125 0.575 0.10625 0.584375 0.0875 0.578125 0.075 0.553125 0.059375 0.521875 0.059375 0.515625 0.065625 0.515625 0.06875 0.525 0.09375 0.528125 0.096875
0 0.509375 0.153125 0.51875 0.15625 0.53125 0.15625 0.5375 0.153125 0.55 0.140625 0.55625 0.128125 0.55 0.109375 0.534375 0.103125 0.503125 0.103125 0.49375 0.10625 0.4875 0.109375 0.4875 0.11875 0.49375 0.140625 0.509375 0.153125
0 0.5203125 0.22312500000000002 0.5081249999999999 0.23781249999999998 0.5040625000000001 0.25625 0.5037499999999999 0.2734375 0.5090625 0.288125 0.5246875 0.29812500000000003 0.5375 0.29312499999999997 0.5578125 0.27531249999999996 0.5621875000000001 0.2625 0.564375 0.23875000000000002 0.565625 0.2328125 0.5625 0.21531250000000002 0.5578125 0.20750000000000002 0.5440625 0.2046875 0.5334375 0.21031249999999999 0.5203125 0.22312500000000002
0 0.5575 0.30125 0.569375 0.316875 0.5875 0.31906249999999997 0.6090625000000001 0.3109375 0.61875 0.29812500000000003 0.62 0.2765625 0.6121875 0.2671875 0.5878125 0.26375000000000004 0.568125 0.26875 0.5587500000000001 0.28375 0.5575 0.30125
0 0.5609375 0.3559375 0.5734375 0.36843750000000003 0.5853125 0.36843750000000003 0.6109375 0.3565625 0.6128125 0.33999999999999997 0.6121875 0.3225 0.6021875 0.3178125 0.5853125 0.31906249999999997 0.5700000000000001 0.3265625 0.5615625 0.335 0.5609375 0.3559375
0 0.5078125 0.6928124999999999 0.510625 0.6684375 0.49906249999999996 0.6471875 0.4809375 0.6521874999999999 0.46656250000000005 0.666875 0.45499999999999996 0.6793750000000001 0.4378125 0.7053125 0.43624999999999997 0.72375 0.4528125 0.734375 0.4690625 0.735 0.48375 0.72875 0.491875 0.7162499999999999 0.4953125 0.7171875 0.5 0.7084374999999999 0.5078125 0.6928124999999999
0 0.45921028750000004 0.5430548625 0.46050020312499995 0.55724394375 0.46565986875 0.5744428312500001 0.47296939687500006 0.594651521875 0.48457864375000004 0.610990465625 0.500487615625 0.6225997125 0.519406390625 0.62173976875 0.524996028125 0.609270575 0.5262859468750001 0.58777196875 0.5232761406249999 0.57616271875 0.520696309375 0.568853190625 0.5125268375 0.55509408125 0.50306745 0.540905 0.48758844999999995 0.538325165625 0.4703895625 0.537465221875 0.45921028750000004 0.5430548625