0 0.33965249062499997 0.908694503125 0.34213429375 0.9406034 0.36269780625000003 0.9586851093750001 0.38751583749999996 0.9547851312500001 0.40276120000000004 0.93173981875 0.40630663125 0.9058581562500001 0.4073702625 0.8803310375000001 0.39318853125 0.864022046875 0.3676614125 0.86012206875 0.3463888125 0.8750128875 0.33965249062499997 0.908694503125
0 0.35028879062499996 0.859767525 0.3570251125 0.889194621875 0.38113405624999996 0.9062127 0.39708850625 0.898058203125 0.41127024062500006 0.87926740625 0.417297475 0.8650856750000001 0.4180065625 0.833885865625 0.40276120000000004 0.8161587000000001 0.37794316875 0.813322353125 0.3584432875 0.828567715625 0.35028879062499996 0.859767525
0 0.363761434375 0.78956795 0.35596148125 0.817222328125 0.360216003125 0.837076753125 0.3814886 0.8551584625 0.40027939687499997 0.8501948562500001 0.417297475 0.83459495 0.4286428625 0.8143859812500001 0.43041557812500003 0.8016224218750001 0.425451971875 0.787086146875 0.4180065625 0.77538621875 0.40488845937500006 0.7736135 0.38680675 0.776804390625 0.363761434375 0.78956795
0 0.366952325 0.762268115625 0.370143215625 0.7860225187500001 0.393897615625 0.8048133125 0.41020660937500003 0.79914061875 0.424388340625 0.78921340625 0.436088271875 0.7718407843749999 0.43679735624999994 0.75411361875 0.433251925 0.737450084375 0.40843389375 0.728231959375 0.38751583749999996 0.7307137625 0.374043190625 0.742768234375 0.366952325 0.762268115625
0 0.383970403125 0.703413925 0.385034034375 0.728231959375 0.393543075 0.750922728125 0.41304295625 0.7597863125 0.42935194687499995 0.751986359375 0.43998824687500004 0.73886825625 0.44956091562499995 0.72043200625 0.45133363437499996 0.7055411874999999 0.449915459375 0.701286665625 0.44211550624999996 0.686750390625 0.43147920624999997 0.676823178125 0.40630663125 0.677532265625 0.390352184375 0.686750390625 0.383970403125 0.703413925
0 0.39779759375 0.650941515625 0.3914158125 0.6824958718749999 0.393897615625 0.705895728125 0.411979325 0.7158229406250001 0.43254283750000005 0.707668446875 0.44814274374999996 0.69384125625 0.45736086875000004 0.67469591875 0.46019721562499993 0.6629959875 0.45806995625 0.647750625 0.45381543750000003 0.630732546875 0.43679735624999994 0.6278962 0.41375204375 0.637114328125 0.39779759375 0.650941515625
0 0.429159421875 0.5522899781249999 0.422418696875 0.579252871875 0.43545076250000003 0.603968859375 0.464660565625 0.6134058718750001 0.488927171875 0.579252871875 0.497914803125 0.560828228125 0.49027531562500004 0.537011003125 0.480838303125 0.53296656875 0.45881860625000004 0.53476409375 0.429159421875 0.5522899781249999
0 0.44488777500000004 0.5509418312500001 0.45657169687500004 0.56801833125 0.478142015625 0.5702652406250001 0.49342098749999996 0.557233175 0.50240861875 0.54150481875 0.5086999624999999 0.5248777 0.51004810625 0.5172382125 0.5086999624999999 0.497016040625 0.47499634375 0.488028409375 0.465109946875 0.5001617125 0.45028035624999996 0.52532708125 0.44488777500000004 0.5509418312500001
0 0.4745469625 0.45657169687500004 0.46960376249999997 0.48173706562499996 0.47050252812500004 0.501060475 0.47769263124999994 0.510946871875 0.49027531562500004 0.513193778125 0.5078012000000001 0.49926295 0.522630790625 0.48308521249999997 0.526675225 0.47679386875 0.5325171875 0.463312421875 0.526675225 0.44488777500000004 0.50150985625 0.4336532375 0.4848827375 0.440393959375 0.4745469625 0.45657169687500004
0 0.51678883125 0.388265696875 0.501060475 0.40309528749999995 0.49431975 0.422418696875 0.496117278125 0.439495196875 0.50825058125 0.44983097499999997 0.5248777 0.45117911875 0.531618425 0.44983097499999997 0.537460384375 0.44353963125 0.5522899781249999 0.412532303125 0.5513912125 0.39500641875000003 0.535662859375 0.38601878749999996 0.51678883125 0.388265696875
0 0.5419541999999999 0.331194234375 0.52622584375 0.34647320625 0.5172382125 0.36939166874999996 0.522181409375 0.388715078125 0.54240358125 0.399500234375 0.5513912125 0.3954558 0.5599294625 0.388715078125 0.5779047281249999 0.3518657875 0.577005965625 0.331194234375 0.5648726625 0.324453509375 0.5419541999999999 0.331194234375
0 0.5428529625 0.340181865625 0.561277609375 0.33793495625 0.5761072 0.32670041875 0.585094834375 0.28041411250000003 0.5666701875 0.276369678125 0.53970729375 0.29344618125 0.5325171875 0.31906093125 0.5428529625 0.340181865625
0 0.51633945 0.25390060000000003 0.506453053125 0.27232524375 0.50914934375 0.2880536 0.52442831875 0.297490615625 0.557233175 0.289401746875 0.58149978125 0.273224009375 0.5922849375 0.25884379687500003 0.5904874125 0.241317915625 0.5841960687500001 0.2309821375 0.561277609375 0.22918461250000002 0.536561621875 0.24086853437500003 0.51633945 0.25390060000000003