0 0.85676860625 0.60299413125 0.8390627875 0.61549360625 0.824828690625 0.627645884375 0.81476065 0.6446590624999999 0.8210097656249999 0.663755478125 0.8407986468749999 0.6696580156249999 0.867878140625 0.6679219625 0.8942633062500001 0.6599361906250001 0.9119691624999999 0.64847833125 0.9272447875 0.6314651718750001 0.932105209375 0.616188025 0.92967498125 0.60334135 0.92967498125 0.592577909375 0.9164824156250001 0.5835505000000001 0.90294265 0.58424491875 0.8779461843749999 0.593619525 0.85676860625 0.60299413125
0 0.7578242687500001 0.6328539875 0.766850778125 0.6550752875 0.7901113843750001 0.66097780625 0.8338552031249999 0.650214384375 0.868572509375 0.624173796875 0.890097253125 0.5995220625 0.882459440625 0.581467259375 0.8706555343750001 0.5731342781250001 0.8435760406249999 0.5713982343749999 0.793930271875 0.588064203125 0.766503578125 0.6113271218749999 0.7578242687500001 0.6328539875
0 0.7314391062500001 0.616188025 0.751575153125 0.6325067875 0.78941701875 0.6314651718750001 0.827606084375 0.60403575 0.8345495312500001 0.576953553125 0.826564553125 0.5654957031250001 0.817190878125 0.5648012875 0.792888740625 0.564454078125 0.761990359375 0.577647971875 0.732133434375 0.59674439375 0.7314391062500001 0.616188025
0 0.677974428125 0.6043829656249999 0.726578684375 0.620354509375 0.78386226875 0.593619525 0.796707665625 0.570009409375 0.790805715625 0.550912984375 0.7717112 0.546746490625 0.7411599437499999 0.55021856875 0.6998463375 0.563759671875 0.68491789375 0.581814465625 0.677974428125 0.6043829656249999
0 0.635966471875 0.637367690625 0.6675592406249999 0.650908803125 0.7099143625 0.65472806875 0.746020365625 0.64847833125 0.74671473125 0.61896569375 0.7331749656250001 0.597786009375 0.7262315 0.591536271875 0.71269175625 0.5835505000000001 0.68283486875 0.5870225875 0.659227078125 0.5974388125 0.632841915625 0.617576859375 0.635966471875 0.637367690625
0 0.616177609375 0.605424584375 0.648117540625 0.6224377624999999 0.71269175625 0.59639719375 0.7345636625 0.567578946875 0.7293560593749999 0.545010446875 0.7165106625 0.5363302562500001 0.66998945 0.53598305 0.6495062375 0.5460520718749999 0.623121075 0.5710510249999999 0.616177609375 0.605424584375
0 0.529106846875 0.55785713125 0.534661634375 0.58528654375 0.5520202875 0.605771803125 0.575628059375 0.6196600937500001 0.603054753125 0.6137575749999999 0.604096246875 0.595008359375 0.6023603875 0.58112005 0.599930196875 0.5665373312499999 0.587779128125 0.55126019375 0.566254384375 0.5436216218750001 0.544382475 0.544663246875 0.529106846875 0.55785713125
0 0.5822243406250001 0.580772840625 0.60548494375 0.592230690625 0.6544363468750001 0.589453040625 0.684293271875 0.5727870687500001 0.683251740625 0.546746490625 0.674225228125 0.53771909375 0.657213740625 0.5182754625 0.620760571875 0.5193170874999999 0.5950697375 0.5314693562499999 0.579446946875 0.5554266812499999 0.5822243406250001 0.580772840625
0 0.550284425 0.5307749375 0.560005265625 0.556121096875 0.581182846875 0.58112005 0.611386896875 0.59431394375 0.636730528125 0.581814465625 0.635688996875 0.5533434374999999 0.63325880625 0.53910791875 0.6325644375 0.522094746875 0.61069253125 0.511678515625 0.5870847593749999 0.5095952718750001 0.563824153125 0.516886628125 0.550284425 0.5307749375
0 0.48536303125 0.52660844375 0.480849775 0.54535765625 0.49022344999999995 0.5620236281250001 0.509317965625 0.5703566062500001 0.548548565625 0.565148496875 0.563824153125 0.545704865625 0.56521285 0.529386103125 0.558963734375 0.5095952718750001 0.54091075 0.50438715625 0.521469034375 0.504734359375 0.504804746875 0.512720140625 0.48536303125 0.52660844375
0 0.479461096875 0.5703566062500001 0.47876675 0.595355559375 0.489876284375 0.617576859375 0.5287596812500001 0.63320120625 0.556880709375 0.617229640625 0.556880709375 0.595008359375 0.549590059375 0.5773007625 0.545076803125 0.5696622 0.52841251875 0.55646830625 0.511401028125 0.55160739375 0.488834753125 0.553690646875 0.479461096875 0.5703566062500001
0 0.429815328125 0.5696622 0.44474377187499997 0.588064203125 0.470087421875 0.598133228125 0.50341605 0.595355559375 0.520427540625 0.585980953125 0.529106846875 0.57209265 0.525635125 0.548482525 0.4957782375 0.5332053875 0.45550614375 0.52869169375 0.43780030625000005 0.5432744125 0.429815328125 0.5696622
0 0.454464609375 0.52695565 0.46418546875000005 0.5418855781249999 0.4957782375 0.542927203125 0.5155670812500001 0.532163771875 0.52285773125 0.5151505937499999 0.5218161968749999 0.505428778125 0.515914284375 0.5005678687499999 0.487793240625 0.49258209375 0.468698725 0.4936237125 0.45585330625 0.505775984375 0.454464609375 0.52695565
0 0.4145397 0.530427728125 0.42773228124999996 0.54917694375 0.456200490625 0.55160739375 0.470087421875 0.5363302562500001 0.47078175 0.5151505937499999 0.46800437500000003 0.502651115625 0.462449609375 0.4929293 0.441272046875 0.488415603125 0.42669076875 0.4936237125 0.4145397 0.5082064374999999 0.4145397 0.530427728125
0 0.366282628125 0.50994248125 0.36906002187500003 0.5318165625 0.39197344375 0.5418855781249999 0.4128038375 0.5314693562499999 0.426343584375 0.518969878125 0.430856840625 0.503345528125 0.431551190625 0.497790209375 0.43224553749999994 0.487373975 0.42078881562500003 0.48251306875 0.398222559375 0.482165865625 0.37982239375 0.4929293 0.366282628125 0.50994248125
0 0.35100701875 0.549871359375 0.3687128375 0.5654957031250001 0.42946814375000003 0.589453040625 0.44717398125 0.58528654375 0.45411744687500005 0.568620571875 0.44717398125 0.5432744125 0.44474377187499997 0.5380663 0.43780030625000005 0.530427728125 0.40586037499999994 0.52660844375 0.38086390625 0.52869169375 0.358644834375 0.535635840625 0.35100701875 0.549871359375
0 0.202193184375 0.510355040625 0.20913663124999998 0.527368221875 0.2455898375 0.536742828125 0.26294849062500003 0.532576340625 0.286209096875 0.513827128125 0.3073866375 0.4926474625 0.31051119374999997 0.47181499687499995 0.30669230625 0.4613987625 0.3018318875 0.453065784375 0.27197499999999997 0.45445460937500004 0.24489546875 0.46799570937499996 0.21989900312500002 0.48986979374999995 0.202193184375 0.510355040625
0 0.265031515625 0.54507581875 0.30217905312500004 0.54090933125 0.33863222187500003 0.5214657 0.350088959375 0.489175375 0.3393265875 0.46799570937499996 0.31016403124999997 0.47216220625 0.25600500625 0.490217003125 0.24211811249999998 0.513132709375 0.24663133125 0.533617959375 0.265031515625 0.54507581875
0 0.184487365625 0.50584135625 0.19455536874999999 0.5152159625 0.22892551249999998 0.51243829375 0.25635220937500003 0.494383496875 0.266073046875 0.47355103125 0.2643371875 0.4541074 0.2549635125 0.442996759375 0.23135574062500003 0.445427209375 0.208789465625 0.461745971875 0.188306253125 0.484314471875 0.184487365625 0.50584135625
0 0.1449096 0.48049518750000003 0.142479409375 0.50584135625 0.149770021875 0.519729646875 0.17546085625000002 0.523201734375 0.20011015625 0.50861900625 0.22059336875 0.4815368125 0.22475942187500003 0.45688506875 0.22441225625 0.43778864687499996 0.216427278125 0.432580525 0.197679928125 0.43362215312499997 0.17511369062499998 0.445427209375 0.158102203125 0.46209318125000004 0.1449096 0.48049518750000003
0 0.118871621875 0.46035713749999996 0.125467903125 0.47598148125 0.148034159375 0.48014797812500004 0.16990606875 0.46764850312500006 0.17927974375 0.447163253125 0.17858541249999998 0.43431656875 0.176849553125 0.43674702187500003 0.16365695 0.42841403125 0.14768699375 0.42841403125 0.13067550625 0.4374414375 0.118871621875 0.46035713749999996
0 0.08554299062500001 0.464523634375 0.094916665625 0.49125862812500004 0.109845109375 0.5072301718750001 0.12893964375 0.5148687437499999 0.142479409375 0.50236926875 0.144215271875 0.483272846875 0.142479409375 0.45584344374999997 0.13275855 0.43327494375000003 0.12893964375 0.42945565625000004 0.115399896875 0.42320591875 0.09561101562499999 0.42667799687499997 0.087278853125 0.439871890625 0.08554299062500001 0.464523634375
0 0.042493521875 0.451676946875 0.04665959375 0.48084239375 0.05499175625 0.503758103125 0.074086290625 0.520076865625 0.09318080625 0.51834083125 0.10359599374999999 0.4992444 0.10186013125 0.46973174375 0.093875153125 0.44403838437500004 0.09213929374999999 0.43639981250000004 0.088320384375 0.423553128125 0.07443345625 0.414178521875 0.05603326875 0.41313689374999996 0.041799175 0.4239003375 0.042493521875 0.451676946875
0 0.00190646875 0.46780022812500005 0.014106178124999999 0.49032498437500005 0.02724430625 0.504402965625 0.048359171875 0.514257553125 0.06290497187500001 0.51097269375 0.06853559375 0.49924103750000004 0.067597178125 0.48328600312500003 0.065720296875 0.47014655625 0.05633590937500001 0.45513005 0.037567134375 0.44011354062499997 0.017859918750000002 0.437767209375 0.004252584375 0.44762179687500003 0.00190646875 0.46780022812500005