0 0.4875 0.55625 0.5125 0.5375 0.5125 0.521875 0.503125 0.503125 0.484375 0.496875 0.471875 0.5 0.446875 0.515625 0.45625 0.5375 0.475 0.55625 0.4875 0.55625
0 0.51875 0.534375 0.525 0.5375 0.5375 0.5375 0.5625 0.528125 0.5625 0.521875 0.553125 0.5 0.540625 0.4875 0.5125 0.5 0.509375 0.503125 0.509375 0.509375 0.5125 0.525 0.51875 0.534375
0 0.503125 0.5875 0.5375 0.56875 0.534375 0.540625 0.525 0.5375 0.5125 0.5375 0.478125 0.55625 0.475 0.5625 0.48125 0.575 0.496875 0.5875 0.503125 0.5875
0 0.55 0.575 0.559375 0.575 0.578125 0.565625 0.578125 0.54375 0.56875 0.53125 0.553125 0.53125 0.5375 0.5375 0.534375 0.540625 0.534375 0.559375 0.54375 0.571875 0.55 0.575
0 0.5125 0.6125 0.525 0.61875 0.528125 0.61875 0.55 0.596875 0.559375 0.578125 0.55625 0.56875 0.540625 0.565625 0.528125 0.56875 0.503125 0.5875 0.503125 0.6 0.50625 0.60625 0.5125 0.6125
0 0.575 0.625 0.590625 0.60625 0.590625 0.58125 0.5875 0.575 0.575 0.5625 0.56875 0.565625 0.5375 0.609375 0.534375 0.61875 0.540625 0.6375 0.55625 0.634375 0.575 0.625
0 0.578125 0.659375 0.603125 0.6375 0.609375 0.621875 0.609375 0.6125 0.590625 0.609375 0.540625 0.628125 0.5375 0.63125 0.534375 0.640625 0.540625 0.65625 0.546875 0.6625 0.578125 0.659375
0 0.61875 0.665625 0.640625 0.65 0.640625 0.634375 0.6375 0.625 0.625 0.6125 0.603125 0.6125 0.590625 0.625 0.58125 0.640625 0.578125 0.65 0.58125 0.65625 0.609375 0.665625 0.61875 0.665625
0 0.615625 0.703125 0.621875 0.696875 0.61875 0.66875 0.60625 0.659375 0.575 0.65625 0.55625 0.659375 0.55 0.665625 0.546875 0.671875 0.55 0.68125 0.565625 0.703125 0.615625 0.703125
0 0.59375 0.746875 0.6125 0.746875 0.634375 0.73125 0.6375 0.725 0.6375 0.7125 0.634375 0.70625 0.61875 0.696875 0.584375 0.7 0.571875 0.70625 0.56875 0.7125 0.571875 0.725 0.578125 0.734375 0.59375 0.746875
0 0.625 0.76875 0.640625 0.76875 0.6625 0.7625 0.6625 0.73125 0.659375 0.71875 0.65625 0.715625 0.625 0.715625 0.6 0.75 0.60625 0.759375 0.6125 0.765625 0.625 0.76875
0 0.63125 0.8125 0.646875 0.8125 0.65625 0.809375 0.671875 0.790625 0.671875 0.778125 0.6625 0.7625 0.6125 0.765625 0.609375 0.76875 0.609375 0.7875 0.61875 0.803125 0.63125 0.8125
0 0.66875 0.853125 0.675 0.85 0.6875 0.8375 0.690625 0.828125 0.690625 0.809375 0.6875 0.79375 0.671875 0.784375 0.63125 0.8125 0.6375 0.834375 0.653125 0.853125 0.66875 0.853125
0 0.675 0.890625 0.684375 0.89375 0.703125 0.884375 0.709375 0.871875 0.7125 0.84375 0.7 0.821875 0.690625 0.81875 0.659375 0.85 0.65625 0.85625 0.659375 0.86875 0.665625 0.88125 0.675 0.890625
0 0.7375 0.940625 0.75 0.934375 0.759375 0.90625 0.759375 0.86875 0.753125 0.85 0.746875 0.84375 0.73125 0.84375 0.71875 0.846875 0.709375 0.85625 0.703125 0.8875 0.7 0.921875 0.70625 0.934375 0.725 0.940625 0.7375 0.940625
0 0.734375 0.903125 0.74375 0.8875 0.75 0.85625 0.74375 0.840625 0.740625 0.8375 0.728125 0.834375 0.70625 0.84375 0.7 0.85625 0.696875 0.871875 0.6765016687500001 0.902263678125 0.7 0.928125 0.70625 0.928125 0.734375 0.903125
0 0.71875 0.96875 0.728125 0.978125 0.740625 0.978125 0.74375 0.975 0.753125 0.959375 0.759375 0.934375 0.759375 0.890625 0.75 0.8875 0.740625 0.890625 0.734375 0.896875 0.70625 0.928125 0.70625 0.94375 0.709375 0.953125 0.71875 0.96875
0 0.778125 0.93125 0.796875 0.91875 0.803125 0.903125 0.8 0.8875 0.775 0.8375 0.7625 0.828125 0.753125 0.828125 0.75 0.834375 0.746875 0.84375 0.746875 0.88125 0.753125 0.91875 0.778125 0.93125
0 0.803125 0.94375 0.80625 0.91875 0.80625 0.909375 0.796875 0.8875 0.778125 0.890625 0.765625 0.903125 0.74375 0.94375 0.7375 0.975 0.740625 0.996875 0.7875 0.996875 0.803125 0.94375
0 0.709375 0.840625 0.728125 0.846875 0.7375 0.846875 0.75 0.840625 0.75625 0.821875 0.728125 0.778125 0.71875 0.76875 0.709375 0.765625 0.7 0.76875 0.69375 0.775 0.6875 0.784375 0.690625 0.809375 0.70625 0.8375 0.709375 0.840625
0 0.690625 0.79375 0.703125 0.79375 0.709375 0.790625 0.71875 0.778125 0.71875 0.76875 0.7125 0.75 0.69375 0.715625 0.684375 0.70625 0.66875 0.70625 0.659375 0.715625 0.6625 0.759375 0.66875 0.771875 0.690625 0.79375
0 0.653125 0.715625 0.671875 0.7125 0.68125 0.703125 0.671875 0.68125 0.64375 0.659375 0.621875 0.653125 0.609375 0.65625 0.60625 0.659375 0.60625 0.68125 0.621875 0.7 0.653125 0.715625
0 0.246875 0.159375 0.28125 0.146875 0.28125 0.1125 0.24375 0.084375 0.234375 0.08125 0.221875 0.08125 0.215625 0.084375 0.2125 0.090625 0.2125 0.109375 0.23125 0.140625 0.246875 0.159375
0 0.315625 0.1875 0.35 0.1875 0.35625 0.18125 0.35625 0.16875 0.353125 0.15625 0.3375 0.128125 0.31875 0.1125 0.309375 0.109375 0.296875 0.109375 0.290625 0.1125 0.28125 0.121875 0.28125 0.146875 0.30625 0.18125 0.315625 0.1875
0 0.275 0.209375 0.315625 0.19375 0.325 0.1875 0.321875 0.16875 0.303125 0.15625 0.278125 0.15 0.26875 0.15 0.253125 0.15625 0.25 0.165625 0.25 0.1875 0.2625 0.203125 0.275 0.209375
0 0.3875 0.234375 0.390625 0.23125 0.3875 0.2125 0.346875 0.16875 0.334375 0.1625 0.328125 0.1625 0.2995494125 0.15664624375 0.2853548125 0.17084228125 0.28879594062499997 0.194932515625 0.306861803125 0.21257 0.32793866562499996 0.222464196875 0.351166221875 0.23666023125 0.3875 0.234375
0 0.384375 0.234375 0.390625 0.23125 0.390625 0.21875 0.384375 0.209375 0.365625 0.19375 0.31875 0.19375 0.284375 0.203125 0.28125 0.209375 0.28125 0.228125 0.3 0.24375 0.384375 0.234375
0 0.325 0.296875 0.390625 0.290625 0.4 0.284375 0.40625 0.271875 0.40625 0.2625 0.4 0.24375 0.39375 0.234375 0.3625 0.23125 0.303125 0.24375 0.3 0.246875 0.3 0.26875 0.30625 0.284375 0.325 0.296875
0 0.425 0.30625 0.4375 0.30625 0.4375 0.284375 0.421875 0.25625 0.40625 0.240625 0.396875 0.234375 0.371875 0.228125 0.353125 0.2375 0.35 0.246875 0.35 0.2625 0.35625 0.29375 0.425 0.30625
0 0.38125 0.3375 0.409375 0.334375 0.427399603125 0.319832146875 0.423927884375 0.300388540625 0.40625 0.290625 0.33125 0.296875 0.325 0.303125 0.321875 0.3125 0.325 0.321875 0.3375 0.3375 0.38125 0.3375
0 0.390625 0.35625 0.409375 0.365625 0.465625 0.35625 0.465625 0.340625 0.459375 0.328125 0.44375 0.3125 0.420456165625 0.30802710312500003 0.398237121875 0.304207821875 0.3871275625 0.3174017 0.3875 0.340625 0.390625 0.35625
0 0.359375 0.378125 0.371875 0.384375 0.409375 0.36875 0.41875 0.35625 0.41875 0.34375 0.415625 0.334375 0.40625 0.33125 0.34375 0.3375 0.340625 0.340625 0.340625 0.353125 0.34375 0.359375 0.359375 0.378125
0 0.409375 0.409375 0.45625 0.396875 0.478125 0.384375 0.478125 0.375 0.465625 0.359375 0.45625 0.35625 0.428125 0.35625 0.41875 0.359375 0.375 0.3875 0.371875 0.390625 0.38125 0.40625 0.3875 0.409375 0.409375 0.409375
0 0.425 0.45 0.446875 0.434375 0.45 0.428125 0.45 0.415625 0.446875 0.40625 0.4375 0.403125 0.3875 0.4125 0.384375 0.421875 0.39375 0.4375 0.40625 0.45 0.425 0.45
0 0.471875 0.428125 0.50625 0.421875 0.50625 0.415625 0.5 0.4 0.49375 0.390625 0.484375 0.384375 0.478125 0.384375 0.446875 0.4 0.44375 0.40625 0.446875 0.41875 0.453125 0.428125 0.471875 0.428125
0 0.4375 0.475 0.46875 0.475 0.50625 0.465625 0.521875 0.45625 0.525 0.446875 0.521875 0.4375 0.509375 0.425 0.5 0.421875 0.48125 0.421875 0.4625 0.425 0.41875 0.45 0.415625 0.453125 0.415625 0.4625 0.41875 0.46875 0.4375 0.475
0 0.44375 0.515625 0.45625 0.51875 0.5 0.5125 0.503125 0.509375 0.5 0.490625 0.49375 0.475 0.48125 0.471875 0.434375 0.46875 0.428125 0.471875 0.425 0.475 0.425 0.4875 0.428125 0.496875 0.44375 0.515625
0 0.5125 0.50625 0.540625 0.496875 0.54375 0.49375 0.540625 0.478125 0.534375 0.465625 0.525 0.45625 0.51875 0.45625 0.490625 0.471875 0.484375 0.478125 0.484375 0.49375 0.50625 0.50625 0.5125 0.50625