0 0.159375 0.446875 0.171875 0.440625 0.184375 0.425 0.190625 0.39375 0.1875 0.371875 0.178125 0.353125 0.159375 0.340625 0.15 0.340625 0.1375 0.35 0.128125 0.3625 0.125 0.378125 0.146875 0.4375 0.15 0.44375 0.159375 0.446875
0 0.13125 0.50625 0.140625 0.490625 0.146875 0.465625 0.146875 0.428125 0.140625 0.403125 0.13125 0.384375 0.121875 0.378125 0.10625 0.38125 0.090625 0.39375 0.084375 0.403125 0.1125 0.49375 0.121875 0.503125 0.13125 0.50625
0 0.057499999999999996 0.43968749999999995 0.055937499999999994 0.47093749999999995 0.063125 0.48531250000000004 0.07718749999999999 0.49343750000000003 0.0975 0.4875 0.11687499999999999 0.460625 0.125 0.42437500000000006 0.1240625 0.40812499999999996 0.11281250000000001 0.3953125 0.094375 0.3921875 0.0721875 0.41187500000000005 0.057499999999999996 0.43968749999999995
0 0.060312500000000005 0.46312499999999995 0.0475 0.4846875 0.043125000000000004 0.509375 0.0521875 0.5309375000000001 0.0678125 0.5340625 0.09031249999999999 0.5237499999999999 0.110625 0.49906249999999996 0.1140625 0.48562500000000003 0.1121875 0.4625 0.0984375 0.44375 0.079375 0.448125 0.060312500000000005 0.46312499999999995
0 0 0.95 0.015625 0.9625 0.028125 0.96875 0.0375 0.96875 0.046875 0.9625 0.06875 0.940625 0.075 0.925 0.075 0.9125 0.071875 0.90625 0.0125 0.915625 0 0.934375 0 0.95
0 0.028125 0.915625 0.0375 0.915625 0.0625 0.90625 0.06875 0.9 0.075 0.884375 0.075 0.875 0.071875 0.86875 0.06875 0.865625 0.04375 0.8625 0.03125 0.865625 0.0125 0.884375 0.0125 0.9 0.021875 0.9125 0.028125 0.915625
0 0.05 0.865625 0.071875 0.8625 0.08125 0.85 0.078125 0.825 0.053125 0.81875 0.040625 0.81875 0.01875 0.825 0.015625 0.83125 0.015625 0.840625 0.034375 0.859375 0.05 0.865625
0 0.028125 0.8375 0.078125 0.825 0.08125 0.815625 0.08125 0.79375 0.078125 0.7875 0.065625 0.778125 0.05625 0.775 0.0375 0.775 0.03125 0.778125 0.021875 0.79375 0.015625 0.809375 0.015625 0.815625 0.01875 0.828125 0.028125 0.8375
0 0.046875 0.71875 0.0625 0.696875 0.059375 0.6875 0.028125 0.659375 0.01875 0.6625 0.00625 0.675 0.003125 0.68125 0 0.69375 0.003125 0.7125 0.025 0.71875 0.046875 0.71875
0 0.078125 0.690625 0.09375 0.66875 0.09375 0.6625 0.06875 0.6375 0.046875 0.640625 0.034375 0.653125 0.03125 0.659375 0.03125 0.66875 0.059375 0.696875 0.078125 0.690625
0 0.1 0.6625 0.10625 0.659375 0.11875 0.64375 0.11875 0.625 0.109375 0.615625 0.084375 0.61875 0.071875 0.625 0.059375 0.634375 0.059375 0.646875 0.075 0.6625 0.1 0.6625
0 0.04375 0.634375 0.0625 0.621875 0.071875 0.6125 0.071875 0.60625 0.0625 0.590625 0.040625 0.58125 0.028125 0.590625 0.025 0.6 0.025 0.6125 0.028125 0.621875 0.04375 0.634375
0 0.10625 0.6125 0.1125 0.609375 0.121875 0.5875 0.121875 0.56875 0.11875 0.565625 0.084375 0.571875 0.075 0.578125 0.065625 0.5875 0.0875 0.609375 0.09375 0.6125 0.10625 0.6125
0 0.053125 0.58125 0.06875 0.578125 0.078125 0.571875 0.090625 0.55625 0.0875 0.54375 0.084375 0.540625 0.053125 0.525 0.04375 0.525 0.034375 0.54375 0.03125 0.553125 0.03125 0.565625 0.040625 0.578125 0.053125 0.58125
0 0.1125 0.559375 0.11875 0.559375 0.125 0.553125 0.13125 0.5375 0.13125 0.5125 0.121875 0.50625 0.10625 0.50625 0.090625 0.51875 0.084375 0.528125 0.084375 0.540625 0.0875 0.546875 0.1125 0.559375