0 0.7068749999999999 0.029375000000000002 0.7128125 0.050624999999999996 0.7474999999999999 0.06218749999999999 0.7628125 0.05500000000000001 0.7746875 0.038125 0.775 0.035312500000000004 0.7731250000000001 0.0246875 0.7590625 0.009375 0.7328125 0.005625 0.7109375 0.01 0.7068749999999999 0.029375000000000002
0 0.7509375 0.068125 0.7618750000000001 0.09375 0.8012499999999999 0.105625 0.8134375 0.0915625 0.8140625 0.071875 0.8106249999999999 0.0646875 0.79375 0.04625 0.7771874999999999 0.0378125 0.756875 0.043437500000000004 0.7509375 0.068125
0 0.7375 0.1190625 0.754375 0.1084375 0.7618750000000001 0.0875 0.7590625 0.0625 0.7578125 0.059375 0.7540625000000001 0.04875 0.725 0.051875000000000004 0.7106250000000001 0.0734375 0.7112499999999999 0.10500000000000001 0.7375 0.1190625
0 0.753125 0.13218749999999999 0.7715625 0.145625 0.8084374999999999 0.15687500000000001 0.8175000000000001 0.134375 0.81375 0.1153125 0.8125 0.11125 0.8087500000000001 0.0959375 0.7815624999999999 0.0775 0.7496875000000001 0.084375 0.74375 0.1053125 0.753125 0.13218749999999999
0 0.7090625 0.15 0.7278125 0.1671875 0.751875 0.1678125 0.765 0.153125 0.7678125 0.13874999999999998 0.7671875 0.13187500000000002 0.7653125000000001 0.11687499999999999 0.7553124999999999 0.10906249999999999 0.7265625 0.1103125 0.70875 0.1284375 0.7090625 0.15
0 0.7484375 0.1590625 0.7534375 0.1765625 0.7681250000000001 0.1925 0.7928124999999999 0.196875 0.8096875000000001 0.18375 0.81125 0.16999999999999998 0.8034375 0.14875 0.79125 0.1390625 0.765625 0.1353125 0.7528125 0.1440625 0.7484375 0.1590625
0 0.7478125 0.22781250000000003 0.7640625 0.24625 0.7853125000000001 0.2459375 0.8018750000000001 0.23156249999999998 0.8059375 0.21156250000000001 0.8025 0.19593750000000001 0.7871875 0.1828125 0.7646875 0.1834375 0.7490625 0.2 0.7478125 0.22781250000000003
0 0.705 0.2028125 0.7212500000000001 0.215 0.7528125 0.2171875 0.7646875 0.19437500000000002 0.7640625 0.1796875 0.7615624999999999 0.1740625 0.7509375 0.16499999999999998 0.7328125 0.1584375 0.7150000000000001 0.16468750000000001 0.701875 0.18156250000000002 0.705 0.2028125
0 0.6984375 0.248125 0.7121875 0.26437499999999997 0.7434375 0.2653125 0.7565625 0.254375 0.7603125000000001 0.238125 0.75875 0.2265625 0.7553124999999999 0.215625 0.7434375 0.2034375 0.7184375000000001 0.20218750000000002 0.6950000000000001 0.2165625 0.6984375 0.248125
0 0.740625 0.2525 0.74375 0.2765625 0.7615624999999999 0.289375 0.7903125 0.28875 0.8003125000000001 0.2678125 0.8006249999999999 0.26156250000000003 0.7928124999999999 0.246875 0.7815624999999999 0.2328125 0.7618750000000001 0.226875 0.744375 0.238125 0.740625 0.2525
0 0.6959375 0.2884375 0.7034374999999999 0.3078125 0.7365625 0.3121875 0.755 0.2896875 0.7540625000000001 0.27125 0.7465625 0.256875 0.733125 0.24906250000000002 0.714375 0.24906250000000002 0.6990624999999999 0.2646875 0.6959375 0.2884375
0 0.7325 0.3365625 0.75875 0.34187500000000004 0.78125 0.325 0.7865624999999999 0.296875 0.7865624999999999 0.29125 0.7759375000000001 0.275 0.7509375 0.2778125 0.729375 0.2896875 0.7262500000000001 0.30625 0.7325 0.3365625
0 0.7112499999999999 0.370625 0.7365625 0.379375 0.7559375 0.364375 0.7581249999999999 0.3440625 0.7578125 0.32999999999999996 0.75125 0.319375 0.7275 0.3021875 0.709375 0.305 0.7 0.33375 0.7112499999999999 0.370625
0 0.6903125 0.3665625 0.6849999999999999 0.3825 0.685625 0.39875 0.693125 0.418125 0.7134375000000001 0.42125 0.72875 0.4090625 0.7384375000000001 0.39468749999999997 0.74 0.37625000000000003 0.735 0.3640625 0.7209375 0.354375 0.7065625 0.355 0.6903125 0.3665625
0 0.7009375 0.440625 0.7159375 0.45968749999999997 0.7403125 0.45531249999999995 0.7534375 0.44437499999999996 0.7584375 0.4303125 0.7546875 0.41218750000000004 0.7428125 0.3984375 0.7178125 0.39718749999999997 0.701875 0.41218750000000004 0.7009375 0.440625
0 0.6571875 0.46624999999999994 0.6984375 0.475 0.7134375000000001 0.45093750000000005 0.7165625 0.4328125 0.7165625 0.42625 0.7159375 0.40812499999999996 0.6971875 0.39718749999999997 0.6721874999999999 0.40625 0.658125 0.4415625 0.6571875 0.46624999999999994
0 0.6793750000000001 0.499375 0.704375 0.5084375 0.72875 0.5009375 0.748125 0.4759375 0.75 0.45562500000000006 0.7459374999999999 0.4484375 0.7359375 0.44281249999999994 0.7125 0.44312500000000005 0.6903125 0.4515625 0.6759375000000001 0.4728125 0.6793750000000001 0.499375
0 0.6596875 0.533125 0.6709375 0.5515625 0.696875 0.555625 0.720625 0.546875 0.7365625 0.5259375000000001 0.7375 0.5146875 0.729375 0.506875 0.704375 0.49781250000000005 0.6815625 0.49781250000000005 0.6628125 0.5109375 0.6596875 0.533125
0 0.639375 0.5125 0.645 0.5284375 0.6775 0.53125 0.691875 0.505625 0.6956249999999999 0.48531250000000004 0.6956249999999999 0.473125 0.6971875 0.459375 0.685625 0.44281249999999994 0.6599999999999999 0.45437500000000003 0.6484375 0.47625 0.639375 0.5125
0 0.6671875 0.59375 0.6993750000000001 0.5962500000000001 0.7178125 0.569375 0.7184375000000001 0.5650000000000001 0.720625 0.5428124999999999 0.6996875 0.5315624999999999 0.6671875 0.5403125 0.6559375000000001 0.5671875 0.6671875 0.59375
0 0.6425 0.6 0.67375 0.5709375 0.67625 0.536875 0.6659375 0.5181250000000001 0.663125 0.515 0.6503125 0.5090625 0.6253124999999999 0.51625 0.6115625 0.5459375 0.618125 0.583125 0.6425 0.6
0 0.6428125 0.6321875 0.6596875 0.6475 0.689375 0.6431250000000001 0.7 0.6234375 0.7025 0.609375 0.704375 0.5853125 0.6759375000000001 0.569375 0.655625 0.5778125000000001 0.6368750000000001 0.6059375 0.6428125 0.6321875
0 0.6459374999999999 0.6228125 0.670625 0.595 0.67 0.56875 0.661875 0.5509375000000001 0.6453125 0.545 0.614375 0.5553125 0.5871875 0.590625 0.596875 0.6146874999999999 0.6459374999999999 0.6228125
0 0.595 0.708125 0.5953125 0.7365625 0.60375 0.7496875000000001 0.6215625 0.7509375 0.6381249999999999 0.740625 0.658125 0.723125 0.6653125 0.7078125 0.665625 0.6950000000000001 0.660625 0.675 0.6471875 0.658125 0.6296875 0.6603125000000001 0.605 0.6796875 0.595 0.708125
0 0.553125 0.7721875 0.545 0.7903125 0.546875 0.8096875000000001 0.5706249999999999 0.8256249999999999 0.5803125 0.8253125000000001 0.5909375 0.82 0.6109375 0.803125 0.6221875 0.7853125000000001 0.6259375 0.775 0.628125 0.7571875 0.62375 0.745 0.6103125 0.7440625 0.5803125 0.74875 0.553125 0.7721875
0 0.5203125 0.7459374999999999 0.528125 0.7715625 0.5615625 0.7803125 0.595 0.765625 0.6165625 0.7459374999999999 0.6234375 0.7309375 0.6240625 0.7215625 0.6178125 0.7059375 0.5990624999999999 0.7025 0.564375 0.7084374999999999 0.535625 0.7246875 0.5203125 0.7459374999999999
0 0.5465625000000001 0.6878124999999999 0.5428124999999999 0.7084374999999999 0.55625 0.724375 0.584375 0.7259375 0.6046875 0.7159375 0.62375 0.6971875 0.630625 0.6759375000000001 0.6275000000000001 0.6584375 0.6178125 0.6496875 0.6003125 0.645625 0.57375 0.656875 0.5599999999999999 0.66875 0.5465625000000001 0.6878124999999999
0 0.57875 0.645625 0.5915625 0.6665625000000001 0.6134375000000001 0.6809375 0.646875 0.6765625 0.6584375 0.6665625000000001 0.6637500000000001 0.658125 0.666875 0.6390625 0.6665625000000001 0.6303124999999999 0.6578125 0.6146874999999999 0.631875 0.6018749999999999 0.60875 0.6021875 0.5865625 0.6190625 0.57875 0.645625