0 0.990625 0.20625 0.9875 0.19375 0.96875 0.175 0.953125 0.16875 0.928125 0.165625 0.909375 0.16875 0.89375 0.175 0.884375 0.184375 0.934375 0.21875 0.98125 0.215625 0.990625 0.20625
0 0.934375 0.21875 0.93125 0.209375 0.921875 0.196875 0.9 0.1875 0.8875 0.1875 0.878125 0.19375 0.875 0.20625 0.8875 0.24375 0.91875 0.240625 0.934375 0.21875
0 0.825 0.26875 0.8625 0.265625 0.884375 0.246875 0.8875 0.2375 0.884375 0.221875 0.88125 0.215625 0.871875 0.209375 0.8625 0.20625 0.840625 0.20625 0.828125 0.2125 0.809375 0.225 0.809375 0.24375 0.8125 0.253125 0.825 0.26875
0 0.81875 0.278125 0.83125 0.265625 0.834375 0.259375 0.834375 0.240625 0.83125 0.234375 0.821875 0.225 0.809375 0.221875 0.784375 0.23125 0.778125 0.240625 0.78125 0.284375 0.7875 0.2875 0.81875 0.278125
0 0.746875 0.3 0.765625 0.29375 0.78125 0.278125 0.78125 0.25 0.76875 0.240625 0.74375 0.240625 0.7375 0.24375 0.73125 0.25 0.73125 0.271875 0.7375 0.29375 0.746875 0.3
0 0.709375 0.315625 0.71875 0.3125 0.734375 0.296875 0.734375 0.278125 0.725 0.259375 0.71875 0.25625 0.703125 0.25625 0.6875 0.271875 0.690625 0.3125 0.696875 0.315625 0.709375 0.315625
0 0.675 0.325 0.68125 0.321875 0.690625 0.309375 0.690625 0.290625 0.6875 0.278125 0.678125 0.26875 0.659375 0.26875 0.64375 0.28125 0.646875 0.325 0.653125 0.328125 0.675 0.325
0 0.63125 0.334375 0.64375 0.321875 0.646875 0.315625 0.646875 0.3 0.6375 0.284375 0.628125 0.28125 0.6125 0.28125 0.590625 0.296875 0.584375 0.309375 0.5875 0.31875 0.6125 0.3375 0.63125 0.334375
0 0.521875 0.35625 0.54375 0.3625 0.590625 0.3625 0.60625 0.35 0.60625 0.33125 0.603125 0.328125 0.58125 0.315625 0.559375 0.309375 0.540625 0.3125 0.509375 0.328125 0.50625 0.33125 0.50625 0.340625 0.5125 0.35 0.521875 0.35625
0 0.49375 0.415625 0.50625 0.409375 0.51875 0.396875 0.540625 0.359375 0.534375 0.34375 0.525 0.33125 0.515625 0.325 0.509375 0.325 0.484375 0.35625 0.48125 0.365625 0.48125 0.40625 0.484375 0.4125 0.49375 0.415625
0 0.484375 0.41875 0.478125 0.365625 0.465625 0.353125 0.459375 0.35 0.453125 0.35 0.4375 0.3625 0.43125 0.3875 0.4375 0.434375 0.471875 0.428125 0.484375 0.41875
0 0.4125 0.465625 0.421875 0.459375 0.44375 0.428125 0.446875 0.41875 0.446875 0.40625 0.434375 0.384375 0.41875 0.378125 0.3875 0.39375 0.38125 0.4 0.3875 0.446875 0.396875 0.4625 0.4125 0.465625
0 0.35625 0.49375 0.3625 0.49375 0.378125 0.484375 0.390625 0.471875 0.4 0.45625 0.403125 0.440625 0.403125 0.428125 0.396875 0.403125 0.38125 0.4 0.3625 0.4125 0.35 0.43125 0.33999999999999997 0.459375 0.35 0.4875 0.35625 0.49375
0 0.309375 0.496875 0.340625 0.5 0.35 0.4875 0.353125 0.46875 0.353125 0.440625 0.35 0.43125 0.34375 0.421875 0.328125 0.421875 0.309375 0.4375 0.303125 0.453125 0.303125 0.48125 0.30625 0.49375 0.309375 0.496875
0 0.2525 0.48125 0.248125 0.5028125 0.2534375 0.5421875 0.2628125 0.55375 0.27999999999999997 0.54875 0.290625 0.538125 0.3053125 0.5190625 0.30843750000000003 0.48343749999999996 0.305625 0.464375 0.30125 0.4515625 0.29031250000000003 0.4446875 0.27375 0.44875 0.26125 0.4609375 0.2525 0.48125
0 0.1953125 0.534375 0.19437500000000002 0.5575 0.20125 0.573125 0.21781250000000002 0.58 0.23937499999999998 0.56875 0.2478125 0.551875 0.255625 0.5290625 0.259375 0.49874999999999997 0.258125 0.480625 0.2440625 0.469375 0.22999999999999998 0.473125 0.220625 0.48562500000000003 0.2078125 0.509375 0.1953125 0.534375