0 0.946875 0.390625 0.965625 0.384375 0.99375 0.353125 0.996875 0.340625 0.996875 0.334375 0.984375 0.321875 0.95625 0.321875 0.946875 0.325 0.925 0.378125 0.925 0.384375 0.9375 0.390625 0.946875 0.390625
0 0.9375 0.3625 0.94375 0.35 0.946875 0.340625 0.94375 0.328125 0.934375 0.321875 0.90625 0.321875 0.89375 0.33125 0.890625 0.375 0.903125 0.384375 0.921875 0.38125 0.9375 0.3625
0 0.86875 0.378125 0.8875 0.375 0.896875 0.3625 0.9 0.346875 0.9 0.340625 0.89375 0.328125 0.884375 0.321875 0.8625 0.321875 0.85 0.328125 0.846875 0.334375 0.846875 0.365625 0.85625 0.375 0.86875 0.378125
0 0.8375 0.378125 0.853125 0.371875 0.85 0.328125 0.825 0.321875 0.8125 0.325 0.8 0.334375 0.796875 0.35625 0.80625 0.375 0.81875 0.378125 0.8375 0.378125
0 0.784375 0.38125 0.796875 0.38125 0.815625 0.375 0.8125 0.33125 0.790625 0.325 0.7625 0.325 0.759375 0.328125 0.75625 0.334375 0.759375 0.359375 0.771875 0.375 0.784375 0.38125
0 0.740625 0.365625 0.753125 0.35625 0.753125 0.33125 0.740625 0.321875 0.725 0.321875 0.715625 0.328125 0.715625 0.36875 0.73125 0.36875 0.740625 0.365625
0 0.73125 0.409375 0.746875 0.415625 0.759375 0.415625 0.771875 0.4125 0.784375 0.4 0.784375 0.384375 0.765625 0.36875 0.759375 0.365625 0.728125 0.36875 0.71875 0.378125 0.71875 0.390625 0.721875 0.4 0.73125 0.409375
0 0.690625 0.396875 0.709375 0.396875 0.7125 0.39375 0.7125 0.36875 0.70625 0.33125 0.7 0.325 0.68125 0.325 0.671875 0.33125 0.66875 0.34375 0.66875 0.359375 0.684375 0.39375 0.690625 0.396875
0 0.640625 0.403125 0.646875 0.409375 0.653125 0.4125 0.66875 0.4125 0.68125 0.396875 0.671875 0.340625 0.6625 0.325 0.640625 0.321875 0.628125 0.328125 0.625 0.334375 0.625 0.3625 0.634375 0.390625 0.640625 0.403125
0 0.60625 0.4125 0.6125 0.415625 0.625 0.415625 0.634375 0.409375 0.634375 0.403125 0.621875 0.33125 0.615625 0.325 0.596875 0.325 0.590625 0.328125 0.5875 0.33125 0.5875 0.34375 0.596875 0.4 0.60625 0.4125
0 0.5875 0.40625 0.59375 0.403125 0.596875 0.390625 0.596875 0.375 0.584375 0.334375 0.578125 0.328125 0.56875 0.325 0.546875 0.328125 0.54375 0.33125 0.54375 0.34375 0.5625 0.40625 0.5875 0.40625
0 0.53125 0.421875 0.54375 0.421875 0.55625 0.415625 0.5625 0.403125 0.5625 0.390625 0.546875 0.346875 0.534375 0.33125 0.5125 0.33125 0.50625 0.334375 0.5 0.340625 0.503125 0.359375 0.528125 0.41875 0.53125 0.421875
0 0.490625 0.421875 0.496875 0.428125 0.5125 0.428125 0.51875 0.425 0.525 0.41875 0.528125 0.40625 0.5 0.34375 0.49375 0.3375 0.48125 0.3375 0.46875 0.34375 0.465625 0.346875 0.465625 0.359375 0.475 0.390625 0.490625 0.421875
0 0.459375 0.4375 0.475 0.4375 0.484375 0.434375 0.49375 0.425 0.49375 0.415625 0.465625 0.35 0.446875 0.34375 0.425 0.346875 0.41875 0.353125 0.421875 0.375 0.453125 0.434375 0.459375 0.4375
0 0.39656250000000004 0.3515625 0.3853125 0.35375 0.3796875 0.3584375 0.3759375 0.36625 0.375 0.3778125 0.37906249999999997 0.39 0.3875 0.40031249999999996 0.39625 0.4096875 0.41375 0.4290625 0.42281250000000004 0.43562500000000004 0.436875 0.43875000000000003 0.449375 0.43843750000000004 0.45375 0.43218750000000006 0.4571875 0.42406249999999995 0.4565625 0.409375 0.45187499999999997 0.395 0.45 0.39187500000000003 0.43624999999999997 0.37124999999999997 0.4290625 0.3628125 0.4184375 0.3565625 0.4078125 0.3525 0.39656250000000004 0.3515625
0 0.349375 0.3696875 0.3409375 0.3771875 0.338125 0.3915625 0.3465625 0.4109375 0.3628125 0.42625 0.374375 0.434375 0.39 0.4425 0.40125 0.44718749999999996 0.41281249999999997 0.44749999999999995 0.4203125 0.4409375 0.42281250000000004 0.4265625 0.4203125 0.41187500000000005 0.41187500000000005 0.4028125 0.40843749999999995 0.398125 0.40062499999999995 0.39718749999999997 0.39249999999999996 0.3828125 0.37625000000000003 0.36875 0.365 0.36531250000000004 0.349375 0.3696875
0 0.36343749999999997 0.4346875 0.3734375 0.45499999999999996 0.390625 0.4615625 0.40843749999999995 0.46343750000000006 0.42874999999999996 0.46187500000000004 0.43968749999999995 0.45875000000000005 0.458125 0.4490625 0.46281249999999996 0.44375 0.46312499999999995 0.43875000000000003 0.46281249999999996 0.42750000000000005 0.45531249999999995 0.41624999999999995 0.441875 0.41 0.42093749999999996 0.40625 0.39125 0.40625 0.37312500000000004 0.41125 0.36625 0.42062499999999997 0.36343749999999997 0.4346875
0 0.2978125 0.41312499999999996 0.3078125 0.43125 0.32999999999999996 0.44656250000000003 0.3446875 0.4575 0.36906249999999996 0.465 0.3825 0.4653125 0.3915625 0.45906250000000004 0.3915625 0.44406249999999997 0.384375 0.43093750000000003 0.3671875 0.4134375 0.353125 0.4028125 0.34562499999999996 0.3959375 0.33999999999999997 0.3884375 0.3259375 0.3834375 0.313125 0.385 0.2975 0.395625 0.2978125 0.41312499999999996
0 0.280625 0.46343750000000006 0.29312499999999997 0.479375 0.311875 0.4871875 0.3471875 0.48250000000000004 0.3621875 0.471875 0.3728125 0.45875000000000005 0.3765625 0.44000000000000006 0.37093750000000003 0.42781250000000004 0.3603125 0.4190625 0.33781249999999996 0.4203125 0.3153125 0.42374999999999996 0.29375 0.43562500000000004 0.28125 0.449375 0.280625 0.46343750000000006
0 0.225 0.43125 0.215 0.4496875 0.21375000000000002 0.46656250000000005 0.221875 0.47843749999999996 0.24562499999999998 0.48343749999999996 0.2659375 0.47781250000000003 0.2865625 0.460625 0.30343749999999997 0.44343750000000004 0.3075 0.43062500000000004 0.31 0.41968750000000005 0.31 0.414375 0.3040625 0.40406250000000005 0.2921875 0.39968750000000003 0.26968749999999997 0.403125 0.24093749999999997 0.41531250000000003 0.225 0.43125
0 0.24906250000000002 0.448125 0.2384375 0.46343750000000006 0.23718750000000002 0.4759375 0.2496875 0.48656249999999995 0.26875 0.49093749999999997 0.29125 0.48624999999999996 0.3078125 0.478125 0.3275 0.4615625 0.335625 0.4503125 0.33875 0.43875000000000003 0.3353125 0.4303125 0.32218749999999996 0.4234375 0.2953125 0.4215625 0.2665625 0.429375 0.24906250000000002 0.448125