0 0.7 0.68125 0.703125 0.684375 0.709375 0.684375 0.71875 0.678125 0.734375 0.678125 0.74375 0.675 0.7625 0.65625 0.7625 0.6375 0.759375 0.63125 0.74375 0.621875 0.7 0.621875 0.678125 0.63125 0.665625 0.64375 0.6625 0.653125 0.6625 0.665625 0.684375 0.68125 0.7 0.68125
0 0.634375 0.66875 0.640625 0.675 0.66875 0.671875 0.690625 0.659375 0.6875 0.653125 0.7 0.6375 0.703125 0.628125 0.703125 0.621875 0.696875 0.615625 0.678125 0.609375 0.6625 0.609375 0.659375 0.6125 0.640625 0.6125 0.634375 0.61875 0.634375 0.646875 0.63125 0.653125 0.634375 0.65625 0.634375 0.66875
0 0.5975738374999999 0.6318495093750001 0.603805778125 0.6540075187500001 0.6197318468749999 0.660585678125 0.63496548125 0.656084834375 0.6488142375 0.6488142375 0.657123490625 0.6387738875 0.656777271875 0.621116721875 0.63912010625 0.6055368718749999 0.619039409375 0.603805778125 0.603459559375 0.618693190625 0.5975738374999999 0.6318495093750001
0 0.551526721875 0.6197318468749999 0.5497956281249999 0.632888165625 0.562605728125 0.6540075187500001 0.576454484375 0.658854584375 0.590995678125 0.6540075187500001 0.603805778125 0.648121796875 0.6148847843749999 0.63842766875 0.617654534375 0.62769488125 0.617654534375 0.62561756875 0.616615878125 0.61211503125 0.601382246875 0.602074684375 0.579916671875 0.5975738374999999 0.562605728125 0.603805778125 0.551526721875 0.6197318468749999
0 0.50340229375 0.6308108531250001 0.520020803125 0.6501991125 0.5449485625 0.66820249375 0.561567071875 0.659893240625 0.5691838875 0.6501991125 0.57229985625 0.63704279375 0.5719536375 0.62492513125 0.5657216968750001 0.611076375 0.548064534375 0.603805778125 0.520713240625 0.603113340625 0.506864484375 0.613846125 0.50340229375 0.6308108531250001
0 0.438659359375 0.5961889625000001 0.4341585125 0.6089990625 0.44592995625 0.626656225 0.45700895937499997 0.6380814499999999 0.470165278125 0.6488142375 0.48193672187500003 0.658162146875 0.5037485125 0.661624334375 0.51344264375 0.657123490625 0.5203670218750001 0.642928515625 0.521405678125 0.628387321875 0.522790553125 0.6193856281250001 0.50132498125 0.603113340625 0.48055184687499997 0.5948040875 0.45908627500000004 0.591341896875 0.438659359375 0.5961889625000001
0 0.4611635875 0.618000753125 0.452508115625 0.62700244375 0.451815678125 0.6401587625 0.45908627500000004 0.6543537374999999 0.48366781562499994 0.674088215625 0.5051333875 0.685167221875 0.522444334375 0.684128565625 0.5321384625000001 0.671664684375 0.535254434375 0.665086525 0.535600653125 0.658854584375 0.533177121875 0.644659609375 0.51690483125 0.62631000625 0.497516571875 0.617654534375 0.4767434375 0.61419234375 0.4611635875 0.618000753125
0 0.412000503125 0.62527135 0.40230637187499996 0.6287335406250001 0.395035775 0.6380814499999999 0.400575278125 0.658854584375 0.412000503125 0.674088215625 0.43450473125 0.6848210031249999 0.455277865625 0.683436128125 0.47051149687500005 0.673395778125 0.47847453125 0.66404786875 0.48089806562500004 0.658508365625 0.482975378125 0.65054533125 0.46878040312499997 0.636696575 0.455970303125 0.6311570718749999 0.43138876249999997 0.62700244375 0.412000503125 0.62527135
0 0.353835725 0.632888165625 0.36906935625 0.643620953125 0.387765178125 0.647775578125 0.40438368750000003 0.64916045625 0.431042540625 0.64916045625 0.441082890625 0.633580603125 0.444198859375 0.6204242843750001 0.441082890625 0.61073015625 0.43623582499999997 0.603459559375 0.41857866250000003 0.5982662750000001 0.384995428125 0.5982662750000001 0.35625925625 0.6103839375 0.3531432875 0.6197318468749999 0.353835725 0.632888165625
0 0.2600104 0.607614184375 0.254470896875 0.6225016 0.2600104 0.6387738875 0.27108940625 0.647083140625 0.289439009375 0.6533150812499999 0.306403734375 0.656777271875 0.319906271875 0.6550461750000001 0.33167771562500004 0.647083140625 0.3389483125 0.63635035625 0.3403331875 0.6280411 0.34067940625 0.6193856281250001 0.32440711875 0.606921746875 0.30017179375 0.601036028125 0.27143562499999996 0.6003435875 0.2600104 0.607614184375
0 0.20565403125 0.60068980625 0.209808659375 0.6231940375 0.21742547499999998 0.6353117 0.236813734375 0.64119741875 0.2593179625 0.642582296875 0.27247428125 0.6401587625 0.280783534375 0.6225016 0.279744878125 0.6117688125 0.27593647187500003 0.603459559375 0.263472590625 0.59515030625 0.238198609375 0.5861486124999999 0.2153481625 0.588918365625 0.20565403125 0.60068980625
0 0.1641077625 0.5691838875 0.1526825375 0.577493140625 0.1512976625 0.593765428125 0.157875821875 0.60934528125 0.166877515625 0.626656225 0.17795651875000001 0.636696575 0.1924977125 0.641889859375 0.211539753125 0.6408512 0.222964978125 0.633580603125 0.227465821875 0.62527135 0.22885070000000002 0.619039409375 0.22850448124999997 0.606229309375 0.21915656874999997 0.589957021875 0.20703890625 0.579224234375 0.19076661875 0.5719536375 0.1641077625 0.5691838875
0 0.098672390625 0.5954965249999999 0.09555641875000001 0.606229309375 0.10005726562499999 0.62215538125 0.11113626875 0.634619259375 0.12463880624999998 0.643274734375 0.144027065625 0.6515839875 0.16514641875 0.6501991125 0.17657164375 0.642928515625 0.18384224062500001 0.633234384375 0.184534678125 0.62146294375 0.1796876125 0.61003771875 0.17587920625 0.603805778125 0.16826239062499998 0.592726771875 0.153028759375 0.5868410500000001 0.13121696562500001 0.58510995625 0.10905895624999999 0.588918365625 0.098672390625 0.5954965249999999
0 0.087593384375 0.5407939374999999 0.07686059687499999 0.550834284375 0.07443706562499999 0.560528415625 0.07720681562500001 0.57368473125 0.089324478125 0.585456175 0.10767408125 0.592726771875 0.126023684375 0.5948040875 0.1519901 0.593765428125 0.16237666875 0.5861486124999999 0.1648002 0.578531796875 0.1641077625 0.5660679156249999 0.156144728125 0.5563737875 0.141257315625 0.546679659375 0.12360014999999999 0.5404477187500001 0.10317323437499999 0.536985528125 0.087593384375 0.5407939374999999
0 0.035660546875 0.508595578125 0.022504228125 0.51690483125 0.0162722875 0.52971493125 0.018695821874999997 0.5463334375 0.037045421875 0.561567071875 0.06647403125 0.56883766875 0.090016915625 0.56814523125 0.10628920625 0.55533513125 0.10975139375000001 0.548064534375 0.10317323437499999 0.538370403125 0.08343875625 0.523136771875 0.0675126875 0.515866175 0.046393334375 0.5082493593749999 0.035660546875 0.508595578125
0 0.02735129375 0.5646830406250001 0.021465571875 0.5761082656250001 0.02527398125 0.602767121875 0.036006765625 0.6103839375 0.05677990000000001 0.617654534375 0.077553034375 0.619039409375 0.09694129375 0.616269659375 0.1114824875 0.607614184375 0.115983334375 0.5975738374999999 0.113559803125 0.58649483125 0.11182870625 0.5819939875 0.10005726562499999 0.5719536375 0.08136144375 0.561913290625 0.057472337500000005 0.5577586625000001 0.0384303 0.55810488125 0.02735129375 0.5646830406250001