0 0.8125 0.99375 0.85625 0.984375 0.85625 0.96875 0.85 0.95625 0.834375 0.94375 0.8125 0.94375 0.790625 0.953125 0.7875 0.959375 0.790625 0.971875 0.796875 0.98125 0.8125 0.99375
0 0.778125 0.946875 0.790625 0.953125 0.809375 0.953125 0.8375 0.94375 0.840625 0.9375 0.8375 0.921875 0.83125 0.909375 0.825 0.903125 0.778125 0.903125 0.76875 0.90625 0.7625 0.9125 0.7625 0.928125 0.765625 0.934375 0.778125 0.946875
0 0.76875 0.90625 0.821875 0.9 0.821875 0.88125 0.815625 0.865625 0.809375 0.859375 0.796875 0.85625 0.753125 0.86875 0.75 0.871875 0.75 0.89375 0.75625 0.903125 0.76875 0.90625
0 0.75 0.875 0.8 0.85625 0.803125 0.85 0.803125 0.8375 0.8 0.83125 0.790625 0.81875 0.784375 0.815625 0.759375 0.815625 0.75 0.81875 0.74375 0.821875 0.73125 0.834375 0.725 0.846875 0.728125 0.85625 0.734375 0.865625 0.75 0.875
0 0.696875 0.85625 0.715625 0.85625 0.721875 0.853125 0.74375 0.821875 0.74375 0.809375 0.740625 0.803125 0.734375 0.8 0.69375 0.80625 0.68125 0.8125 0.684375 0.840625 0.6875 0.846875 0.696875 0.85625
0 0.78125 0.83125 0.790625 0.825 0.790625 0.815625 0.771875 0.771875 0.765625 0.765625 0.759375 0.765625 0.746875 0.775 0.73125 0.7875 0.73125 0.79375 0.746875 0.81875 0.78125 0.83125
0 0.684375 0.8125 0.709375 0.809375 0.734375 0.8 0.765625 0.76875 0.7625 0.765625 0.71875 0.7625 0.68125 0.765625 0.6625 0.771875 0.65625 0.778125 0.659375 0.790625 0.66875 0.80625 0.684375 0.8125
0 0.671875 0.76875 0.6875 0.76875 0.73125 0.759375 0.74375 0.75 0.75 0.7375 0.75 0.73125 0.74375 0.721875 0.734375 0.715625 0.6875 0.715625 0.66875 0.71875 0.65625 0.725 0.646875 0.734375 0.646875 0.75 0.65625 0.7625 0.671875 0.76875
0 0.671875 0.715625 0.734375 0.715625 0.74375 0.703125 0.74375 0.696875 0.734375 0.68125 0.715625 0.671875 0.675 0.665625 0.665625 0.66875 0.653125 0.678125 0.646875 0.684375 0.646875 0.7 0.653125 0.7125 0.671875 0.715625
0 0.4 0.203125 0.40625 0.203125 0.425 0.19375 0.434375 0.184375 0.434375 0.159375 0.421875 0.13125 0.403125 0.1125 0.38125 0.1125 0.371875 0.121875 0.371875 0.165625 0.3875 0.190625 0.4 0.203125
0 0.375 0.234375 0.3875 0.246875 0.396875 0.246875 0.425 0.18125 0.421875 0.16875 0.39375 0.15 0.371875 0.15 0.36875 0.159375 0.365625 0.171875 0.365625 0.209375 0.36875 0.221875 0.375 0.234375
0 0.421875 0.3 0.440625 0.28125 0.459375 0.228125 0.43125 0.19375 0.415625 0.196875 0.40625 0.20625 0.4 0.225 0.396875 0.246875 0.4 0.265625 0.40625 0.28125 0.421875 0.3
0 0.48125 0.246875 0.496875 0.246875 0.496875 0.225 0.49375 0.2125 0.48125 0.1875 0.471875 0.175 0.45625 0.1625 0.440625 0.1625 0.4375 0.16875 0.434375 0.196875 0.45 0.225 0.459375 0.234375 0.48125 0.246875
0 0.45 0.35 0.45625 0.340625 0.478125 0.28125 0.48125 0.25 0.475 0.240625 0.46875 0.2375 0.44375 0.2375 0.4375 0.24375 0.428125 0.265625 0.425 0.278125 0.425 0.30625 0.434375 0.328125 0.45 0.35
0 0.490625 0.353125 0.496875 0.35625 0.509375 0.353125 0.51875 0.34375 0.528125 0.325 0.525 0.290625 0.51875 0.265625 0.5 0.25 0.49375 0.25 0.48125 0.25625 0.471875 0.265625 0.46875 0.271875 0.46875 0.309375 0.471875 0.33125 0.490625 0.353125
0 0.471875 0.384375 0.484375 0.384375 0.49375 0.365625 0.49375 0.359375 0.4875 0.35 0.471875 0.340625 0.45 0.340625 0.45 0.35 0.4625 0.375 0.471875 0.384375
0 0.5 0.43125 0.509375 0.43125 0.5375 0.415625 0.546875 0.36875 0.546875 0.34375 0.53125 0.334375 0.484375 0.3625 0.475 0.384375 0.475 0.390625 0.490625 0.421875 0.5 0.43125
0 0.559375 0.45 0.5625 0.45 0.56875 0.446875 0.578125 0.428125 0.5875 0.4 0.5875 0.38125 0.584375 0.36875 0.575 0.359375 0.559375 0.3625 0.546875 0.371875 0.534375 0.396875 0.534375 0.415625 0.540625 0.43125 0.559375 0.45
0 0.528125 0.484375 0.553125 0.465625 0.553125 0.44375 0.546875 0.434375 0.53125 0.425 0.5125 0.421875 0.496875 0.425 0.496875 0.4375 0.5125 0.471875 0.528125 0.484375
0 0.625 0.459375 0.596875 0.40625 0.590625 0.4 0.584375 0.40625 0.578125 0.421875 0.575 0.43125 0.575 0.453125 0.58125 0.465625 0.625 0.459375
0 0.553125 0.515625 0.5625 0.5125 0.578125 0.496875 0.578125 0.48125 0.565625 0.46875 0.521875 0.475 0.51875 0.478125 0.53125 0.50625 0.540625 0.515625 0.553125 0.515625
0 0.596875 0.503125 0.615625 0.503125 0.628125 0.5 0.634375 0.490625 0.634375 0.48125 0.628125 0.4625 0.625 0.459375 0.60625 0.459375 0.578125 0.465625 0.575 0.46875 0.575 0.475 0.58125 0.490625 0.596875 0.503125
0 0.625 0.540625 0.634375 0.5375 0.64375 0.525 0.64375 0.509375 0.6375 0.49375 0.628125 0.49375 0.59375 0.50625 0.59375 0.525 0.60625 0.540625 0.625 0.540625
0 0.5440625 0.5046875 0.536875 0.520625 0.54125 0.5371875 0.5553125 0.5471874999999999 0.5700000000000001 0.5465625000000001 0.586875 0.5375 0.596875 0.525625 0.6003125 0.5134375 0.5978125000000001 0.49781250000000005 0.5828125 0.4925 0.5715625 0.491875 0.5540625 0.49375 0.5440625 0.5046875
0 0.5974999999999999 0.555625 0.5818749999999999 0.573125 0.5753125 0.593125 0.5778125000000001 0.61375 0.5865625 0.6221875 0.6046875 0.6196875000000001 0.615625 0.6121875 0.629375 0.5990624999999999 0.6409374999999999 0.5818749999999999 0.6465625 0.5706249999999999 0.6503125 0.5590625 0.646875 0.5446875 0.6328125 0.536875 0.6140625 0.5434375 0.5974999999999999 0.555625
0 0.5599999999999999 0.5521874999999999 0.5596875 0.5678124999999999 0.571875 0.5825 0.583125 0.5825 0.599375 0.5706249999999999 0.60875 0.5615625 0.6115625 0.5453125 0.605 0.5228125 0.5909375 0.524375 0.5756249999999999 0.5303125 0.5662499999999999 0.5384375 0.5599999999999999 0.5521874999999999
0 0.5196875000000001 0.25125000000000003 0.5059375 0.25125000000000003 0.4984375 0.2640625 0.4971875 0.281875 0.504375 0.308125 0.5134375 0.32875 0.5246875 0.3375 0.5387500000000001 0.3415625 0.5521874999999999 0.339375 0.5543750000000001 0.3278125 0.5553125 0.3175 0.5553125 0.30656249999999996 0.5471874999999999 0.28781249999999997 0.5403125 0.271875 0.5321875 0.2578125 0.5196875000000001 0.25125000000000003
0 0.5484375 0.371875 0.5584374999999999 0.3775 0.5743750000000001 0.37093750000000003 0.5825 0.36 0.5828125 0.3446875 0.58 0.33718750000000003 0.563125 0.3225 0.5496875 0.3246875 0.545625 0.33625 0.545625 0.35625 0.5484375 0.371875