0 0.19624999999999998 0.6537499999999999 0.18 0.6609375 0.16999999999999998 0.6746875 0.171875 0.6890625 0.18656250000000002 0.70625 0.199375 0.711875 0.22562500000000002 0.7150000000000001 0.24562499999999998 0.7134375000000001 0.2603125 0.7090625 0.270625 0.7 0.273125 0.6959375 0.27625 0.6849999999999999 0.2609375 0.6734375 0.23343750000000002 0.6596875 0.216875 0.6546875 0.19624999999999998 0.6537499999999999
0 0.2125 0.6340625 0.20750000000000002 0.646875 0.21437499999999998 0.661875 0.23562500000000003 0.6793750000000001 0.263125 0.6903125 0.28375 0.6934375 0.2978125 0.6884375 0.3053125 0.67625 0.30625 0.660625 0.3021875 0.6481250000000001 0.2803125 0.6290625000000001 0.255625 0.624375 0.22562500000000002 0.6253124999999999 0.2125 0.6340625
0 0.248125 0.6440625 0.24625 0.6665625000000001 0.265 0.6849999999999999 0.2890625 0.6971875 0.3140625 0.7021875 0.325625 0.6959375 0.3353125 0.6846875 0.33875 0.6778125 0.34249999999999997 0.6603125000000001 0.311875 0.6396875 0.2821875 0.6296875 0.26156250000000003 0.630625 0.248125 0.6440625
0 0.2621875 0.6240625 0.270625 0.6368750000000001 0.2978125 0.6521874999999999 0.3234375 0.6625 0.3521875 0.6678124999999999 0.3721875 0.6653125 0.37687499999999996 0.6478125 0.369375 0.63 0.35375 0.6146874999999999 0.34500000000000003 0.6115625 0.33999999999999997 0.609375 0.2996875 0.6 0.275 0.6009375 0.2625 0.60875 0.2621875 0.6240625
0 0.405625 0.5587500000000001 0.39125 0.568125 0.3775 0.5871875 0.36843750000000003 0.6103125 0.3678125 0.6271875 0.37625000000000003 0.6431250000000001 0.390625 0.6465625 0.4034375 0.64375 0.4246875 0.63125 0.43499999999999994 0.6196875000000001 0.4421875 0.6065625 0.44375 0.5928125 0.45 0.575 0.44343750000000004 0.5609375 0.4246875 0.5559375 0.405625 0.5587500000000001
0 0.3453125 0.5806250000000001 0.34750000000000003 0.61625 0.3871875 0.635625 0.4059375 0.6215625 0.41624999999999995 0.5890625 0.409375 0.54625 0.4096875 0.5459375 0.3990625 0.5390625 0.379375 0.5421875 0.3628125 0.5559375 0.3453125 0.5806250000000001
0 0.30093749999999997 0.6012500000000001 0.3275 0.6178125 0.3521875 0.620625 0.38 0.615 0.38656250000000003 0.5974999999999999 0.38406250000000003 0.57875 0.3796875 0.5734375 0.369375 0.565625 0.35375 0.5650000000000001 0.3234375 0.5696875 0.305625 0.5818749999999999 0.30093749999999997 0.6012500000000001
0 0.3953125 0.57875 0.40718750000000004 0.6118750000000001 0.4175 0.6171875 0.44281249999999994 0.6103125 0.45406250000000004 0.5875 0.4578125 0.5596875 0.45187499999999997 0.533125 0.44656250000000003 0.5228125 0.426875 0.5178125 0.41218750000000004 0.5290625 0.40031249999999996 0.5506249999999999 0.3953125 0.57875
0 0.4334375 0.5559375 0.4334375 0.5728125000000001 0.436875 0.595 0.44781250000000006 0.6075 0.46749999999999997 0.6018749999999999 0.48218750000000005 0.5806250000000001 0.49625 0.5506249999999999 0.5003124999999999 0.53 0.499375 0.5125 0.49000000000000005 0.500625 0.479375 0.4953125 0.458125 0.5053124999999999 0.4415625 0.5271874999999999 0.4334375 0.5559375
0 0.47906250000000006 0.556875 0.49343750000000003 0.5740624999999999 0.514375 0.57875 0.529375 0.5615625 0.540625 0.5396875 0.545 0.5103125000000001 0.5415625000000001 0.4878125 0.5228125 0.47781250000000003 0.5184375 0.47750000000000004 0.50875 0.47750000000000004 0.489375 0.495625 0.47781250000000003 0.51875 0.47375 0.5387500000000001 0.47906250000000006 0.556875
0 0.5287499999999999 0.5334375 0.5490625 0.5525 0.5653125 0.5525 0.58 0.541875 0.5878125 0.5253125 0.5875 0.506875 0.5740624999999999 0.49625 0.5478125 0.4971875 0.5234375 0.5103125000000001 0.5287499999999999 0.5334375
0 0.5646875 0.5040625000000001 0.5790625 0.524375 0.6056250000000001 0.5334375 0.6287499999999999 0.5234375 0.63 0.49906249999999996 0.6278125 0.489375 0.6196875000000001 0.48312499999999997 0.6015625 0.4653125 0.5846875 0.46281249999999996 0.5599999999999999 0.4771875 0.5646875 0.5040625000000001
0 0.6009375 0.48343749999999996 0.6278125 0.49625 0.6496875 0.49468750000000006 0.6596875 0.48250000000000004 0.6578125 0.46187500000000004 0.6521874999999999 0.453125 0.6290625000000001 0.4359375 0.6025 0.42843749999999997 0.583125 0.43843750000000004 0.583125 0.4559375 0.6009375 0.48343749999999996
0 0.6599999999999999 0.48562500000000003 0.6790625 0.4846875 0.691875 0.465625 0.68875 0.44343750000000004 0.680625 0.418125 0.6765625 0.40812499999999996 0.6625 0.40031249999999996 0.6396875 0.4059375 0.6265625 0.4371875 0.64 0.47000000000000003 0.6599999999999999 0.48562500000000003
0 0.6743750000000001 0.460625 0.7028125000000001 0.47781250000000003 0.7271875 0.4715625 0.7334375 0.45062499999999994 0.7290625000000001 0.41656250000000006 0.7146874999999999 0.38937499999999997 0.709375 0.381875 0.698125 0.3765625 0.6875 0.37906249999999997 0.671875 0.4 0.6693749999999999 0.43375 0.6743750000000001 0.460625
0 0.524375 0.49375 0.5503125 0.5103125000000001 0.58 0.505625 0.6 0.49625 0.6065625 0.4809375 0.60625 0.46749999999999997 0.6056250000000001 0.4653125 0.5962500000000001 0.45562500000000006 0.5665625000000001 0.45437500000000003 0.534375 0.4609375 0.5228125 0.475 0.524375 0.49375
0 0.9278124999999999 0.2184375 0.921875 0.2453125 0.9209375 0.27156250000000004 0.929375 0.29031250000000003 0.940625 0.2996875 0.9590624999999999 0.29812500000000003 0.9678125 0.28250000000000003 0.9724999999999999 0.2634375 0.975 0.24156249999999999 0.9753125 0.2228125 0.97 0.21375000000000002 0.963125 0.2071875 0.9453125 0.20656249999999998 0.9278124999999999 0.2184375
0 0.8875 0.28781249999999997 0.89875 0.315625 0.9168749999999999 0.3259375 0.9346875000000001 0.3196875 0.9446875 0.2846875 0.9384375 0.26375000000000004 0.9359375 0.25656249999999997 0.930625 0.2425 0.9203125 0.2296875 0.8978125 0.23562500000000003 0.8856249999999999 0.2603125 0.8875 0.28781249999999997
0 0.8484375 0.315625 0.869375 0.34500000000000003 0.891875 0.3465625 0.905625 0.320625 0.9025000000000001 0.2934375 0.89875 0.2840625 0.8959374999999999 0.2653125 0.8787499999999999 0.2521875 0.8612500000000001 0.25593750000000004 0.8453125 0.2815625 0.8484375 0.315625
0 0.8256249999999999 0.35531250000000003 0.843125 0.3740625 0.8699999999999999 0.38093750000000004 0.8815625 0.3578125 0.8796875 0.32437499999999997 0.8715624999999999 0.30656249999999996 0.8690625000000001 0.303125 0.8646874999999999 0.2934375 0.8453125 0.28375 0.821875 0.28718750000000004 0.818125 0.3125 0.8256249999999999 0.35531250000000003
0 0.7571875 0.395 0.7653125000000001 0.4134375 0.7846875 0.42062499999999997 0.804375 0.4065625 0.8099999999999999 0.3871875 0.81125 0.36531250000000004 0.81125 0.36062500000000003 0.8065625000000001 0.3453125 0.7993750000000001 0.3290625 0.7690625 0.3328125 0.7546875 0.3646875 0.7571875 0.395
0 0.7765625 0.38093750000000004 0.79 0.4046875 0.8106249999999999 0.403125 0.8306250000000001 0.3725 0.8321875000000001 0.3453125 0.8243750000000001 0.32437499999999997 0.8278125 0.31625000000000003 0.8106249999999999 0.3053125 0.7878125 0.31843750000000004 0.7778125 0.3509375 0.7765625 0.38093750000000004
0 0.723125 0.37875000000000003 0.7175 0.41531250000000003 0.718125 0.43531250000000005 0.735 0.4453125 0.7537499999999999 0.4403125 0.7671875 0.42374999999999996 0.7778125 0.39656250000000004 0.7809375000000001 0.3746875 0.7809375000000001 0.361875 0.7790625 0.3428125 0.7709374999999999 0.33781249999999996 0.755 0.3384375 0.735 0.353125 0.723125 0.37875000000000003