0 0.621875 0.9625 0.628125 0.9625 0.640625 0.95625 0.65625 0.9375 0.6625 0.91875 0.6625 0.89375 0.65625 0.878125 0.653125 0.875 0.634375 0.875 0.625 0.88125 0.60625 0.90625 0.603125 0.9125 0.603125 0.94375 0.609375 0.95625 0.621875 0.9625
0 0.60625 0.909375 0.61875 0.903125 0.646875 0.871875 0.65 0.8625 0.646875 0.8375 0.640625 0.828125 0.628125 0.828125 0.60625 0.84375 0.590625 0.859375 0.584375 0.86875 0.584375 0.890625 0.596875 0.90625 0.60625 0.909375
0 0.590625 0.859375 0.634375 0.821875 0.6375 0.8125 0.63125 0.790625 0.625 0.784375 0.621875 0.784375 0.603125 0.79375 0.571875 0.815625 0.565625 0.825 0.5625 0.84375 0.565625 0.85 0.58125 0.8625 0.590625 0.859375
0 0.5625 0.815625 0.575 0.8125 0.61875 0.78125 0.621875 0.775 0.621875 0.7625 0.61875 0.753125 0.609375 0.740625 0.59375 0.746875 0.55625 0.76875 0.54375 0.78125 0.54375 0.79375 0.546875 0.803125 0.5625 0.815625
0 0.553125 0.76875 0.609375 0.7375 0.6125 0.725 0.609375 0.715625 0.6 0.703125 0.584375 0.703125 0.5375 0.725 0.53125 0.73125 0.528125 0.7375 0.53125 0.759375 0.546875 0.76875 0.553125 0.76875
0 0.534375 0.721875 0.5375 0.721875 0.59375 0.696875 0.6 0.6875 0.6 0.68125 0.590625 0.6625 0.584375 0.659375 0.575 0.659375 0.521875 0.6875 0.51875 0.690625 0.51875 0.7 0.525 0.7125 0.534375 0.721875
0 0.521875 0.68125 0.528125 0.68125 0.55 0.671875 0.575 0.65625 0.584375 0.646875 0.5875 0.628125 0.578125 0.615625 0.56875 0.6125 0.528125 0.628125 0.50625 0.64375 0.503125 0.65 0.503125 0.659375 0.509375 0.671875 0.521875 0.68125
0 0.5375 0.621875 0.571875 0.60625 0.58125 0.590625 0.58125 0.58125 0.575 0.56875 0.56875 0.56875 0.528125 0.58125 0.50625 0.603125 0.50625 0.628125 0.509375 0.63125 0.5375 0.621875
0 0.5125 0.596875 0.521875 0.59375 0.55 0.578125 0.575 0.559375 0.578125 0.553125 0.575 0.534375 0.56875 0.528125 0.55625 0.528125 0.5 0.5625 0.5 0.58125 0.50625 0.59375 0.5125 0.596875
0 0.5 0.55625 0.509375 0.55625 0.553125 0.53125 0.56875 0.515625 0.571875 0.509375 0.571875 0.496875 0.565625 0.484375 0.559375 0.48125 0.54375 0.48125 0.4875 0.515625 0.484375 0.51875 0.484375 0.540625 0.49375 0.553125 0.5 0.55625
0 0.490625 0.5125 0.55625 0.478125 0.559375 0.475 0.559375 0.459375 0.553125 0.44375 0.540625 0.440625 0.478125 0.475 0.46875 0.48125 0.46875 0.503125 0.48125 0.5125 0.490625 0.5125
0 0.475 0.475 0.484375 0.471875 0.540625 0.4375 0.546875 0.43125 0.546875 0.415625 0.53125 0.396875 0.51875 0.396875 0.459375 0.44375 0.45625 0.446875 0.45625 0.465625 0.46875 0.475 0.475 0.475
0 0.4625 0.440625 0.475 0.434375 0.528125 0.390625 0.528125 0.375 0.525 0.36875 0.5125 0.35625 0.503125 0.35625 0.446875 0.40625 0.446875 0.428125 0.45625 0.440625 0.4625 0.440625
0 0.45625 0.403125 0.50625 0.35 0.50625 0.33125 0.5 0.321875 0.4875 0.31875 0.471875 0.325 0.4375 0.359375 0.4375 0.390625 0.446875 0.403125 0.45625 0.403125
0 0.4375 0.3625 0.45625 0.353125 0.490625 0.315625 0.49375 0.30625 0.49375 0.290625 0.484375 0.278125 0.478125 0.275 0.465625 0.275 0.453125 0.28125 0.440625 0.29375 0.428125 0.31875 0.425 0.328125 0.425 0.34375 0.428125 0.353125 0.4375 0.3625