0 0.928125 0.590625 0.9625 0.590625 0.98125 0.571875 0.996875 0.54375 0.996875 0.5375 0.990625 0.53125 0.971875 0.525 0.946875 0.528125 0.928125 0.540625 0.91875 0.55625 0.915625 0.565625 0.915625 0.578125 0.921875 0.5875 0.928125 0.590625
0 0.9 0.590625 0.9125 0.58125 0.9375 0.528125 0.93125 0.521875 0.9125 0.51875 0.890625 0.525 0.878125 0.53125 0.86875 0.54375 0.865625 0.55625 0.871875 0.56875 0.884375 0.58125 0.9 0.590625
0 0.925 0.6 0.946875 0.596875 0.95 0.59375 0.91875 0.553125 0.903125 0.5625 0.8875 0.578125 0.89375 0.590625 0.90625 0.596875 0.925 0.6
0 0.8625 0.58125 0.8875 0.584375 0.89375 0.58125 0.90625 0.559375 0.903125 0.546875 0.89375 0.528125 0.86875 0.521875 0.85 0.521875 0.84375 0.525 0.840625 0.528125 0.840625 0.559375 0.846875 0.571875 0.8625 0.58125
0 0.81875 0.578125 0.825 0.58125 0.840625 0.58125 0.84375 0.575 0.8375 0.525 0.825 0.51875 0.8125 0.521875 0.803125 0.53125 0.803125 0.55625 0.809375 0.56875 0.81875 0.578125
0 0.79375 0.584375 0.803125 0.58125 0.80625 0.578125 0.80625 0.56875 0.8 0.525 0.790625 0.51875 0.778125 0.51875 0.771875 0.521875 0.765625 0.528125 0.76875 0.571875 0.78125 0.58125 0.79375 0.584375
0 0.7625 0.58125 0.765625 0.575 0.765625 0.54375 0.7625 0.528125 0.75625 0.521875 0.740625 0.521875 0.728125 0.528125 0.725 0.5375 0.75 0.578125 0.753125 0.58125 0.7625 0.58125
0 0.71875 0.6125 0.73125 0.6125 0.7375 0.609375 0.746875 0.6 0.746875 0.575 0.734375 0.553125 0.721875 0.540625 0.7125 0.540625 0.696875 0.546875 0.69375 0.578125 0.696875 0.590625 0.703125 0.6 0.71875 0.6125
0 0.6625 0.621875 0.671875 0.621875 0.678125 0.61875 0.69375 0.603125 0.69375 0.5875 0.684375 0.55625 0.68125 0.553125 0.665625 0.553125 0.65625 0.559375 0.65 0.56875 0.646875 0.578125 0.646875 0.6 0.653125 0.615625 0.6625 0.621875
0 0.690625 0.578125 0.73125 0.571875 0.7375 0.5625 0.734375 0.55 0.725 0.540625 0.6875 0.521875 0.6625 0.521875 0.65625 0.528125 0.65625 0.546875 0.659375 0.559375 0.690625 0.578125
0 0.615625 0.628125 0.63125 0.628125 0.640625 0.625 0.65 0.6125 0.646875 0.56875 0.64375 0.565625 0.63125 0.565625 0.621875 0.56875 0.60625 0.584375 0.6 0.596875 0.6 0.6125 0.603125 0.61875 0.615625 0.628125
0 0.590625 0.578125 0.60625 0.578125 0.653125 0.55625 0.653125 0.528125 0.65 0.525 0.615625 0.521875 0.5875 0.528125 0.575 0.534375 0.56875 0.540625 0.565625 0.546875 0.565625 0.559375 0.575 0.571875 0.590625 0.578125
0 0.565625 0.6 0.59375 0.603125 0.6 0.5875 0.6 0.58125 0.5625 0.55 0.55625 0.55 0.54375 0.553125 0.54375 0.5875 0.546875 0.59375 0.565625 0.6
0 0.51875 0.603125 0.53125 0.5875 0.525 0.55625 0.515625 0.54375 0.490625 0.55625 0.484375 0.578125 0.484375 0.596875 0.496875 0.60625 0.51875 0.603125
0 0.365625 0.565625 0.375 0.575 0.390625 0.578125 0.4 0.565625 0.396875 0.509375 0.3875 0.490625 0.38125 0.484375 0.378125 0.484375 0.359375 0.5 0.35625 0.50625 0.35625 0.5375 0.359375 0.553125 0.365625 0.565625
0 0.415625 0.55625 0.428125 0.54375 0.434375 0.509375 0.425 0.484375 0.41875 0.478125 0.403125 0.471875 0.390625 0.475 0.3875 0.478125 0.3875 0.490625 0.40625 0.559375 0.415625 0.55625
0 0.43125 0.5875 0.4375 0.58125 0.4375 0.51875 0.43125 0.5 0.421875 0.484375 0.403125 0.50625 0.403125 0.575 0.415625 0.5875 0.43125 0.5875
0 0.446875 0.58125 0.465625 0.571875 0.471875 0.540625 0.471875 0.5 0.459375 0.4875 0.453125 0.484375 0.434375 0.484375 0.43125 0.490625 0.4375 0.565625 0.44375 0.58125 0.446875 0.58125
0 0.45625 0.6 0.46875 0.6 0.475 0.596875 0.478125 0.590625 0.478125 0.546875 0.471875 0.525 0.4625 0.51875 0.453125 0.51875 0.45 0.521875 0.440625 0.55 0.440625 0.58125 0.44375 0.5875 0.45625 0.6
0 0.484375 0.575 0.496875 0.575 0.51875 0.55625 0.51875 0.525 0.515625 0.5125 0.509375 0.503125 0.5 0.496875 0.48125 0.49375 0.475 0.496875 0.475 0.525 0.48125 0.5625 0.484375 0.575
0 0.365625 0.53125 0.378125 0.528125 0.38125 0.521875 0.384375 0.496875 0.384375 0.475 0.36875 0.465625 0.340625 0.465625 0.33125 0.46875 0.328125 0.478125 0.328125 0.49375 0.334375 0.509375 0.365625 0.53125
0 0.31875 0.559375 0.353125 0.559375 0.353125 0.55 0.346875 0.528125 0.340625 0.51875 0.33125 0.5125 0.28125 0.5125 0.284375 0.540625 0.296875 0.55 0.31875 0.559375
0 0.265625 0.503125 0.325 0.503125 0.33125 0.465625 0.31875 0.45625 0.290625 0.453125 0.26875 0.459375 0.25 0.46875 0.246875 0.475 0.246875 0.4875 0.253125 0.496875 0.265625 0.503125
0 0.240625 0.546875 0.265625 0.546875 0.275 0.54375 0.275 0.5375 0.259375 0.50625 0.240625 0.490625 0.21875 0.48125 0.203125 0.48125 0.1875 0.49375 0.184375 0.50625 0.190625 0.51875 0.203125 0.53125 0.240625 0.546875
0 0.259375 0.503125 0.278125 0.5 0.29375 0.459375 0.290625 0.453125 0.253125 0.440625 0.2125 0.440625 0.203125 0.45 0.20625 0.475 0.209375 0.478125 0.259375 0.503125
0 0.15 0.478125 0.18125 0.4875 0.196875 0.475 0.196875 0.45 0.184375 0.440625 0.1625 0.434375 0.134375 0.434375 0.11875 0.440625 0.1125 0.446875 0.1125 0.453125 0.121875 0.4625 0.15 0.478125
0 0.115625 0.534375 0.171875 0.534375 0.184375 0.525 0.18125 0.50625 0.175 0.496875 0.159375 0.484375 0.125 0.465625 0.1125 0.4625 0.10625 0.4625 0.09375 0.46875 0.090625 0.475 0.090625 0.496875 0.10625 0.525 0.115625 0.534375
0 0.184375 0.546875 0.20625 0.546875 0.215625 0.540625 0.21875 0.528125 0.196875 0.4875 0.15 0.48125 0.14375 0.4875 0.14375 0.49375 0.15625 0.534375 0.184375 0.546875
0 0.103125 0.53125 0.121875 0.5375 0.14375 0.5375 0.153125 0.534375 0.15625 0.521875 0.14375 0.475 0.09375 0.446875 0.075 0.446875 0.065625 0.453125 0.0625 0.4625 0.065625 0.49375 0.0875 0.51875 0.103125 0.53125