0 0.7299823156249999 0.20645632812499998 0.712586153125 0.234355834375 0.710616775 0.2530649125 0.72473064375 0.266194090625 0.7483631625 0.266194090625 0.7736368312499999 0.24124865 0.784140175 0.220570196875 0.7854530937499999 0.20448695312499998 0.77724735625 0.191357775 0.766087553125 0.185121415625 0.7500043125 0.18544964375 0.7299823156249999 0.20645632812499998
0 0.662695275 0.268163465625 0.6728703875 0.291467759375 0.69814405625 0.29310890624999997 0.72932585625 0.26914815625 0.750989 0.24256156875 0.750989 0.21991373749999998 0.742455034375 0.20284580624999998 0.7221048062500001 0.201861115625 0.6945335312500001 0.213677378125 0.668931634375 0.2382945875 0.662695275 0.268163465625
0 0.7198072 0.267178778125 0.6971593687500001 0.326916540625 0.7086474 0.34595385 0.7280129375 0.3525184375 0.7486913937499999 0.335778734375 0.7667440125 0.302955790625 0.7703545375 0.286544315625 0.770026309375 0.26520940312499997 0.761820571875 0.254706059375 0.74508086875 0.24879792812499998 0.7198072 0.267178778125
0 0.619697215625 0.34562561875000003 0.6420168187499999 0.35842656875 0.690923009375 0.34365624375000003 0.7122579250000001 0.32035195 0.72013543125 0.300001725 0.7040521875 0.28752900625 0.638078065625 0.305253396875 0.6173996093749999 0.32264955624999997 0.619697215625 0.34562561875000003
0 0.690923009375 0.31477205 0.721776578125 0.29212421875 0.72932585625 0.28293379375 0.7335928375 0.26127065 0.729654084375 0.2586448125 0.715868446875 0.25175199375 0.66039766875 0.263896484375 0.631513478125 0.293765365625 0.6420168187499999 0.309520378125 0.690923009375 0.31477205
0 0.636765146875 0.366632303125 0.617727840625 0.38993659687500004 0.6203536749999999 0.41685141249999996 0.641360359375 0.421446625 0.6725421593750001 0.412584428125 0.7093038593750001 0.38829545 0.724074184375 0.3672887625 0.725387103125 0.35120551875 0.713899071875 0.33610696562500003 0.693877075 0.33545050625 0.6512072437499999 0.35481604375 0.636765146875 0.366632303125
0 0.566852275 0.41094328124999996 0.579981453125 0.420461934375 0.603942203125 0.41586672187499996 0.6443144249999999 0.38238731875 0.65383308125 0.35580073125 0.646283803125 0.33807634062499997 0.6200254468749999 0.33774811250000003 0.5872025 0.35908302812500004 0.5642264375 0.39387534999999996 0.566852275 0.41094328124999996
0 0.5366551625 0.4372016375 0.5465020468749999 0.448361440625 0.5747297812500001 0.449346128125 0.6101785625 0.432606425 0.637093378125 0.415210265625 0.6452991156250001 0.39945525000000004 0.6384062968750001 0.38599784375 0.629872328125 0.379433253125 0.60230105625 0.379433253125 0.56652404375 0.38993659687500004 0.543219753125 0.4178361 0.5366551625 0.4372016375
0 0.574073321875 0.457551865625 0.603613971875 0.471009271875 0.6390627531249999 0.468711665625 0.662038815625 0.45984947187499997 0.677137371875 0.44475091562499997 0.68337373125 0.42833944375 0.67976320625 0.417179640625 0.666962259375 0.40733275625000004 0.6183843 0.41324088750000004 0.579981453125 0.43917101562500005 0.574073321875 0.457551865625
0 0.5698063375 0.47363510625 0.56914988125 0.49103126875 0.5776838468750001 0.499565234375 0.5996752187500001 0.51039680625 0.621994821875 0.5097403468749999 0.6433297375 0.495298253125 0.650879015625 0.488405434375 0.65350485 0.48413845 0.655474228125 0.46903989375000005 0.6397192125 0.45426956875 0.60886564375 0.450987275 0.586874271875 0.453613109375 0.5698063375 0.47363510625
0 0.523525984375 0.49201595625000005 0.542235065625 0.5015346125 0.566195815625 0.49759585937499995 0.584576665625 0.47560448437499997 0.580966140625 0.45591071562499996 0.57111925625 0.442453309375 0.559302996875 0.44114039062500005 0.542235065625 0.43982747499999997 0.52648005 0.448033209375 0.51958723125 0.4683834375 0.523525984375 0.49201595625000005
0 0.566852275 0.4923441875 0.5658675843750001 0.5218848375 0.56914988125 0.5346857875000001 0.579981453125 0.548471425 0.599018759375 0.54617381875 0.6144455437499999 0.5317317218750001 0.618712528125 0.51499201875 0.6275747218750001 0.482497303125 0.610506790625 0.46345999375 0.5826072875 0.466414059375 0.566852275 0.4923441875
0 0.48610782812500003 0.50022169375 0.49267241562499997 0.51597670625 0.5136790999999999 0.524838903125 0.5405939156249999 0.5077709718750001 0.55273840625 0.48643605624999997 0.55175371875 0.47199395937500005 0.544532671875 0.46247530625 0.5218848375 0.457223634375 0.502191071875 0.465101140625 0.487748975 0.48643605624999997 0.48610782812500003 0.50022169375
0 0.5018628406250001 0.544532671875 0.49923700625 0.561600603125 0.5080992 0.5734168625 0.517946084375 0.573088634375 0.538296309375 0.5642264375 0.5586465375 0.55175371875 0.569478109375 0.5346857875000001 0.578668534375 0.5130226437500001 0.57571446875 0.497267628125 0.56914988125 0.48643605624999997 0.55634893125 0.48971834999999997 0.535998703125 0.498252315625 0.5228695250000001 0.514663790625 0.5107250375 0.5291058875 0.5018628406250001 0.544532671875
0 0.530418803125 0.50120638125 0.52418244375 0.5287776562500001 0.52779296875 0.55634893125 0.542235065625 0.5770273875 0.563569978125 0.579981453125 0.5776838468750001 0.55634893125 0.5760427 0.5458455875 0.580966140625 0.505145134375 0.572760403125 0.488405434375 0.541250375 0.487748975 0.530418803125 0.50120638125
0 0.450987275 0.542235065625 0.47560448437499997 0.554707784375 0.5025193 0.551425490625 0.524838903125 0.537311621875 0.5287776562500001 0.52648005 0.52057191875 0.500549921875 0.51761785625 0.498580546875 0.497267628125 0.491359496875 0.482497303125 0.495954709375 0.469368125 0.505145134375 0.45689540624999997 0.52057191875 0.450987275 0.542235065625
0 0.43588871874999996 0.551425490625 0.43326288437500005 0.56455466875 0.4408121625 0.5773556156249999 0.45689540624999997 0.58851541875 0.473306878125 0.5927824 0.49103126875 0.59311063125 0.504488678125 0.587530728125 0.50842743125 0.57669915625 0.5077709718750001 0.562585290625 0.50120638125 0.55076903125 0.4923441875 0.5405939156249999 0.47363510625 0.5350140156250001 0.46181884687499997 0.535998703125 0.44868966875 0.542235065625 0.43588871874999996 0.551425490625
0 0.466414059375 0.60230105625 0.46969635312499997 0.6137890875 0.48577959687499994 0.62363596875 0.498580546875 0.625605346875 0.5186025437499999 0.6223230531249999 0.5346857875000001 0.61247616875 0.549127884375 0.596064696875 0.549127884375 0.57669915625 0.5405939156249999 0.5606159125 0.5291058875 0.557990078125 0.51958723125 0.565211125 0.51532025 0.568165190625 0.504488678125 0.57210394375 0.49562648125 0.578012075 0.47626094375 0.58129436875 0.46674228749999996 0.58588958125 0.466414059375 0.60230105625
0 0.445735603125 0.5816226 0.42932413125 0.5881871875 0.42669829375 0.60689626875 0.43818632500000004 0.62166659375 0.45558248749999997 0.63085701875 0.47002458437500005 0.637093378125 0.489390121875 0.6397192125 0.5080992 0.633154625 0.5156484781249999 0.6203536749999999 0.5130226437500001 0.6085374156250001 0.51039680625 0.6055833500000001 0.502191071875 0.596064696875 0.49267241562499997 0.588843646875 0.47823031875 0.580966140625 0.463131765625 0.579981453125 0.445735603125 0.5816226
0 0.385341384375 0.597049384375 0.389608365625 0.6137890875 0.401096396875 0.62363596875 0.420461934375 0.6285594125 0.442453309375 0.6285594125 0.46116238750000005 0.6213383625 0.4683834375 0.6085374156250001 0.46674228749999996 0.59311063125 0.45853655312499997 0.5803096812499999 0.445735603125 0.575386240625 0.43621695000000005 0.572432175 0.426370065625 0.572760403125 0.4122562 0.570791028125 0.39945525000000004 0.578668534375 0.38895190625 0.590813025 0.385341384375 0.597049384375
0 0.406676296875 0.61805606875 0.397814103125 0.625277115625 0.393218890625 0.64004744375 0.39289066250000004 0.655474228125 0.40831744687500005 0.6663058000000001 0.42801121249999996 0.6722139281249999 0.44737675 0.673855078125 0.463131765625 0.6695880937500001 0.47724563125 0.662367046875 0.48545136875 0.6475967218750001 0.48545136875 0.6384062968750001 0.4795432375 0.631513478125 0.462803534375 0.6213383625 0.442453309375 0.6137890875 0.420790165625 0.613132628125 0.406676296875 0.61805606875
0 0.35711365 0.62823118125 0.34923614375 0.64004744375 0.3443127 0.652848390625 0.341686865625 0.666962259375 0.344969159375 0.6764809125 0.356457190625 0.683045503125 0.3708992875 0.6800914375 0.38993659687500004 0.66761871875 0.40273754375 0.652848390625 0.4122562 0.636108690625 0.41619495312500004 0.62068190625 0.41455380625 0.6085374156250001 0.41324088750000004 0.6065680375 0.406676296875 0.5973776125 0.38829545 0.5967211531250001 0.377463875 0.601316365625 0.3672887625 0.6121479375 0.35711365 0.62823118125
0 0.3912495125 0.6541613093749999 0.37779210625 0.66400819375 0.36400646875 0.6781220593749999 0.360067715625 0.6948617625 0.366960534375 0.7030675 0.387638990625 0.7076627125 0.409302134375 0.707006253125 0.43063704999999997 0.7001134343750001 0.44507914375 0.692235928125 0.4545978 0.6840301906249999 0.45886478124999996 0.67877851875 0.4657576 0.67057278125 0.45328488125 0.65842829375 0.432278196875 0.651535475 0.406676296875 0.64923786875 0.3912495125 0.6541613093749999
0 0.31148975624999997 0.665649340625 0.29868880625 0.673855078125 0.29212421875 0.69157946875 0.300329953125 0.7086474 0.309520378125 0.724074184375 0.32100840937499997 0.736875134375 0.33446581875 0.744752640625 0.344969159375 0.74376795 0.35612896250000003 0.735562215625 0.360067715625 0.72702825 0.360067715625 0.7224330375 0.360724175 0.710616775 0.3505490625 0.6912512375000001 0.33446581875 0.6731986187500001 0.323306015625 0.665649340625 0.31148975624999997 0.665649340625
0 0.298360578125 0.71455553125 0.291139528125 0.73031054375 0.297047659375 0.752630146875 0.3137873625 0.766087553125 0.33906103125 0.781514340625 0.35120551875 0.782170796875 0.3617088625 0.774293290625 0.364334696875 0.75985119375 0.362037090625 0.752630146875 0.357770109375 0.7408138875 0.343984471875 0.721776578125 0.325931853125 0.707006253125 0.31510027812499997 0.705693334375 0.298360578125 0.71455553125
0 0.261598878125 0.74147034375 0.250439075 0.7549277531249999 0.24190510937499998 0.769698078125 0.24485917499999998 0.7824990281249999 0.2530649125 0.7907047625 0.2734151375 0.794971746875 0.291139528125 0.79562820625 0.30689454375 0.79201768125 0.320023721875 0.783483715625 0.329542375 0.771339225 0.33610696562500003 0.7555842125 0.33741988125 0.7516454593749999 0.332496440625 0.742126803125 0.32232132812500003 0.735562215625 0.299345265625 0.727684709375 0.279651496875 0.729654084375 0.261598878125 0.74147034375
0 0.285559628125 0.74147034375 0.2734151375 0.7483631625 0.26553763125 0.760179425 0.269476384375 0.778560275 0.28391848125 0.8015363375 0.30787923125 0.8182760375000001 0.324618934375 0.81499374375 0.33807634062499997 0.806459778125 0.3397174875 0.7933306 0.3397174875 0.7907047625 0.340373946875 0.783483715625 0.3341375875 0.767728703125 0.319039034375 0.75328660625 0.30426870625 0.744424409375 0.285559628125 0.74147034375
0 0.261598878125 0.711273234375 0.24715678125 0.7244024125 0.23796635625 0.737859821875 0.23698166875 0.750989 0.242233340625 0.76904161875 0.253721371875 0.773308603125 0.27013284375 0.7736368312499999 0.286544315625 0.765431096875 0.29868880625 0.7549277531249999 0.3065663125 0.742126803125 0.31017683749999997 0.730967003125 0.30984860937500003 0.71554021875 0.304925165625 0.70273926875 0.29901703749999997 0.69584645 0.2862160875 0.69617468125 0.27177399062499996 0.70076989375 0.261598878125 0.711273234375
0 0.22418071875 0.752630146875 0.209738625 0.763133490625 0.20547164062499998 0.78085788125 0.21892904687499998 0.8025210250000001 0.24879792812499998 0.81860426875 0.27013284375 0.8241841687499999 0.291467759375 0.8222147906249999 0.298360578125 0.814665515625 0.29967349374999996 0.806459778125 0.2963912 0.799566959375 0.281620875 0.781514340625 0.26520940312499997 0.76936985 0.2438744875 0.75689713125 0.22418071875 0.752630146875
0 0.23008885 0.79201768125 0.22516540937500001 0.8097420718749999 0.234355834375 0.825825315625 0.25634720624999996 0.8412521 0.282277334375 0.846832 0.300001725 0.8422367875000001 0.312146215625 0.8274664625 0.31510027812499997 0.8163066625000001 0.31510027812499997 0.808100925 0.30984860937500003 0.80219279375 0.294750053125 0.7930023687500001 0.267178778125 0.784468403125 0.2438744875 0.7831554875 0.23008885 0.79201768125
0 0.22943239062499998 0.8084291531250001 0.21958550625 0.818932496875 0.21531852499999998 0.832061675 0.221226653125 0.84617554375 0.24453094687500002 0.8688233750000001 0.254706059375 0.873090359375 0.269804615625 0.8721056687500001 0.28063618749999997 0.864884621875 0.285559628125 0.851098984375 0.278666809375 0.83337459375 0.260285959375 0.816634890625 0.245515634375 0.8084291531250001 0.22943239062499998 0.8084291531250001
0 0.18085443125 0.8300922999999999 0.192014234375 0.842893246875 0.21137977187499998 0.853396590625 0.225821865625 0.85733534375 0.23632520937499998 0.8497860656249999 0.24453094687500002 0.8376415749999999 0.2438744875 0.819260728125 0.23632520937499998 0.805475090625 0.221226653125 0.7933306 0.20021996875 0.7824990281249999 0.182823809375 0.790376534375 0.17822859687499998 0.80580331875 0.18085443125 0.8300922999999999
0 0.19890705 0.8310769875 0.1887319375 0.839610953125 0.1831520375 0.845519084375 0.18544964375 0.8665257687500001 0.198578821875 0.88031140625 0.22450895 0.8973793375 0.23698166875 0.899020484375 0.251095534375 0.8937688125 0.257988353125 0.886547765625 0.257003665625 0.880639634375 0.25076730625 0.8678386874999999 0.22877593125 0.845519084375 0.213349146875 0.8310769875 0.19890705 0.8310769875
0 0.143764503125 0.8438779375 0.148031484375 0.8665257687500001 0.174289840625 0.89311235625 0.19004485625 0.8963946500000001 0.209082165625 0.8973793375 0.21958550625 0.8858913062499999 0.22089842499999998 0.866853996875 0.20120465625 0.8438779375 0.182823809375 0.83074875625 0.16050420625 0.8281229218749999 0.143764503125 0.8438779375
0 0.0902631 0.9584300156250001 0.10109467187500001 0.97418503125 0.1260401125 0.9810778499999999 0.16148889375 0.9695898187499999 0.18446495624999998 0.9535065749999999 0.182495578125 0.936766871875 0.177900365625 0.9315152 0.146062109375 0.9216683187499999 0.117834375 0.9180577937500001 0.08796549375 0.9413620843749999 0.0902631 0.9584300156250001
0 0.152954928125 0.90066163125 0.1260401125 0.8973793375 0.10634634375 0.914119040625 0.112254475 0.931186971875 0.141138665625 0.95022428125 0.17986974375 0.960727621875 0.20021996875 0.9498960500000001 0.2061281 0.9318434312500001 0.200876428125 0.9236376937499999 0.188075478125 0.916416646875 0.152954928125 0.90066163125
0 0.12013198124999999 0.9000051718750001 0.12472719375 0.9157601874999999 0.14343627187500002 0.9256070718749999 0.183480265625 0.9341410375000001 0.2172879 0.92265300625 0.214662065625 0.9009898625 0.204158721875 0.8862195375 0.161817121875 0.8783420281250001 0.134574078125 0.87932671875 0.12013198124999999 0.9000051718750001
0 0.157550140625 0.871777440625 0.144749190625 0.9009898625 0.167397025 0.9147755 0.20645632812499998 0.925278840625 0.22352425937499998 0.917729565625 0.22779124374999998 0.9039439281250001 0.22188311249999998 0.891142978125 0.19989174062499998 0.8770291125 0.184793184375 0.87112098125 0.157550140625 0.871777440625