0 0.45 0.5375 0.49375 0.55625 0.515625 0.553125 0.53125 0.54375 0.534375 0.521875 0.515625 0.5 0.478125 0.484375 0.459375 0.48125 0.4375 0.48125 0.434375 0.484375 0.428125 0.503125 0.428125 0.5125 0.440625 0.53125 0.45 0.5375
0 0.3375 0.528125 0.353125 0.53125 0.39375 0.528125 0.425 0.515625 0.43125 0.503125 0.43125 0.484375 0.4125 0.471875 0.365625 0.471875 0.353125 0.475 0.340625 0.484375 0.325 0.5 0.325 0.515625 0.33125 0.525 0.3375 0.528125
0 0.321875 0.509375 0.346875 0.48125 0.35 0.471875 0.334375 0.45 0.31875 0.446875 0.290625 0.446875 0.271875 0.45 0.246875 0.46875 0.246875 0.503125 0.26875 0.5125 0.321875 0.509375
0 0.48125 0.56875 0.49375 0.5625 0.49375 0.55 0.478125 0.51875 0.425 0.50625 0.409375 0.5125 0.3875 0.53125 0.3959375 0.5506249999999999 0.41 0.5584374999999999 0.4375 0.56875 0.48125 0.56875
0 0.353125 0.559375 0.365625 0.55625 0.359375 0.534375 0.325 0.5 0.284375 0.5 0.26875 0.509375 0.265625 0.55 0.271875 0.553125 0.325 0.559375 0.353125 0.559375
0 0.190625 0.490625 0.20625 0.484375 0.21875 0.475 0.225 0.459375 0.225 0.45 0.2125 0.4375 0.203125 0.434375 0.178125 0.43125 0.14375 0.43125 0.128125 0.4375 0.125 0.440625 0.128125 0.446875 0.178125 0.484375 0.190625 0.490625
0 0.153125 0.51875 0.165625 0.5125 0.178125 0.5 0.178125 0.484375 0.175 0.478125 0.1625 0.465625 0.1375 0.45 0.1125 0.440625 0.09375 0.440625 0.078125 0.45 0.0925 0.47874999999999995 0.1240625 0.5081249999999999 0.14375 0.51875 0.153125 0.51875
0 0.16875 0.546875 0.184375 0.546875 0.2125 0.540625 0.24375 0.503125 0.24375 0.471875 0.228125 0.465625 0.21875 0.465625 0.178125 0.484375 0.153125 0.51875 0.153125 0.5375 0.159375 0.54375 0.16875 0.546875
0 0.07468749999999999 0.47062499999999996 0.06343750000000001 0.4771875 0.0590625 0.4884375 0.06625 0.5028125 0.0846875 0.5203125 0.10124999999999999 0.5340625 0.1303125 0.54 0.14656249999999998 0.54125 0.15125 0.5284375 0.14625 0.5118750000000001 0.1421875 0.504375 0.13343750000000001 0.496875 0.11968749999999999 0.4815625 0.1046875 0.47375 0.083125 0.47062499999999996 0.07468749999999999 0.47062499999999996
0 0.0415625 0.46624999999999994 0.044375 0.4840625 0.0590625 0.4953125 0.0890625 0.5025000000000001 0.11468750000000001 0.5 0.118125 0.4803125 0.11281250000000001 0.468125 0.096875 0.4546875 0.0821875 0.4496875 0.05500000000000001 0.44875 0.044375 0.4534375 0.0415625 0.46624999999999994
0 0.2125 0.5081249999999999 0.2084375 0.5287499999999999 0.21812499999999999 0.5446875 0.2346875 0.5540625 0.25593750000000004 0.5543750000000001 0.2703125 0.5471874999999999 0.2709375 0.5325 0.2709375 0.525625 0.273125 0.5103125000000001 0.2634375 0.5003124999999999 0.244375 0.4953125 0.228125 0.4971875 0.2125 0.5081249999999999
0 0.195625 0.44312500000000005 0.1821875 0.46125 0.1875 0.4803125 0.2190625 0.49406249999999996 0.24937499999999999 0.490625 0.2684375 0.476875 0.2725 0.4603125 0.2728125 0.449375 0.26625 0.43875000000000003 0.250625 0.434375 0.22749999999999998 0.43125 0.20812499999999998 0.43375 0.195625 0.44312500000000005
0 0.34968750000000004 0.441875 0.3375 0.4528125 0.340625 0.46875 0.3540625 0.48 0.38468749999999996 0.4840625 0.4234375 0.48375 0.4340625 0.47531249999999997 0.43499999999999994 0.459375 0.42874999999999996 0.4515625 0.414375 0.4421875 0.39656250000000004 0.43531250000000005 0.38125 0.434375 0.366875 0.43531250000000005 0.34968750000000004 0.441875
0 0.4125 0.475 0.4221875 0.49406249999999996 0.43531250000000005 0.5090625 0.453125 0.5181250000000001 0.47000000000000003 0.5040625000000001 0.4690625 0.47125000000000006 0.46875 0.4559375 0.4671875 0.4490625 0.449375 0.4446875 0.4296875 0.44343750000000004 0.4134375 0.45062499999999994 0.4125 0.475
0 0.4409375 0.46781249999999996 0.45999999999999996 0.49000000000000005 0.47843749999999996 0.499375 0.504375 0.49906249999999996 0.5131249999999999 0.4871875 0.5153125000000001 0.46624999999999994 0.51875 0.45625 0.5025000000000001 0.445625 0.47375 0.44125 0.44656250000000003 0.4490625 0.4409375 0.46781249999999996
0 0.5025000000000001 0.4559375 0.49343750000000003 0.47093749999999995 0.4965625 0.491875 0.5131249999999999 0.5071875 0.529375 0.5146875 0.5553125 0.5134375 0.5690625 0.5034375 0.5725 0.4921875 0.5721875 0.4846875 0.5715625 0.4759375 0.5584374999999999 0.4625 0.5384375 0.45406250000000004 0.520625 0.4525 0.5025000000000001 0.4559375
0 0.5909375 0.45906250000000004 0.5728125000000001 0.459375 0.5621875000000001 0.46656250000000005 0.5565625 0.4809375 0.5621875000000001 0.49906249999999996 0.5862499999999999 0.5125 0.614375 0.5184375 0.6331249999999999 0.5193749999999999 0.6453125 0.516875 0.6525000000000001 0.505 0.6525000000000001 0.4965625 0.6534375 0.4840625 0.641875 0.473125 0.6265625 0.46687500000000004 0.60625 0.46125 0.5909375 0.45906250000000004
0 0.576875 0.5128125 0.5696875 0.525625 0.569375 0.5428124999999999 0.576875 0.5549999999999999 0.6015625 0.5640625 0.6209374999999999 0.5650000000000001 0.6368750000000001 0.556875 0.6496875 0.541875 0.646875 0.525625 0.6415625 0.5190625 0.6271875 0.5103125000000001 0.6128125 0.5075000000000001 0.5934375000000001 0.5075000000000001 0.576875 0.5128125
0 0.5359375 0.49906249999999996 0.5296875 0.51375 0.530625 0.53125 0.5431250000000001 0.54625 0.5590625 0.5546875 0.5853125 0.5549999999999999 0.5978125000000001 0.5434375 0.600625 0.5321875 0.5990624999999999 0.5221875 0.5834374999999999 0.5078125 0.5703125 0.499375 0.5509375000000001 0.4971875 0.5359375 0.49906249999999996
0 0.6396875 0.5115624999999999 0.6415625 0.5321875 0.6537499999999999 0.55 0.66875 0.5621875000000001 0.685625 0.5662499999999999 0.69625 0.5571875000000001 0.6971875 0.536875 0.6921875 0.5196875000000001 0.6912499999999999 0.5118750000000001 0.68625 0.5009375 0.6753125 0.4875 0.6621875 0.48375 0.6453125 0.49124999999999996 0.6396875 0.5115624999999999
0 0.703125 0.546875 0.75 0.55 0.765625 0.54375 0.775 0.53125 0.775 0.5125 0.771875 0.50625 0.765625 0.496875 0.748125 0.495 0.7121875 0.496875 0.684375 0.503125 0.678125 0.51875 0.6875 0.5375 0.69375 0.54375 0.703125 0.546875
0 0.70625 0.5625 0.73125 0.5625 0.734375 0.553125 0.734375 0.540625 0.73125 0.49375 0.728125 0.4875 0.696875 0.478125 0.675 0.478125 0.671875 0.48125 0.671875 0.515625 0.684375 0.546875 0.70625 0.5625
0 0.753125 0.565625 0.76875 0.53125 0.765625 0.5 0.75625 0.4875 0.740625 0.48125 0.725 0.48125 0.71875 0.4875 0.715625 0.509375 0.725 0.546875 0.746875 0.565625 0.753125 0.565625
0 0.8375 0.575 0.853125 0.575 0.86875 0.565625 0.871875 0.546875 0.865625 0.534375 0.84375 0.5125 0.8125 0.496875 0.7875 0.5 0.78125 0.50625 0.778125 0.5125 0.78125 0.54375 0.8 0.559375 0.8375 0.575
0 0.8125 0.5875 0.834375 0.584375 0.84375 0.575 0.84375 0.553125 0.80625 0.534375 0.790625 0.534375 0.7625 0.54375 0.753125 0.553125 0.753125 0.565625 0.76875 0.578125 0.8125 0.5875
0 0.88125 0.596875 0.93125 0.596875 0.946875 0.584375 0.946875 0.565625 0.934375 0.546875 0.8875 0.546875 0.8665625 0.54625 0.85375 0.553125 0.846875 0.578125 0.85625 0.590625 0.88125 0.596875
0 0.9 0.5625 0.909375 0.559375 0.934375 0.540625 0.9625 0.5125 0.95625 0.503125 0.946875 0.5 0.91875 0.5 0.90625 0.503125 0.8875 0.515625 0.871875 0.528125 0.871875 0.5375 0.88125 0.559375 0.9 0.5625
0 0.871875 0.525 0.903125 0.503125 0.903125 0.5 0.89375 0.49375 0.865625 0.490625 0.846875 0.49375 0.840625 0.5 0.840625 0.5125 0.859375 0.525 0.871875 0.525
0 0.825 0.540625 0.85 0.55625 0.865625 0.553125 0.86875 0.55 0.86875 0.5375 0.85625 0.496875 0.8375 0.4875 0.8125 0.4875 0.809375 0.490625 0.8125 0.5125 0.815625 0.525 0.825 0.540625
0 0.828125 0.54375 0.8278125 0.531875 0.8231249999999999 0.514375 0.8128125 0.49749999999999994 0.790625 0.484375 0.76875 0.484375 0.7625 0.4875 0.76875 0.5287499999999999 0.8 0.55625 0.809375 0.55625 0.828125 0.54375
0 0.5023589125 0.510378690625 0.48118669687500004 0.519681634375 0.479903534375 0.53700435625 0.490489640625 0.556572615625 0.504283659375 0.5674795125000001 0.527380621875 0.5719705875 0.552402328125 0.572612171875 0.564913184375 0.5674795125000001 0.5674795125000001 0.558818153125 0.56972505 0.54823204375 0.5594597343750001 0.5331548625 0.544061759375 0.5203232156250001 0.52609745625 0.511020271875 0.5023589125 0.510378690625
0 0.356398946875 0.5222479625 0.35447419999999996 0.54149543125 0.37596720625 0.5607428999999999 0.38911964375 0.562667646875 0.409329484375 0.561063690625 0.428576953125 0.54694888125 0.43403040312499996 0.5325132781249999 0.43370960937499997 0.5203232156250001 0.42440666875 0.50941631875 0.40259287187500004 0.500113375 0.38527015 0.50171733125 0.36794742812500003 0.5078123625 0.356398946875 0.5222479625