0 0.26006494999999996 0.30629871875000003 0.254285728125 0.32446198437499996 0.25139611875 0.348404471875 0.25180891875 0.38142859375 0.2567625375 0.396702246875 0.27492580312500003 0.406609484375 0.289786659375 0.390923028125 0.30093230000000004 0.3665677375 0.30258350625 0.3455148625 0.30340910625 0.33395641875000004 0.304234709375 0.3186827625 0.2980426875 0.29969389375 0.290199459375 0.295565878125 0.2703849875 0.2980426875 0.26006494999999996 0.30629871875000003
0 0.267495378125 0.21506958437499998 0.26625697187499997 0.249332109375 0.272861796875 0.28607144375 0.286484246875 0.298455490625 0.310426734375 0.289786659375 0.321985175 0.26212895625 0.32322358125 0.23777366875 0.3186827625 0.220023203125 0.31496755 0.21094156874999997 0.304234709375 0.19566791562500002 0.2914378625 0.184935075 0.27492580312500003 0.19319110625 0.267495378125 0.21506958437499998
0 0.288548253125 0.09122913437499999 0.30960113125 0.103613178125 0.32322358125 0.09783395624999999 0.34056124374999996 0.077606684375 0.347991671875 0.050361784374999996 0.343038053125 0.026832096875 0.33065400624999997 0.012796846875 0.32239797812500004 0.0099072375 0.314141946875 0.016512059375 0.300519496875 0.03261131875 0.290199459375 0.04994898125 0.2840074375 0.074717071875 0.288548253125 0.09122913437499999
0 0.28276903125 0.17791745 0.301757903125 0.1952551125 0.32446198437499996 0.192778303125 0.33395641875000004 0.1605797875 0.33065400624999997 0.12177644375 0.324049184375 0.103200378125 0.31290354374999996 0.10072356874999999 0.293914671875 0.111869209375 0.28153062812499996 0.129619671875 0.280292221875 0.157277375 0.28276903125 0.17791745
0 0.028125 0.5875 0.0375 0.5875 0.04375 0.584375 0.05625 0.56875 0.059375 0.559375 0.0625 0.5125 0.046875 0.5 0.025 0.5 0.0125 0.5125 0.009375 0.521875 0.00625 0.534375 0.009375 0.5625 0.021875 0.584375 0.028125 0.5875
0 0.04375 0.628125 0.05625 0.6375 0.065625 0.634375 0.075 0.625 0.0875 0.603125 0.0875 0.571875 0.06875 0.54375 0.065625 0.540625 0.0625 0.54375 0.0375 0.590625 0.0375 0.609375 0.040625 0.621875 0.04375 0.628125
0 0.075 0.684375 0.090625 0.684375 0.096875 0.671875 0.10625 0.640625 0.10625 0.628125 0.1 0.609375 0.090625 0.60625 0.084375 0.6125 0.0625 0.6375 0.0625 0.6625 0.06875 0.678125 0.075 0.684375
0 0.103125 0.73125 0.115625 0.73125 0.115625 0.675 0.103125 0.66875 0.0875 0.6875 0.084375 0.69375 0.084375 0.70625 0.09375 0.728125 0.103125 0.73125
0 0.18125 0.715625 0.18125 0.696875 0.171875 0.68125 0.165625 0.678125 0.15625 0.678125 0.14375 0.6875 0.140625 0.69375 0.140625 0.709375 0.14375 0.7125 0.18125 0.715625
0 0.178125 0.765625 0.19375 0.753125 0.19375 0.75 0.18125 0.7375 0.159375 0.740625 0.15625 0.74375 0.15625 0.759375 0.165625 0.765625 0.178125 0.765625
0 0.190625 0.8 0.209375 0.7875 0.2125 0.78125 0.2125 0.7625 0.203125 0.753125 0.184375 0.75625 0.178125 0.7625 0.175 0.771875 0.175 0.790625 0.18125 0.796875 0.190625 0.8
0 0.24375 0.978125 0.246875 0.98125 0.25625 0.98125 0.271875 0.95 0.271875 0.934375 0.265625 0.90625 0.25625 0.88125 0.246875 0.875 0.234375 0.871875 0.23125 0.878125 0.23125 0.934375 0.234375 0.953125 0.24375 0.978125