0 0.66875 0.76875 0.68125 0.75625 0.68125 0.734375 0.671875 0.7 0.6625 0.6875 0.65 0.678125 0.63125 0.678125 0.628125 0.684375 0.640625 0.7625 0.653125 0.76875 0.66875 0.76875
0 0.57625 0.635 0.5665625000000001 0.6396875 0.5659375 0.6453125 0.56375 0.6590625 0.56125 0.67625 0.5634375 0.69625 0.5690625 0.7071875000000001 0.5790625 0.720625 0.6012500000000001 0.7325 0.615625 0.7318749999999999 0.625625 0.7253125 0.63 0.7106250000000001 0.628125 0.6915625000000001 0.6275000000000001 0.675 0.6221875 0.665 0.6071875 0.6484375 0.5921875 0.6381249999999999 0.5840625 0.6353125000000001 0.57625 0.635
0 0.6278125 0.77125 0.6384375 0.76375 0.6403125000000001 0.7478125 0.6390625 0.7224999999999999 0.6325000000000001 0.6993750000000001 0.626875 0.681875 0.62 0.6693749999999999 0.6056250000000001 0.6609375 0.595 0.66125 0.58375 0.6675 0.5806250000000001 0.6759375000000001 0.5775 0.6984375 0.5784374999999999 0.715625 0.579375 0.72875 0.5865625 0.7453125 0.5965625 0.760625 0.60625 0.7681250000000001 0.6128125 0.7709374999999999 0.6278125 0.77125
0 0.5340625 0.6221875 0.530625 0.6325000000000001 0.5296875 0.64625 0.5296875 0.666875 0.5303125 0.6849999999999999 0.5346875 0.7028125000000001 0.5453125 0.7224999999999999 0.556875 0.734375 0.568125 0.7359375 0.57875 0.728125 0.5859375 0.709375 0.5853125 0.6859375 0.5796875 0.6596875 0.5759375 0.6428125 0.5753125 0.63125 0.5746875 0.63125 0.5628124999999999 0.6178125 0.553125 0.6131249999999999 0.540625 0.6168750000000001 0.5340625 0.6221875
0 0.51625 0.6853125 0.5203125 0.696875 0.536875 0.7240624999999999 0.55125 0.74375 0.5671875 0.7503124999999999 0.58125 0.7484375 0.5909375 0.7340625000000001 0.5884375000000001 0.7090625 0.579375 0.6815625 0.5696875 0.6637500000000001 0.555625 0.65125 0.545625 0.6453125 0.54625 0.6465625 0.5296875 0.6484375 0.5196875000000001 0.65625 0.515625 0.666875 0.51625 0.6853125
0 0.48312499999999997 0.70125 0.4996875 0.7125 0.51375 0.7212500000000001 0.5290625 0.7190624999999999 0.5409375 0.6984375 0.5353125000000001 0.6665625000000001 0.520625 0.6443749999999999 0.4984375 0.6328125 0.4871875 0.628125 0.46875 0.623125 0.45499999999999996 0.6328125 0.45 0.6559375000000001 0.46125 0.6815625 0.48312499999999997 0.70125
0 0.4803125 0.6528125 0.4925 0.6734375 0.5109375 0.686875 0.5221875 0.689375 0.5340625 0.6765625 0.5384375 0.655 0.5340625 0.6284375 0.5234375 0.6134375000000001 0.5134375 0.6028125 0.50875 0.598125 0.4953125 0.590625 0.4809375 0.5915625 0.4734375 0.605 0.475 0.6296875 0.4803125 0.6528125
0 0.46281249999999996 0.576875 0.4603125 0.5865625 0.465 0.608125 0.47531249999999997 0.6309375 0.4890625 0.649375 0.5081249999999999 0.6621875 0.5290625 0.665625 0.5390625 0.6484375 0.5396875 0.6303124999999999 0.5315624999999999 0.6121875 0.5290625 0.6065625 0.5 0.578125 0.48187499999999994 0.5715625 0.46968750000000004 0.571875 0.46281249999999996 0.576875
0 0.40750000000000003 0.55125 0.40125 0.5599999999999999 0.39875 0.5775 0.4015625 0.5925 0.40843749999999995 0.6090625000000001 0.42000000000000004 0.621875 0.43624999999999997 0.6353125000000001 0.4490625 0.64375 0.45968749999999997 0.6446875000000001 0.46781249999999996 0.6409374999999999 0.47375 0.6309375 0.4771875 0.6153125 0.47562499999999996 0.6034375 0.4725 0.595 0.4559375 0.5721875 0.4359375 0.55625 0.421875 0.5490625 0.40750000000000003 0.55125
0 0.34781249999999997 0.490625 0.333125 0.495625 0.328125 0.5081249999999999 0.33375 0.53125 0.35281250000000003 0.551875 0.3715625 0.5646875 0.395 0.5721875 0.4103125 0.5675 0.41593749999999996 0.5559375 0.4171875 0.5409375 0.4125 0.5231250000000001 0.4125 0.5234375 0.3975 0.5053124999999999 0.38156249999999997 0.4965625 0.36343749999999997 0.491875 0.34781249999999997 0.490625
0 0.374719484375 0.543921015625 0.348720225 0.5389687750000001 0.3305620125 0.5389687750000001 0.32189559375 0.54846056875 0.320244846875 0.561253853125 0.328911265625 0.57817400625 0.35491052500000003 0.6016971468750001 0.378020978125 0.6173792406249999 0.399480684375 0.634712078125 0.41351203124999997 0.6429658125 0.424654571875 0.638013571875 0.42960680937499995 0.628934465625 0.432495615625 0.6202680468749999 0.43455905 0.6083001343750001 0.42960680937499995 0.589316546875 0.4155754625 0.5703329593750001 0.39494113125 0.55423818125 0.374719484375 0.543921015625
0 0.2872299125 0.5125568281249999 0.291769465625 0.532778475 0.29961051250000004 0.546397134375 0.314054546875 0.558777734375 0.338815746875 0.558777734375 0.34665679374999997 0.5455717625000001 0.35202171875 0.52328668125 0.3495456 0.50471578125 0.347069478125 0.49357324374999995 0.33386350625 0.478716521875 0.32437171249999996 0.469637415625 0.30992768125 0.47252622187500004 0.299197828125 0.488621003125 0.2872299125 0.5125568281249999
0 0.2447231875 0.4898590625 0.2505008 0.51090608125 0.275262 0.53030235625 0.29589633437499996 0.5331911625 0.30456275312500003 0.524937428125 0.307451559375 0.491922496875 0.302086634375 0.45065383125 0.3004358875 0.435797109375 0.283928421875 0.42424188437500004 0.286404540625 0.423829196875 0.270309759375 0.41763889687500005 0.257929159375 0.430432184375 0.24843736875000003 0.454368009375 0.2447231875 0.4898590625
0 0.196851534375 0.3730687375 0.177042575 0.3924650125 0.17786795 0.433733678125 0.191899296875 0.460145621875 0.22367616875000002 0.48077995625 0.24843736875000003 0.48366876249999996 0.25916722187499996 0.476653090625 0.26288140000000004 0.466335921875 0.262056028125 0.45271726250000005 0.252564234375 0.414750090625 0.236882140625 0.38875083125 0.21047019374999998 0.372243365625 0.196851534375 0.3730687375
0 0.11967913125 0.37637023125 0.142789584375 0.3619262 0.14320226875 0.341704553125 0.13123435625 0.30910230625 0.11348883125 0.29011871875 0.087076884375 0.275262 0.06726792499999999 0.273611253125 0.058601506250000004 0.2810396125 0.055712700000000004 0.28475379375 0.05406195312499999 0.30951499375 0.06396643125 0.344180671875 0.08336270625 0.368529184375 0.11967913125 0.37637023125
0 0.104850215625 0.3674397 0.11830445 0.395276040625 0.137325946875 0.417081175 0.158203203125 0.44074206250000003 0.177224703125 0.45744386875 0.20274135000000001 0.450948721875 0.21526770312500002 0.40965815 0.21248406874999998 0.355377284375 0.18557560625 0.3298606375 0.16237865625 0.315478528125 0.16191471562499998 0.31640640625 0.14382109375000002 0.310839140625 0.11459293749999999 0.317334284375 0.10438627812500001 0.3405312375 0.104850215625 0.3674397