0 0.021875 0.44625000000000004 0.015625 0.4534375 0.01125 0.46781249999999996 0.008749999999999999 0.4840625 0.010312499999999999 0.50125 0.01625 0.5231250000000001 0.021562500000000002 0.54 0.028437499999999998 0.5490625 0.039375 0.55125 0.049062499999999995 0.5490625 0.0571875 0.5425 0.06625 0.5321875 0.0675 0.5209374999999999 0.0678125 0.503125 0.065 0.48562500000000003 0.06375 0.47906250000000006 0.06218749999999999 0.47468750000000004 0.051875000000000004 0.456875 0.0453125 0.44656250000000003 0.0328125 0.440625 0.021875 0.44625000000000004
0 0.0325 0.545 0.0209375 0.5565625 0.0075 0.5934375000000001 0.0059375 0.620625 0.0115625 0.6384375 0.0196875 0.6443749999999999 0.0309375 0.645 0.035312500000000004 0.6440625 0.045 0.6328125 0.0521875 0.6178125 0.059375 0.5996875 0.06281250000000001 0.5815625 0.0646875 0.5625 0.0646875 0.5621875000000001 0.061875 0.5515625 0.05 0.54375 0.0421875 0.5425 0.0325 0.545
0 0.055625 0.5393749999999999 0.0528125 0.5575 0.0528125 0.5725 0.0565625 0.593125 0.06281250000000001 0.6078125 0.075 0.61875 0.0865625 0.6196875000000001 0.0996875 0.6131249999999999 0.10687500000000001 0.603125 0.108125 0.5903125 0.1075 0.5746875 0.10375000000000001 0.5584374999999999 0.0975 0.55 0.09406250000000001 0.5453125 0.0859375 0.5328125 0.0759375 0.526875 0.0646875 0.529375 0.055625 0.5393749999999999
0 0.06625 0.58375 0.053125 0.5925 0.0475 0.603125 0.0396875 0.6196875000000001 0.034375 0.6315625 0.0309375 0.6443749999999999 0.030625000000000003 0.6599999999999999 0.0315625 0.6678124999999999 0.0396875 0.6771874999999999 0.052500000000000005 0.67875 0.065625 0.6753125 0.0759375 0.6665625000000001 0.083125 0.6537499999999999 0.0909375 0.63625 0.0965625 0.6215625 0.0965625 0.609375 0.0990625 0.5996875 0.095 0.5909375 0.08875 0.5818749999999999 0.076875 0.5803125 0.06625 0.58375
0 0.09 0.6159375 0.0796875 0.6359375 0.0715625 0.6553125 0.0703125 0.6693749999999999 0.07375000000000001 0.6884375 0.08562499999999999 0.6909375 0.0975 0.6909375 0.110625 0.6828125 0.125 0.6678124999999999 0.13 0.6446875000000001 0.1315625 0.6253124999999999 0.1303125 0.6125 0.121875 0.599375 0.114375 0.5978125000000001 0.105625 0.6018749999999999 0.09 0.6159375
0 0.083125 0.6440625 0.06687499999999999 0.6515625 0.0565625 0.67 0.052500000000000005 0.6946875 0.055625 0.719375 0.06593750000000001 0.7346874999999999 0.0775 0.7375 0.09406250000000001 0.7368750000000001 0.1025 0.7296875 0.1134375 0.7109375 0.11656249999999999 0.6909375 0.1159375 0.6684375 0.1078125 0.6528125 0.0965625 0.6440625 0.083125 0.6440625
0 0.3253125 0.2703125 0.2965625 0.3078125 0.2940625 0.323125 0.2978125 0.33718750000000003 0.308125 0.34187500000000004 0.319375 0.343125 0.3328125 0.33875 0.3459375 0.330625 0.35375 0.32125 0.3671875 0.30281250000000004 0.3759375 0.285625 0.3765625 0.276875 0.3775 0.2646875 0.37 0.25593750000000004 0.3559375 0.2553125 0.34125 0.2603125 0.3253125 0.2703125
0 0.3103125 0.22593749999999999 0.2978125 0.23781249999999998 0.27937500000000004 0.26187499999999997 0.26968749999999997 0.2865625 0.27375 0.30093749999999997 0.28781249999999997 0.31124999999999997 0.306875 0.306875 0.3290625 0.29125 0.3434375 0.2740625 0.35562499999999997 0.25593750000000004 0.3578125 0.2403125 0.3565625 0.230625 0.35 0.2184375 0.33875 0.216875 0.3278125 0.21781250000000002 0.3103125 0.22593749999999999
0 0.3359375 0.21781250000000002 0.3253125 0.23374999999999999 0.3153125 0.25656249999999997 0.31656249999999997 0.2728125 0.32937500000000003 0.27999999999999997 0.34562499999999996 0.278125 0.3625 0.2684375 0.3778125 0.254375 0.3859375 0.24312499999999998 0.3940625 0.228125 0.395625 0.21625 0.3928125 0.20593750000000002 0.38093750000000004 0.196875 0.36593749999999997 0.19875 0.3484375 0.20656249999999998 0.3359375 0.21781250000000002
0 0.29031250000000003 0.1859375 0.2809375 0.1996875 0.27156250000000004 0.2165625 0.265 0.240625 0.2671875 0.25656249999999997 0.273125 0.26937500000000003 0.2859375 0.270625 0.301875 0.2640625 0.3134375 0.25 0.3203125 0.23343750000000002 0.325 0.213125 0.325 0.2053125 0.325 0.1965625 0.3203125 0.18375 0.31124999999999997 0.1784375 0.30093749999999997 0.17875000000000002 0.29031250000000003 0.1859375
0 0.2546875 0.33875 0.255 0.35375 0.265 0.3628125 0.278125 0.3640625 0.2915625 0.3609375 0.3090625 0.34875 0.3228125 0.32999999999999996 0.3334375 0.3121875 0.335625 0.29125 0.3303125 0.2759375 0.3175 0.276875 0.3109375 0.27875 0.299375 0.2803125 0.28250000000000003 0.29812500000000003 0.2703125 0.3121875 0.26156250000000003 0.3228125 0.2546875 0.33875
0 0.34968750000000004 0.1171875 0.336875 0.13468750000000002 0.3278125 0.1496875 0.3234375 0.16625 0.32218749999999996 0.1825 0.3228125 0.196875 0.32687499999999997 0.20656249999999998 0.339375 0.213125 0.3509375 0.21375000000000002 0.3628125 0.20625 0.375 0.1909375 0.3834375 0.1771875 0.3903125 0.160625 0.3915625 0.1496875 0.39468749999999997 0.1390625 0.3903125 0.12281249999999999 0.3821875 0.1084375 0.3640625 0.10718749999999999 0.34968750000000004 0.1171875
0 0.3434375 0.19718750000000002 0.3515625 0.2071875 0.365 0.2134375 0.38 0.213125 0.39468749999999997 0.210625 0.40750000000000003 0.20249999999999999 0.4184375 0.18812500000000001 0.4203125 0.16875 0.41656250000000006 0.15718749999999998 0.40625 0.1509375 0.39468749999999997 0.1509375 0.37625000000000003 0.1578125 0.3571875 0.1678125 0.346875 0.181875 0.3434375 0.19718750000000002
0 0.371875 0.14156249999999998 0.3771875 0.1546875 0.3896875 0.1615625 0.406875 0.159375 0.421875 0.15125 0.433125 0.1371875 0.43531250000000005 0.12250000000000001 0.434375 0.11000000000000001 0.4296875 0.1046875 0.4171875 0.09812499999999999 0.3975 0.1 0.381875 0.1065625 0.3734375 0.12156249999999999 0.371875 0.14156249999999998
0 0.29874999999999996 0.15531250000000002 0.3015625 0.1721875 0.3090625 0.1846875 0.3209375 0.190625 0.33718750000000003 0.1871875 0.35031249999999997 0.171875 0.35343749999999996 0.1534375 0.3490625 0.1278125 0.339375 0.11750000000000001 0.3325 0.11687499999999999 0.3196875 0.118125 0.31 0.1253125 0.30093749999999997 0.14125000000000001 0.29874999999999996 0.15531250000000002
0 0.325 0.057499999999999996 0.318125 0.075625 0.3171875 0.093125 0.31875 0.108125 0.325625 0.118125 0.3365625 0.1240625 0.3515625 0.12250000000000001 0.3665625 0.11187499999999999 0.3746875 0.09812499999999999 0.381875 0.080625 0.38468749999999996 0.060312500000000005 0.38406250000000003 0.04625 0.380625 0.0296875 0.3796875 0.023125 0.3740625 0.0190625 0.3603125 0.0209375 0.3446875 0.028125 0.3359375 0.0403125 0.325 0.057499999999999996
0 0.38156249999999997 0.06625 0.3696875 0.0834375 0.3696875 0.1025 0.3803125 0.11499999999999999 0.3940625 0.11937500000000001 0.4109375 0.11374999999999999 0.42781250000000004 0.10218750000000001 0.43937499999999996 0.08937500000000001 0.44749999999999995 0.075625 0.4534375 0.05625 0.45406250000000004 0.042499999999999996 0.4534375 0.03625 0.4459375 0.035312500000000004 0.43093750000000003 0.0359375 0.4184375 0.0390625 0.398125 0.049375 0.38156249999999997 0.06625