0 0.209375 0.428125 0.221875 0.43125 0.25 0.434375 0.26875 0.40625 0.2625 0.4 0.23125 0.3875 0.190625 0.3875 0.1875 0.390625 0.1875 0.396875 0.196875 0.41875 0.209375 0.428125
0 0.334375 0.49375 0.340625 0.459375 0.303125 0.421875 0.29375 0.415625 0.275 0.409375 0.265625 0.409375 0.253125 0.425 0.25 0.4375 0.3125 0.49375 0.31875 0.496875 0.334375 0.49375
0 0.321875 0.5 0.3375 0.503125 0.3625 0.503125 0.38125 0.496875 0.3875 0.490625 0.390625 0.471875 0.384375 0.465625 0.371875 0.459375 0.34375 0.453125 0.321875 0.453125 0.3125 0.45625 0.3 0.46875 0.3 0.48125 0.309375 0.49375 0.321875 0.5
0 0.384375 0.540625 0.390625 0.540625 0.421875 0.50625 0.41875 0.49375 0.403125 0.48125 0.39375 0.478125 0.36875 0.478125 0.359375 0.48125 0.346875 0.49375 0.34375 0.5 0.346875 0.515625 0.365625 0.534375 0.384375 0.540625
0 0.4375 0.559375 0.44375 0.528125 0.425 0.509375 0.403125 0.509375 0.396875 0.5125 0.3875 0.525 0.384375 0.53125 0.3875 0.546875 0.41875 0.578125 0.4375 0.559375
0 0.509375 0.61875 0.53125 0.615625 0.540625 0.6 0.540625 0.5875 0.5125 0.54375 0.48125 0.528125 0.465625 0.525 0.45 0.525 0.446875 0.528125 0.41875 0.5625 0.421875 0.575 0.4375 0.590625 0.509375 0.61875
0 0.615625 0.69375 0.63125 0.69375 0.6375 0.671875 0.621875 0.60625 0.6 0.59375 0.58125 0.6 0.571875 0.60625 0.565625 0.628125 0.575 0.653125 0.603125 0.6875 0.615625 0.69375
0 0.58125 0.65625 0.609375 0.659375 0.621875 0.65625 0.621875 0.60625 0.590625 0.584375 0.571875 0.584375 0.559375 0.59375 0.55625 0.6 0.55625 0.61875 0.571875 0.646875 0.58125 0.65625
0 0.6375 0.66875 0.653125 0.671875 0.684375 0.66875 0.684375 0.64375 0.678125 0.625 0.6625 0.6125 0.65 0.60625 0.63125 0.60625 0.628125 0.609375 0.628125 0.63125 0.63125 0.65625 0.6375 0.66875
0 0.703125 0.690625 0.734375 0.678125 0.734375 0.659375 0.725 0.640625 0.70625 0.628125 0.6875 0.621875 0.671875 0.621875 0.6625 0.64375 0.6625 0.659375 0.690625 0.6875 0.703125 0.690625
0 0.675 0.725 0.684375 0.715625 0.696875 0.684375 0.678125 0.665625 0.653125 0.659375 0.6375 0.66875 0.6375 0.703125 0.665625 0.725 0.675 0.725
0 0.715625 0.740625 0.73125 0.74375 0.75 0.7375 0.753125 0.734375 0.753125 0.728125 0.740625 0.696875 0.728125 0.684375 0.715625 0.68125 0.7 0.684375 0.684375 0.709375 0.684375 0.721875 0.696875 0.734375 0.715625 0.740625
0 0.78125 0.684375 0.790625 0.678125 0.790625 0.671875 0.78125 0.659375 0.7625 0.65 0.746875 0.646875 0.728125 0.646875 0.715625 0.65 0.715625 0.6875 0.753125 0.69375 0.78125 0.684375
0 0.778125 0.746875 0.821875 0.746875 0.85 0.734375 0.853125 0.70625 0.840625 0.690625 0.815625 0.68125 0.796875 0.68125 0.7625 0.690625 0.746875 0.703125 0.746875 0.715625 0.759375 0.734375 0.778125 0.746875
0 0.825 0.7875 0.853125 0.79375 0.875 0.79375 0.871875 0.76875 0.85625 0.74375 0.828125 0.73125 0.8125 0.73125 0.778125 0.7375 0.775 0.746875 0.775 0.765625 0.778125 0.76875 0.825 0.7875
0 0.8271045062500001 0.7227028343749999 0.826090896875 0.73740015625 0.829638525 0.7551383031250001 0.83774739375 0.7652743875 0.854471934375 0.7835193406250001 0.865114821875 0.7906146 0.88285296875 0.797709859375 0.9005911187500001 0.797709859375 0.9097135937499999 0.788587384375 0.909206790625 0.776930884375 0.903125140625 0.759699540625 0.9000843125 0.7520974781249999 0.890455034375 0.7409477843750001 0.87525090625 0.72827768125 0.8570059531249999 0.717634790625 0.836733784375 0.714593965625 0.8271045062500001 0.7227028343749999
0 0.8438290437499999 0.6983762312499999 0.8412950218749999 0.71510076875 0.8473766749999999 0.7323321125 0.855992346875 0.7500702625 0.868662453125 0.7627403687500001 0.882346165625 0.771356040625 0.893495859375 0.77490366875 0.907179571875 0.77490366875 0.9178224625 0.769835628125 0.9208632874999999 0.758179128125 0.9208632874999999 0.744495415625 0.9193428750000001 0.7353729375 0.9102204 0.721182421875 0.899577509375 0.71205994375 0.880825753125 0.6983762312499999 0.865621625 0.6922945781250001 0.8438290437499999 0.6983762312499999
0 0.9005911187500001 0.71510076875 0.8909618375000001 0.71966200625 0.8869074031249999 0.730304896875 0.890455034375 0.7455090249999999 0.901097921875 0.7627403687500001 0.91123400625 0.774396865625 0.9259313312499999 0.78250573125 0.9462035 0.7835193406250001 0.96343484375 0.77946490625 0.970530103125 0.7693288218750001 0.9685028843750001 0.7541246968750001 0.963941646875 0.7434818062499999 0.9548191718749999 0.73283891875 0.9401218468750001 0.7232096375 0.9249177218750001 0.716114378125 0.913261225 0.71510076875 0.9005911187500001 0.71510076875
0 0.905659159375 0.7607131500000001 0.8970434875000001 0.76882201875 0.8940026624999999 0.7830125375 0.9000843125 0.79872346875 0.907179571875 0.806832334375 0.9208632874999999 0.8179820281250001 0.93657421875 0.8245704843749999 0.9517783468750001 0.829638525 0.9679960812499999 0.829638525 0.982693403125 0.8169684187499999 0.98015938125 0.8042983156249999 0.976611753125 0.7961894468749999 0.9725573187500001 0.789600990625 0.9538055625 0.77338325625 0.938601434375 0.763753975 0.925424525 0.758685934375 0.905659159375 0.7607131500000001