0 0.228125 0.990625 0.240625 0.9875 0.253125 0.978125 0.265625 0.95625 0.271875 0.9375 0.271875 0.928125 0.265625 0.91875 0.25 0.90625 0.225 0.90625 0.20625 0.94375 0.20625 0.978125 0.2125 0.984375 0.228125 0.990625
0 0.2625 0.953125 0.275 0.9375 0.2875 0.915625 0.290625 0.90625 0.290625 0.890625 0.275 0.878125 0.25 0.878125 0.23125 0.884375 0.225 0.903125 0.21875 0.925 0.21875 0.934375 0.234375 0.95 0.2625 0.953125
0 0.278125 0.9 0.296875 0.884375 0.309375 0.865625 0.309375 0.853125 0.3 0.84375 0.2875 0.840625 0.271875 0.840625 0.253125 0.85 0.234375 0.878125 0.2375 0.890625 0.240625 0.89375 0.278125 0.9
0 0.31875 0.840625 0.325 0.83125 0.325 0.815625 0.3125 0.809375 0.290625 0.80625 0.284375 0.809375 0.25625 0.8375 0.253125 0.84375 0.25625 0.85 0.309375 0.846875 0.31875 0.840625
0 0.3375 0.784375 0.33125 0.778125 0.321875 0.778125 0.296875 0.784375 0.290625 0.79375 0.2875 0.809375 0.325 0.8125 0.3375 0.8 0.3375 0.784375
0 0.296875 0.778125 0.328125 0.778125 0.328125 0.75 0.31875 0.73125 0.26875 0.725 0.25625 0.734375 0.253125 0.740625 0.253125 0.753125 0.2625 0.7625 0.296875 0.778125
0 0.33125 0.778125 0.34375 0.771875 0.359375 0.75625 0.365625 0.740625 0.365625 0.73125 0.3625 0.725 0.35625 0.71875 0.34375 0.71875 0.33125 0.725 0.296875 0.746875 0.296875 0.76875 0.3 0.778125 0.33125 0.778125
0 0.321875 0.728125 0.33125 0.725 0.34375 0.715625 0.35 0.70625 0.353125 0.68125 0.33125 0.675 0.31875 0.675 0.3 0.678125 0.2875 0.684375 0.278125 0.69375 0.26875 0.7125 0.271875 0.71875 0.29375 0.725 0.321875 0.728125
0 0.325 0.725 0.33125 0.725 0.365625 0.721875 0.371875 0.71875 0.38125 0.709375 0.390625 0.6875 0.384375 0.678125 0.371875 0.671875 0.3625 0.671875 0.325 0.68125 0.3125 0.690625 0.309375 0.703125 0.309375 0.7125 0.3125 0.71875 0.325 0.725
0 0.365625 0.653125 0.3625 0.625 0.359375 0.61875 0.353125 0.615625 0.3375 0.61875 0.31875 0.63125 0.303125 0.65 0.3 0.659375 0.3 0.675 0.346875 0.671875 0.365625 0.653125
0 0.378125 0.65 0.41875 0.5625 0.415625 0.559375 0.365625 0.559375 0.35625 0.565625 0.340625 0.590625 0.325 0.621875 0.3625 0.65625 0.371875 0.65625 0.378125 0.65
0 0.403125 0.66875 0.4125 0.65 0.41875 0.628125 0.41875 0.60625 0.4 0.58125 0.390625 0.584375 0.371875 0.6 0.3625 0.6125 0.365625 0.665625 0.390625 0.68125 0.403125 0.66875
0 0.5625 0.265625 0.584375 0.25 0.615625 0.203125 0.609375 0.190625 0.584375 0.190625 0.559375 0.203125 0.534375 0.228125 0.525 0.246875 0.525 0.2625 0.53125 0.265625 0.5625 0.265625
0 0.516875 0.33125 0.5325 0.335 0.56125 0.33125 0.5818749999999999 0.290625 0.5912499999999999 0.2709375 0.5878125 0.2521875 0.573125 0.246875 0.5625 0.24375 0.5559375 0.2440625 0.5203125 0.26937500000000003 0.5015625 0.305625 0.505625 0.32125 0.516875 0.33125
0 0.541433003125 0.32794762187500004 0.5243967625 0.35030768437500004 0.510022434375 0.378523959375 0.505763375 0.39981925937499996 0.51055481875 0.41951740937500004 0.527591059375 0.423776471875 0.541965384375 0.42004979374999996 0.5616635375000001 0.395560196875 0.573908334375 0.37213536875000003 0.576570246875 0.35137245 0.569649275 0.331141915625 0.556872096875 0.32422094375 0.541433003125 0.32794762187500004
0 0.43229459062500003 0.44400700625 0.41685549687499995 0.47861186875 0.42963267812500006 0.49724525625 0.445604153125 0.49724525625 0.46689945312500003 0.49192143125000004 0.504698609375 0.467431834375 0.517475790625 0.45252512500000003 0.5196053218750001 0.44134509375000003 0.515346259375 0.425906 0.49458334375 0.41259643749999997 0.46210800937499996 0.41845264687499995 0.43229459062500003 0.44400700625
0 0.5020366968750001 0.3913011375 0.524929146875 0.373200134375 0.54303015 0.33220668125 0.52386438125 0.298666584375 0.5084252874999999 0.298666584375 0.48659760625 0.311976146875 0.473820425 0.38544493125 0.5020366968750001 0.3913011375
0 0.552264803125 0.302019815625 0.55103206875 0.3291399625 0.565824878125 0.350918259375 0.591301378125 0.342289121875 0.6270506625000001 0.288870653125 0.63773435625 0.26133959375 0.62294155 0.24202676250000002 0.591301378125 0.243259496875 0.56459214375 0.2728451125 0.552264803125 0.302019815625