0 0.896875 0.684375 0.903125 0.684375 0.903125 0.65625 0.890625 0.628125 0.8875 0.625 0.875 0.625 0.8625 0.634375 0.859375 0.640625 0.859375 0.653125 0.875 0.671875 0.896875 0.684375
0 0.85 0.65625 0.85625 0.653125 0.86875 0.628125 0.859375 0.609375 0.840625 0.596875 0.821875 0.596875 0.81875 0.6 0.821875 0.628125 0.840625 0.653125 0.85 0.65625
0 0.7875 0.665625 0.796875 0.66875 0.80625 0.653125 0.796875 0.63125 0.784375 0.628125 0.76875 0.6375 0.76875 0.640625 0.775 0.653125 0.7875 0.665625
0 0.765625 0.6375 0.771875 0.634375 0.78125 0.621875 0.78125 0.6125 0.775 0.596875 0.7625 0.5875 0.74375 0.6 0.740625 0.603125 0.740625 0.6125 0.75 0.628125 0.765625 0.6375
0 0.728125 0.596875 0.7375 0.6 0.75 0.590625 0.753125 0.584375 0.75 0.56875 0.734375 0.553125 0.721875 0.55625 0.709375 0.56875 0.709375 0.571875 0.71875 0.5875 0.728125 0.596875
0 0.703125 0.559375 0.715625 0.559375 0.728125 0.546875 0.728125 0.528125 0.725 0.521875 0.71875 0.51875 0.7 0.51875 0.6875 0.53125 0.6875 0.5375 0.69375 0.55 0.703125 0.559375
0 0.6875 0.525 0.696875 0.515625 0.69375 0.5 0.68125 0.4875 0.66875 0.4875 0.6625 0.49375 0.6625 0.503125 0.671875 0.51875 0.6875 0.525
0 0.653125 0.5 0.65625 0.496875 0.65625 0.4875 0.646875 0.4625 0.6375 0.45625 0.634375 0.45625 0.628125 0.4625 0.625 0.471875 0.625 0.490625 0.6375 0.5 0.653125 0.5
0 0.596875 0.4875 0.6125 0.4875 0.615625 0.484375 0.61875 0.4625 0.60625 0.446875 0.596875 0.446875 0.590625 0.453125 0.584375 0.465625 0.584375 0.475 0.5875 0.48125 0.596875 0.4875
0 0.578125 0.471875 0.5875 0.45625 0.5875 0.440625 0.575 0.41875 0.5625 0.41875 0.553125 0.4375 0.55 0.446875 0.55 0.459375 0.565625 0.471875 0.578125 0.471875
0 0.53125 0.45625 0.54375 0.45625 0.546875 0.45 0.546875 0.41875 0.54375 0.396875 0.540625 0.390625 0.53125 0.3875 0.515625 0.3875 0.509375 0.4375 0.515625 0.446875 0.525 0.453125 0.53125 0.45625
0 0.5 0.4375 0.5125 0.434375 0.521875 0.41875 0.525 0.403125 0.521875 0.3875 0.50625 0.378125 0.475 0.365625 0.471875 0.365625 0.4625 0.378125 0.45625 0.390625 0.45625 0.409375 0.490625 0.434375 0.5 0.4375
0 0.459375 0.415625 0.475 0.415625 0.4875 0.403125 0.490625 0.39375 0.490625 0.38125 0.4875 0.375 0.465625 0.35625 0.446875 0.346875 0.434375 0.34375 0.43125 0.346875 0.41875 0.365625 0.41875 0.390625 0.45 0.4125 0.459375 0.415625
0 0.43125 0.39375 0.44375 0.3875 0.453125 0.371875 0.453125 0.35625 0.44375 0.34375 0.421875 0.33125 0.403125 0.325 0.390625 0.325 0.378125 0.3375 0.375 0.346875 0.371875 0.3625 0.396875 0.384375 0.421875 0.39375 0.43125 0.39375
0 0.371875 0.365625 0.39375 0.3625 0.4 0.359375 0.409375 0.35 0.415625 0.3375 0.4125 0.328125 0.39375 0.321875 0.378125 0.321875 0.3375 0.334375 0.33125 0.3375 0.33125 0.34375 0.34375 0.35625 0.371875 0.365625
0 0.306875 0.330625 0.3175 0.335625 0.33218749999999997 0.33781249999999996 0.3490625 0.33875 0.3628125 0.3325 0.3734375 0.325625 0.3803125 0.319375 0.3834375 0.3115625 0.37906249999999997 0.306875 0.36312500000000003 0.30062500000000003 0.3309375 0.29562499999999997 0.311875 0.29562499999999997 0.294375 0.29812500000000003 0.290625 0.3046875 0.29125 0.3125 0.2959375 0.3209375 0.306875 0.330625