0 0.86875 0.703125 0.88125 0.70625 0.909375 0.70625 0.921875 0.703125 0.928125 0.696875 0.934375 0.684375 0.934375 0.675 0.925 0.665625 0.903125 0.65625 0.8875 0.653125 0.859375 0.653125 0.853125 0.659375 0.846875 0.66875 0.846875 0.6875 0.85625 0.696875 0.86875 0.703125
0 0.815625 0.690625 0.859375 0.7 0.871875 0.684375 0.871875 0.6625 0.86875 0.653125 0.84375 0.640625 0.821875 0.634375 0.8 0.634375 0.79375 0.640625 0.790625 0.659375 0.79375 0.671875 0.803125 0.684375 0.815625 0.690625
0 0.78125 0.703125 0.796875 0.70625 0.809375 0.7 0.818156875 0.6880157437500001 0.8172685375000001 0.6671398625 0.8070526812500001 0.646708146875 0.784375 0.625 0.778125 0.61875 0.76875 0.615625 0.759375 0.615625 0.746875 0.621875 0.74375 0.628125 0.74375 0.65 0.765625 0.6875 0.78125 0.703125
0 0.765625 0.678125 0.78125 0.66875 0.784375 0.6625 0.78125 0.64375 0.7625 0.621875 0.7 0.603125 0.69375 0.60625 0.6875 0.615625 0.684375 0.625 0.6875 0.640625 0.728125 0.671875 0.765625 0.678125
0 0.678125 0.671875 0.715625 0.675 0.740625 0.675 0.746875 0.671875 0.746875 0.65625 0.7375 0.628125 0.73125 0.621875 0.6875 0.61875 0.653125 0.634375 0.640625 0.646875 0.64375 0.659375 0.653125 0.665625 0.678125 0.671875
0 0.609375 0.64375 0.640625 0.64375 0.675 0.628125 0.684375 0.615625 0.6875 0.60625 0.671875 0.59375 0.621875 0.59375 0.584375 0.61875 0.584375 0.625 0.590625 0.6375 0.609375 0.64375
0 0.58125 0.615625 0.59375 0.615625 0.60625 0.609375 0.61875 0.59375 0.61875 0.584375 0.615625 0.578125 0.60625 0.56875 0.59375 0.5625 0.55 0.55 0.53125 0.55 0.51875 0.55625 0.515625 0.559375 0.515625 0.575 0.53125 0.603125 0.58125 0.615625
0 0.503125 0.61875 0.51875 0.61875 0.525 0.615625 0.534375 0.603125 0.534375 0.584375 0.528125 0.571875 0.50625 0.5375 0.49375 0.525 0.4875 0.521875 0.475 0.521875 0.46875 0.525 0.4625 0.53125 0.4625 0.540625 0.4875 0.609375 0.503125 0.61875
0 0.45625 0.60625 0.465625 0.609375 0.48125 0.60625 0.484375 0.6 0.484375 0.575 0.4625 0.5375 0.44375 0.521875 0.421875 0.521875 0.4125 0.528125 0.409375 0.540625 0.409375 0.5625 0.415625 0.58125 0.45625 0.60625
0 0.409375 0.584375 0.428125 0.584375 0.4375 0.575 0.4375 0.553125 0.434375 0.54375 0.425 0.53125 0.38125 0.509375 0.371875 0.509375 0.3625 0.51875 0.35625 0.53125 0.35625 0.55625 0.390625 0.578125 0.409375 0.584375
0 0.325 0.546875 0.35 0.55625 0.36875 0.559375 0.384375 0.55625 0.4 0.54375 0.409375 0.528125 0.40625 0.521875 0.390625 0.5125 0.365625 0.503125 0.334375 0.496875 0.321875 0.496875 0.309375 0.503125 0.30625 0.509375 0.30625 0.528125 0.3125 0.5375 0.325 0.546875