0 0.7 0.084375 0.70625 0.084375 0.715625 0.075 0.721875 0.059375 0.721875 0.03125 0.715625 0.01875 0.703125 0.003125 0.684375 0.003125 0.675 0.009375 0.671875 0.01875 0.671875 0.04375 0.690625 0.078125 0.7 0.084375
0 0.671875 0.125 0.678125 0.128125 0.6875 0.125 0.696875 0.1125 0.7 0.090625 0.7 0.078125 0.69375 0.065625 0.6875 0.05625 0.66875 0.040625 0.65625 0.0375 0.64375 0.053125 0.640625 0.065625 0.640625 0.084375 0.6625 0.115625 0.671875 0.125
0 0.659375 0.16875 0.671875 0.1625 0.678125 0.146875 0.678125 0.128125 0.653125 0.09375 0.6375 0.078125 0.625 0.078125 0.61875 0.08125 0.6 0.1 0.596875 0.10625 0.596875 0.121875 0.60625 0.134375 0.659375 0.16875
0 0.575 0.2125 0.6125 0.203125 0.64375 0.190625 0.65 0.18125 0.65 0.15625 0.6375 0.140625 0.625 0.1375 0.60625 0.140625 0.575 0.1625 0.5625 0.178125 0.559375 0.184375 0.559375 0.196875 0.565625 0.209375 0.575 0.2125
0 0.585 0.20656249999999998 0.5743750000000001 0.216875 0.5690625 0.22937500000000002 0.571875 0.2446875 0.58375 0.253125 0.5946875 0.255 0.610625 0.25406249999999997 0.6271875 0.2496875 0.6409374999999999 0.24312499999999998 0.6540625 0.23156249999999998 0.6590625 0.21749999999999997 0.6587500000000001 0.2078125 0.6534375 0.198125 0.629375 0.19593750000000001 0.6118750000000001 0.19718750000000002 0.596875 0.2009375 0.585 0.20656249999999998
0 0.5578125 0.2203125 0.553125 0.22562500000000002 0.551875 0.2346875 0.5434375 0.2453125 0.5428124999999999 0.255625 0.54625 0.265625 0.5590625 0.26937500000000003 0.5743750000000001 0.2684375 0.5909375 0.2609375 0.605 0.24937499999999999 0.6140625 0.236875 0.6178125 0.22562500000000002 0.618125 0.21437499999999998 0.61125 0.209375 0.5915625 0.20812499999999998 0.5715625 0.21156250000000001 0.5578125 0.2203125
0 0.5590625 0.2728125 0.553125 0.28375 0.55 0.3040625 0.5587500000000001 0.3175 0.575 0.3225 0.59375 0.3146875 0.6159375 0.30125 0.629375 0.2890625 0.63625 0.27625 0.6381249999999999 0.26875 0.634375 0.2571875 0.62375 0.25 0.60375 0.25187499999999996 0.5856250000000001 0.2603125 0.5590625 0.2728125
0 0.5225 0.31656249999999997 0.5196875000000001 0.32999999999999996 0.52 0.3434375 0.53 0.35281250000000003 0.5409375 0.3515625 0.5515625 0.344375 0.5671875 0.3315625 0.5765625 0.31875 0.5865625 0.301875 0.5884375000000001 0.28781249999999997 0.5865625 0.2796875 0.5746875 0.271875 0.546875 0.27 0.525625 0.29874999999999996 0.5225 0.31656249999999997
0 0.5621875000000001 0.3203125 0.54625 0.34125 0.535625 0.36062500000000003 0.5425 0.3784375 0.556875 0.38625 0.5734375 0.38625 0.590625 0.37374999999999997 0.60375 0.356875 0.6115625 0.34125 0.6178125 0.323125 0.6153125 0.311875 0.6003125 0.303125 0.58125 0.306875 0.5665625000000001 0.31437499999999996 0.5621875000000001 0.3203125
0 0.50875 0.37906249999999997 0.49906249999999996 0.3903125 0.501875 0.4028125 0.51375 0.4146875 0.5278125 0.4221875 0.545625 0.42312500000000003 0.558125 0.42312500000000003 0.569375 0.418125 0.571875 0.406875 0.573125 0.39437500000000003 0.5599999999999999 0.3775 0.5340625 0.36843750000000003 0.52 0.370625 0.50875 0.37906249999999997
0 0.4915625 0.4225 0.4703125 0.428125 0.4615625 0.43968749999999995 0.46343750000000006 0.45093750000000005 0.47781250000000003 0.4603125 0.496875 0.46312499999999995 0.5240625 0.45875000000000005 0.5428124999999999 0.45375 0.5525 0.448125 0.556875 0.4421875 0.555625 0.43093750000000003 0.5440625 0.42062499999999997 0.530625 0.41937499999999994 0.5178125 0.41968750000000005 0.4915625 0.4225
0 0.445625 0.475 0.44375 0.49031250000000004 0.4659375 0.5046875 0.4809375 0.5053124999999999 0.504375 0.503125 0.5287499999999999 0.49749999999999994 0.5421875 0.4878125 0.5471874999999999 0.47843749999999996 0.54 0.4646875 0.5190625 0.4565625 0.49375 0.45625 0.4690625 0.46187500000000004 0.445625 0.475
0 0.42374999999999996 0.5215625 0.41937499999999994 0.545 0.441875 0.5534375 0.4690625 0.5525 0.488125 0.5443749999999999 0.504375 0.538125 0.514375 0.525625 0.516875 0.509375 0.4996875 0.4996875 0.4640625 0.4984375 0.4415625 0.50625 0.42374999999999996 0.5215625
0 0.415625 0.5521874999999999 0.40499999999999997 0.568125 0.40374999999999994 0.5859375 0.4090625 0.5990624999999999 0.4246875 0.6053124999999999 0.44718749999999996 0.604375 0.4625 0.5996875 0.47750000000000004 0.590625 0.49000000000000005 0.5703125 0.49406249999999996 0.5503125 0.46875 0.535625 0.4515625 0.534375 0.429375 0.541875 0.415625 0.5521874999999999
0 0.40625 0.59875 0.39468749999999997 0.6103125 0.385 0.62375 0.384375 0.6375 0.39656250000000004 0.649375 0.41125 0.6503125 0.42625 0.6453125 0.441875 0.639375 0.4525 0.6278125 0.4565625 0.619375 0.4646875 0.6068749999999999 0.4525 0.59375 0.43562500000000004 0.588125 0.42000000000000004 0.590625 0.40625 0.59875
0 0.39125 0.6584375 0.3821875 0.675 0.3803125 0.6875 0.3915625 0.6978125000000001 0.40125 0.6993750000000001 0.41531250000000003 0.6993750000000001 0.436875 0.6956249999999999 0.45375 0.68625 0.4728125 0.6693749999999999 0.47750000000000004 0.6537499999999999 0.47750000000000004 0.639375 0.47531249999999997 0.63375 0.46749999999999997 0.628125 0.44125 0.629375 0.4190625 0.6375 0.4065625 0.6465625 0.39125 0.6584375
0 0.4109375 0.6896875 0.3990625 0.71 0.390625 0.7325 0.39187500000000003 0.7484375 0.3984375 0.760625 0.41156249999999994 0.7646875 0.4246875 0.76125 0.43937499999999996 0.750625 0.45999999999999996 0.7240624999999999 0.4653125 0.7084374999999999 0.4653125 0.69875 0.4671875 0.6837500000000001 0.45625 0.6725 0.4425 0.6709375 0.42874999999999996 0.6756249999999999 0.4109375 0.6896875