0 0.1309375625 0.473437725 0.11968755625000001 0.48468773125000003 0.11562505625 0.4987502375 0.11500005625000001 0.515625246875 0.122187559375 0.52625025 0.137500065625 0.528750253125 0.150312571875 0.527812753125 0.16937508125 0.52218775 0.189687590625 0.51187524375 0.200937596875 0.5006252375 0.20562509687500002 0.48812523125 0.20375009687499998 0.474375225 0.19656259375000001 0.462187721875 0.18000008437499998 0.45812521874999995 0.163750078125 0.46093771875 0.14718756875 0.465625221875 0.1309375625 0.473437725
0 0.153437571875 0.469687725 0.14500006875 0.48500023125 0.14656256875 0.5012502375000001 0.159375075 0.51281274375 0.1856250875 0.50968774375 0.21218759999999998 0.49906273749999996 0.23062510937499997 0.48718773125 0.245000115625 0.47218772500000006 0.245000115625 0.468125221875 0.2362501125 0.45343771562499996 0.215000103125 0.450625215625 0.188437590625 0.45218771562500004 0.174062584375 0.45875021875 0.153437571875 0.469687725
0 0.187500090625 0.490937734375 0.176875084375 0.506250240625 0.17843758437499999 0.520625246875 0.187187590625 0.528125253125 0.205937596875 0.530312753125 0.22906260937499998 0.5296877531249999 0.25093761875 0.52312525 0.26031262499999996 0.507812740625 0.264687625 0.4971877375 0.268125128125 0.48375023125 0.24687511875 0.477500228125 0.22375010624999997 0.477812728125 0.19875009375 0.48250023124999997 0.187500090625 0.490937734375
0 0.23125010937499998 0.481562728125 0.243125115625 0.49531273750000004 0.266875128125 0.505312740625 0.2853126375 0.5059377406250001 0.305937646875 0.503750240625 0.320625153125 0.49406273437500003 0.322812653125 0.47812522812499997 0.319687653125 0.469062725 0.309062646875 0.45843771875000006 0.281875134375 0.4471877125 0.24687511875 0.44437521249999995 0.232187609375 0.46281272187500005 0.23125010937499998 0.481562728125
0 0.27656263124999997 0.428125203125 0.27468763125 0.44812521250000004 0.2868751375 0.465625221875 0.307500146875 0.48187523125 0.323437653125 0.48437523125000004 0.345625165625 0.48500023125 0.360000171875 0.48250023124999997 0.36312517187500004 0.470000225 0.360312671875 0.454687715625 0.35281266875 0.45031271562499997 0.345937665625 0.435937709375 0.32562515625 0.42281270312499997 0.306875146875 0.41687519999999995 0.2912501375 0.4175002 0.27656263124999997 0.428125203125
0 0.22062510624999998 0.413750196875 0.21031260000000002 0.42937520625000003 0.2112501 0.4465627125 0.22750010937499998 0.45625021875 0.25531262187500003 0.45656271875 0.27843763125 0.451250215625 0.295312640625 0.442187709375 0.30375014375 0.42468770312500004 0.30406264375 0.41125019687500003 0.29937514374999996 0.400000190625 0.284062634375 0.39531268750000004 0.263750125 0.3962501875 0.239375115625 0.40406269375 0.22062510624999998 0.413750196875
0 0.29656264062500004 0.413125196875 0.30156264374999997 0.42968770625 0.32593765625 0.4428127125 0.360312671875 0.44406271249999996 0.38437518437499996 0.44000020937500006 0.389687684375 0.425312703125 0.384687684375 0.41187519687499996 0.37750018125 0.40406269375 0.361875171875 0.3903126875 0.3400001625 0.388750184375 0.31718765000000004 0.3915626875 0.30281264375 0.399687690625 0.29656264062500004 0.413125196875
0 0.33843766249999996 0.40718769374999997 0.332187659375 0.42093769999999997 0.3378126625 0.43187520625 0.350312665625 0.43843770937500004 0.36781267500000003 0.43875020937500003 0.388750184375 0.436875209375 0.40406269375 0.43000020625 0.41531269687499994 0.41718770000000005 0.41687519999999995 0.40218769062500004 0.413125196875 0.3909376875 0.40781269375000007 0.386250184375 0.397500190625 0.37718768125 0.38125018125 0.376250178125 0.36125017187499997 0.38156268125000004 0.35062516875 0.3921876875 0.33843766249999996 0.40718769374999997
0 0.397187690625 0.38250018125 0.3956251875 0.396875190625 0.40656269375000004 0.41125019687500003 0.42968770625 0.4187502 0.45781271874999996 0.41562519687500005 0.473125225 0.40687519375000003 0.48375023125 0.3915626875 0.479375228125 0.37750018125 0.469687725 0.363750175 0.45250021562500004 0.362500171875 0.43468770624999997 0.362812671875 0.41218769687499995 0.369687675 0.397187690625 0.38250018125
0 0.46593772187500004 0.398437690625 0.45031271562499997 0.40656269375000004 0.44750021249999994 0.42093769999999997 0.451562715625 0.438125209375 0.462187721875 0.45031271562499997 0.47812522812499997 0.454375215625 0.49968773750000006 0.454687715625 0.52250025 0.450937715625 0.532187753125 0.441250209375 0.532187753125 0.42593770312499996 0.5393752562499999 0.4196877 0.520625246875 0.40593769375 0.501875240625 0.397812690625 0.48281273125 0.396875190625 0.46593772187500004 0.398437690625
0 0.427812703125 0.4225002 0.401250190625 0.4162502 0.37687518125 0.4196877 0.364687675 0.43093770625000005 0.35906267187499996 0.4462502125 0.36593767499999996 0.46593772187500004 0.37718768125 0.473437725 0.3950001875 0.474062725 0.4162502 0.46875022499999996 0.427500203125 0.45343771562499996 0.43250020625 0.44437521249999995 0.43250020625 0.437500209375 0.427812703125 0.4225002
0 0.386875184375 0.427187703125 0.38656268437499997 0.4453127125 0.40156269062499994 0.46125021874999994 0.42125019999999996 0.468437721875 0.4437502125 0.46625022187500004 0.45718771875 0.45750021875 0.46000021875 0.44593771249999997 0.454687715625 0.43406270625000004 0.450000215625 0.426562703125 0.43218770624999997 0.42000019999999993 0.40875019375 0.41250019687500006 0.3921876875 0.41531269687499994 0.386875184375 0.427187703125
0 0.474062725 0.36093767187500003 0.472500225 0.37468767812500003 0.47687522812500005 0.39125018749999996 0.48406273125 0.40343769375000005 0.49531273750000004 0.41562519687500005 0.50937524375 0.426875203125 0.52250025 0.428750203125 0.540937759375 0.42937520625000003 0.556250265625 0.425312703125 0.5593752656250001 0.40781269375000007 0.5565627656250001 0.3946876875 0.5481252624999999 0.38187518125 0.545000259375 0.37718768125 0.5331252531249999 0.367187675 0.516562746875 0.357187671875 0.5000002375 0.35218766874999996 0.48187523125 0.35218766874999996 0.474062725 0.36093767187500003
0 0.620625296875 0.373437678125 0.623437796875 0.3903126875 0.6353128031249999 0.40750019374999996 0.648750309375 0.413125196875 0.661875315625 0.40718769374999997 0.66968781875 0.3928126875 0.67156281875 0.373125178125 0.6721878218749999 0.368437675 0.66531281875 0.35250016875 0.6512503093750001 0.345000165625 0.635000303125 0.345937665625 0.624062796875 0.35625016875000004 0.620625296875 0.373437678125
0 0.6581253125 0.374062678125 0.661250315625 0.3937501875 0.678750325 0.40687519375000003 0.6950003312499999 0.40781269375000007 0.7075003375 0.3915626875 0.7090628375 0.370312678125 0.713125340625 0.35843767187500003 0.701875334375 0.350312665625 0.676250321875 0.345000165625 0.662500315625 0.35593766875 0.6581253125 0.374062678125
0 0.7171878406250001 0.347812665625 0.715625340625 0.362812671875 0.72156284375 0.37781268125 0.73343785 0.3903126875 0.7493753562500001 0.39593768749999997 0.765937865625 0.396875190625 0.778750371875 0.387187684375 0.780625371875 0.371875178125 0.780625371875 0.367187675 0.776875371875 0.35656266875 0.765312865625 0.346562665625 0.7500003562499999 0.3412501625 0.73375035 0.3387501625 0.7171878406250001 0.347812665625
0 0.703750334375 0.38906268437499997 0.713750340625 0.40218769062500004 0.725937846875 0.40531269375 0.7381253531249999 0.397812690625 0.742187853125 0.384062684375 0.741875353125 0.373125178125 0.73437535 0.362500171875 0.72062534375 0.35250016875 0.7100003375 0.35500016875 0.702187834375 0.368437675 0.703750334375 0.38906268437499997
0 0.7609378625 0.35906267187499996 0.7731253687499999 0.376250178125 0.787812875 0.38281268125 0.804375384375 0.38312518125 0.8146878875000001 0.37718768125 0.818437890625 0.360000171875 0.8143753874999999 0.346562665625 0.8109378875000001 0.3400001625 0.803437884375 0.33156265937499996 0.788125375 0.32718765625 0.770000365625 0.32906265625 0.7590628625 0.3440626625 0.7609378625 0.35906267187499996
0 0.870937915625 0.281250134375 0.87968791875 0.294062640625 0.893125425 0.311250146875 0.911875434375 0.32718765625 0.9337504437499999 0.335000159375 0.9537504562500001 0.33375015937499997 0.964375459375 0.32406265312500004 0.960937959375 0.30562514687500003 0.9490629531250001 0.2853126375 0.934062946875 0.27375013125000003 0.9271879406249999 0.26968762812499997 0.9153129375000001 0.265000125 0.90312543125 0.25750012187500004 0.8850004218749999 0.259375125 0.87656291875 0.263437625 0.870937915625 0.281250134375
0 0.8856254218749999 0.30625014687499996 0.87656291875 0.31750015 0.87625041875 0.33156265937499996 0.8809379187499999 0.344375165625 0.9006254281249999 0.35218766874999996 0.923125440625 0.35406266875000003 0.9481254531250001 0.35375016875 0.964375459375 0.350312665625 0.974687965625 0.336562659375 0.9734379656250001 0.32406265312500004 0.9687504625000001 0.31343765 0.9540629562499999 0.30312514375 0.936250446875 0.29968764375 0.9175004375 0.29875014375000003 0.9003129281250001 0.29937514374999996 0.8856254218749999 0.30625014687499996
0 0.8121878875 0.32968765625 0.806250384375 0.3400001625 0.808125384375 0.35625016875000004 0.82468789375 0.36812517499999997 0.842500403125 0.37218767812500003 0.871562915625 0.37281267812499996 0.8887504249999999 0.368437675 0.900000428125 0.35593766875 0.8987504281250001 0.345000165625 0.895625428125 0.3400001625 0.892500425 0.32875015625000004 0.871250415625 0.32187515312500004 0.85281290625 0.320625153125 0.82812539375 0.323750153125 0.8121878875 0.32968765625
0 0.788750375 0.284687634375 0.778750371875 0.296250140625 0.782500371875 0.31375015 0.793750378125 0.335937659375 0.8140628875000001 0.35312516875 0.82625039375 0.36312517187500004 0.8456254031249999 0.366875175 0.8581254093749999 0.360625171875 0.8621879124999999 0.34937516562500004 0.8637504125 0.3390626625 0.8634379125 0.32875015625000004 0.8396879 0.305312646875 0.8237503937499999 0.29468764062499997 0.805312884375 0.2853126375 0.788750375 0.284687634375
0 0.82843789375 0.28281263437500004 0.8353128968749999 0.30812514687500003 0.8468754031250001 0.323437653125 0.8662504125 0.336562659375 0.8846879218750001 0.34531266562499996 0.9009379281250001 0.345937665625 0.9143754375 0.335000159375 0.9143754375 0.319687653125 0.907812934375 0.306875146875 0.895312928125 0.297812640625 0.8834379218749999 0.2890626375 0.8640629125 0.27875013437499996 0.8503129062499999 0.27343763125 0.834062896875 0.27343763125 0.82843789375 0.28281263437500004
0 0.55119646875 0.393711765625 0.5751756218749999 0.406997509375 0.59559030625 0.40958985312499996 0.61535690625 0.406997509375 0.625078184375 0.39403580625 0.623133928125 0.37686155 0.6104962656249999 0.361631546875 0.58846136875 0.351262184375 0.564482215625 0.34640154375 0.5638341312499999 0.34640154375 0.545363703125 0.345105375 0.535642425 0.35158622500000003 0.536614553125 0.3658441 0.541475190625 0.37977793125 0.55119646875 0.393711765625