0 0.821875 0.390625 0.88125 0.390625 0.890625 0.3875 0.896875 0.375 0.896875 0.35625 0.890625 0.346875 0.88125 0.340625 0.846875 0.328125 0.81875 0.334375 0.809375 0.340625 0.8 0.353125 0.796875 0.3625 0.803125 0.378125 0.8125 0.3875 0.821875 0.390625
0 0.8125 0.41875 0.846875 0.41875 0.875 0.409375 0.890625 0.390625 0.89375 0.375 0.875 0.3625 0.809375 0.36875 0.803125 0.371875 0.79375 0.39375 0.79375 0.40625 0.803125 0.415625 0.8125 0.41875
0 0.790625 0.35 0.8 0.35 0.840625 0.33125 0.840625 0.328125 0.828125 0.321875 0.8125 0.31875 0.775 0.325 0.76875 0.33125 0.76875 0.3375 0.778125 0.346875 0.790625 0.35
0 0.784375 0.4375 0.803125 0.43125 0.8125 0.421875 0.796875 0.38125 0.728125 0.3875 0.725 0.390625 0.70625 0.41875 0.715625 0.43125 0.728125 0.4375 0.784375 0.4375
0 0.78125 0.403125 0.796875 0.3875 0.796875 0.36875 0.78125 0.35 0.753125 0.3375 0.734375 0.334375 0.69375 0.34375 0.690625 0.346875 0.690625 0.35625 0.728125 0.390625 0.78125 0.403125
0 0.6875 0.415625 0.703125 0.415625 0.71875 0.403125 0.721875 0.396875 0.71875 0.384375 0.709375 0.375 0.684375 0.359375 0.665625 0.353125 0.628125 0.353125 0.621875 0.35625 0.6125 0.365625 0.6125 0.371875 0.6375 0.403125 0.6875 0.415625
0 0.703125 0.446875 0.71875 0.440625 0.71875 0.4375 0.7 0.41875 0.634375 0.403125 0.625 0.425 0.640625 0.453125 0.675 0.453125 0.703125 0.446875
0 0.615625 0.421875 0.625 0.409375 0.625 0.396875 0.609375 0.375 0.58125 0.359375 0.5375 0.359375 0.528125 0.365625 0.525 0.371875 0.54375 0.403125 0.5875 0.421875 0.615625 0.421875
0 0.625 0.459375 0.628125 0.453125 0.625 0.44375 0.61875 0.4375 0.5625 0.40625 0.54375 0.40625 0.528125 0.43125 0.55625 0.465625 0.603125 0.465625 0.625 0.459375
0 0.49244315937499994 0.39704609999999996 0.48140183125 0.4133872625 0.48051852500000003 0.43149503749999996 0.4858183625 0.44386132187499994 0.5003929125 0.453577690625 0.5268920968749999 0.45048611875000005 0.5419083 0.44032809687499996 0.554716240625 0.431053384375 0.568407484375 0.417362140625 0.573707321875 0.41029569062500004 0.5759155875 0.39439618125 0.567082525 0.381588240625 0.54809144375 0.3776133625 0.52115060625 0.383354853125 0.49244315937499994 0.39704609999999996
0 0.571875 0.4625 0.58125 0.4375 0.58125 0.421875 0.575 0.415625 0.55625 0.40625 0.540625 0.40625 0.51875 0.428125 0.5125 0.475 0.5375 0.475 0.56875 0.465625 0.571875 0.4625
0 0.48125 0.421875 0.5125 0.428125 0.53125 0.41875 0.5375 0.403125 0.53125 0.390625 0.51875 0.375 0.496875 0.36875 0.465625 0.371875 0.459375 0.378125 0.459375 0.38125 0.475 0.415625 0.48125 0.421875
0 0.490625 0.478125 0.509375 0.475 0.515625 0.465625 0.515625 0.43125 0.509375 0.428125 0.475 0.41875 0.45 0.4375 0.446875 0.440625 0.45 0.453125 0.465625 0.478125 0.490625 0.478125
0 0.41875 0.4375 0.453125 0.43125 0.459375 0.428125 0.471875 0.415625 0.471875 0.409375 0.465625 0.39375 0.453125 0.38125 0.428125 0.38125 0.403125 0.3875 0.3875 0.39375 0.3875 0.41875 0.39375 0.434375 0.41875 0.4375
0 0.453125 0.484375 0.475 0.475 0.475 0.45 0.46875 0.434375 0.4625 0.43125 0.4375 0.434375 0.434375 0.4375 0.434375 0.48125 0.4375 0.484375 0.453125 0.484375
0 0.421875 0.484375 0.43125 0.48125 0.43125 0.440625 0.421875 0.4375 0.409375 0.4375 0.4 0.440625 0.3875 0.453125 0.3875 0.48125 0.390625 0.484375 0.421875 0.484375
0 0.384375 0.44375 0.4125 0.434375 0.415625 0.428125 0.415625 0.41875 0.409375 0.4 0.39375 0.390625 0.35625 0.396875 0.346875 0.403125 0.34375 0.40625 0.34375 0.4125 0.371875 0.4375 0.384375 0.44375
0 0.340625 0.484375 0.384375 0.484375 0.38125 0.45 0.3625 0.421875 0.346875 0.415625 0.328125 0.41875 0.325 0.421875 0.321875 0.434375 0.325 0.459375 0.3375 0.48125 0.340625 0.484375
0 0.334375 0.49375 0.34375 0.4875 0.346875 0.484375 0.34375 0.475 0.31875 0.425 0.290625 0.41875 0.284375 0.421875 0.290625 0.4625 0.3125 0.49375 0.334375 0.49375
0 0.3 0.5 0.309375 0.49375 0.309375 0.484375 0.30625 0.478125 0.290625 0.465625 0.2875 0.465625 0.2625 0.484375 0.259375 0.4875 0.259375 0.50625 0.28125 0.50625 0.3 0.5
0 0.265625 0.48125 0.284375 0.46875 0.2875 0.4625 0.2875 0.446875 0.284375 0.434375 0.278125 0.421875 0.2625 0.409375 0.246875 0.409375 0.240625 0.4125 0.234375 0.41875 0.240625 0.459375 0.25625 0.48125 0.265625 0.48125
0 0.25 0.50625 0.253125 0.5 0.253125 0.490625 0.246875 0.471875 0.2375 0.465625 0.209375 0.48125 0.2 0.490625 0.190625 0.509375 0.2 0.515625 0.228125 0.515625 0.25 0.50625
0 0.234375 0.46875 0.240625 0.4625 0.2375 0.41875 0.2125 0.4125 0.2 0.41875 0.19375 0.428125 0.2 0.478125 0.215625 0.478125 0.234375 0.46875
0 0.16875 0.5 0.184375 0.50625 0.196875 0.49375 0.203125 0.475 0.203125 0.465625 0.19375 0.428125 0.178125 0.428125 0.15 0.4375 0.146875 0.440625 0.14375 0.446875 0.14375 0.46875 0.153125 0.484375 0.16875 0.5
0 0.1625 0.528125 0.178125 0.521875 0.184375 0.515625 0.18125 0.503125 0.153125 0.46875 0.1375 0.45625 0.128125 0.475 0.146875 0.525 0.153125 0.528125 0.1625 0.528125
0 0.11875 0.534375 0.13125 0.534375 0.140625 0.53125 0.146875 0.525 0.146875 0.51875 0.13125 0.478125 0.121875 0.46875 0.1 0.465625 0.090625 0.475 0.090625 0.48125 0.1125 0.53125 0.11875 0.534375
0 0.059375 0.546875 0.06875 0.5375 0.075 0.525 0.075 0.496875 0.06875 0.484375 0.059375 0.48125 0.04375 0.48125 0.03125 0.4875 0.015625 0.55 0.01875 0.55625 0.0375 0.55625 0.059375 0.546875
0 0.09375 0.540625 0.115625 0.53125 0.10625 0.503125 0.09375 0.48125 0.071875 0.48125 0.075 0.5375 0.078125 0.540625 0.09375 0.540625
0 0.6709375 0.3453125 0.6675 0.36312500000000003 0.67 0.3784375 0.6796875 0.39437500000000003 0.696875 0.40812499999999996 0.7128125 0.415625 0.73875 0.42093749999999996 0.753125 0.414375 0.7575000000000001 0.396875 0.751875 0.37906249999999997 0.740625 0.3675 0.7334375 0.359375 0.716875 0.349375 0.6975 0.3428125 0.6815625 0.33999999999999997 0.6709375 0.3453125
0 0.084375 0.803125 0.090625 0.80625 0.11875 0.80625 0.121875 0.803125 0.13125 0.803125 0.1625 0.790625 0.178125 0.778125 0.18125 0.771875 0.18125 0.75 0.165625 0.7375 0.146875 0.7375 0.121875 0.74375 0.090625 0.765625 0.090625 0.76875 0.084375 0.775 0.084375 0.784375 0.08125 0.7875 0.08125 0.8 0.084375 0.803125
0 0.175 0.746875 0.190625 0.753125 0.203125 0.7375 0.2 0.725 0.1875 0.7125 0.175 0.70625 0.15 0.696875 0.1125 0.696875 0.10625 0.703125 0.10625 0.715625 0.121875 0.740625 0.175 0.746875
0 0.103125 0.759375 0.1125 0.75625 0.11875 0.75 0.125 0.753125 0.14375 0.746875 0.159375 0.746875 0.1625 0.74375 0.171875 0.746875 0.171875 0.740625 0.165625 0.725 0.15625 0.715625 0.140625 0.709375 0.125 0.696875 0.09375 0.696875 0.065625 0.709375 0.0625 0.715625 0.071875 0.725 0.071875 0.728125 0.103125 0.759375
0 0.034375 0.7625 0.0375 0.765625 0.071875 0.76875 0.078125 0.771875 0.084375 0.771875 0.09375 0.7625 0.10625 0.759375 0.115625 0.746875 0.115625 0.734375 0.109375 0.725 0.10625 0.725 0.1 0.71875 0.075 0.7125 0.05 0.7125 0.046875 0.715625 0.0375 0.715625 0.028125 0.71875 0.021875 0.725 0.009375 0.73125 0.00625 0.7375 0.00625 0.75 0.015625 0.759375 0.034375 0.7625