0 0.034375 0.4109375 0.02 0.42093749999999996 0.01875 0.436875 0.034687499999999996 0.4559375 0.05500000000000001 0.46656250000000005 0.0821875 0.475 0.0978125 0.46968750000000004 0.10500000000000001 0.4534375 0.10187500000000001 0.44343750000000004 0.083125 0.42781250000000004 0.0671875 0.4175 0.053125 0.4096875 0.034375 0.4109375
0 0.036875000000000005 0.44281249999999994 0.0203125 0.44718749999999996 0.011875 0.460625 0.0140625 0.480625 0.028437499999999998 0.505 0.0478125 0.5284375 0.0565625 0.535625 0.0684375 0.5353125000000001 0.07906250000000001 0.5231250000000001 0.080625 0.5090625 0.07781249999999999 0.491875 0.0725 0.476875 0.0671875 0.4625 0.0515625 0.4496875 0.036875000000000005 0.44281249999999994
0 0.0865625 0.4546875 0.07125000000000001 0.458125 0.0590625 0.4771875 0.06281250000000001 0.49874999999999997 0.0734375 0.5178125 0.0878125 0.5259375000000001 0.10500000000000001 0.5287499999999999 0.12125 0.5275000000000001 0.1271875 0.5228125 0.128125 0.5125 0.12593749999999998 0.4953125 0.11750000000000001 0.478125 0.10687500000000001 0.46375 0.0865625 0.4546875
0 0.0671875 0.48687500000000006 0.045625 0.47437500000000005 0.0309375 0.490625 0.026875 0.51 0.031875 0.53625 0.043125000000000004 0.556875 0.064375 0.56375 0.080625 0.5546875 0.080625 0.5465625000000001 0.07625 0.5165625 0.0671875 0.48687500000000006
0 0.0728125 0.5065625 0.0696875 0.5237499999999999 0.081875 0.5440625 0.09875 0.5615625 0.13374999999999998 0.5715625 0.1509375 0.5709375 0.1575 0.5584374999999999 0.14937499999999998 0.5296875 0.13468750000000002 0.5121875 0.11499999999999999 0.5015625 0.090625 0.49874999999999997 0.0728125 0.5065625
0 0.075625 0.53125 0.055625 0.545 0.064375 0.5734375 0.093125 0.5946875 0.11656249999999999 0.603125 0.14125000000000001 0.6078125 0.1559375 0.6028125 0.1578125 0.5759375 0.1328125 0.5587500000000001 0.11468750000000001 0.5459375 0.095 0.5337500000000001 0.075625 0.53125
0 0.1265625 0.6340625 0.1384375 0.6590625 0.15437499999999998 0.675 0.1975 0.6934375 0.21187499999999998 0.6840625 0.21187499999999998 0.67 0.20187499999999997 0.6484375 0.1853125 0.6265625 0.1675 0.6153125 0.1484375 0.6125 0.130625 0.6146874999999999 0.1265625 0.6340625
0 0.056874999999999995 0.63 0.0846875 0.6478125 0.1078125 0.6584375 0.1265625 0.6646875 0.13999999999999999 0.659375 0.140625 0.6390625 0.1325 0.6234375 0.128125 0.62 0.11875 0.6078125 0.0959375 0.5921875 0.0684375 0.5921875 0.052500000000000005 0.608125 0.056874999999999995 0.63
0 0.143125 0.6959375 0.1371875 0.724375 0.1390625 0.7578125 0.15812500000000002 0.770625 0.1775 0.764375 0.18812500000000001 0.744375 0.1915625 0.7309375 0.1996875 0.713125 0.1975 0.6928124999999999 0.18156250000000002 0.6756249999999999 0.16343749999999999 0.6775 0.143125 0.6959375
0 0.16625 0.7 0.1734375 0.735 0.18843749999999998 0.76125 0.2165625 0.7675 0.2346875 0.7621875 0.24 0.7409375 0.2403125 0.729375 0.2384375 0.711875 0.225 0.69375 0.20625 0.6803125 0.18031250000000001 0.6790625 0.16625 0.7
0 0.1940625 0.75125 0.203125 0.7849999999999999 0.22749999999999998 0.79875 0.25625 0.8040625 0.2678125 0.7984375 0.2684375 0.78 0.263125 0.7609375 0.24562499999999998 0.745 0.2203125 0.729375 0.20125 0.7328125 0.1940625 0.75125
0 0.16 0.8071875000000001 0.17124999999999999 0.829375 0.18875 0.8418749999999999 0.2325 0.8565625000000001 0.24874999999999997 0.85 0.2528125 0.835625 0.2525 0.8275 0.2446875 0.81875 0.22125 0.8 0.191875 0.7840625 0.1703125 0.7884375 0.16 0.8071875000000001
0 0.24312499999999998 0.8221875000000001 0.231875 0.8496874999999999 0.231875 0.865625 0.23875000000000002 0.883125 0.259375 0.8881249999999999 0.270625 0.8815625 0.27999999999999997 0.8643750000000001 0.29375 0.8403124999999999 0.29500000000000004 0.8324999999999999 0.3 0.8221875000000001 0.29312499999999997 0.8059375 0.2859375 0.7990625 0.2528125 0.8087500000000001 0.24312499999999998 0.8221875000000001
0 0.2496875 0.93 0.2778125 0.9334374999999999 0.3025 0.9246874999999999 0.32687499999999997 0.9090624999999999 0.33406250000000004 0.891875 0.333125 0.8809374999999999 0.3178125 0.86875 0.2640625 0.8724999999999999 0.23718750000000002 0.8865624999999999 0.2359375 0.9140625 0.2496875 0.93
0 0.30843750000000003 0.9099999999999999 0.2896875 0.9159375000000001 0.2703125 0.9303125 0.26187499999999997 0.960625 0.27156250000000004 0.9818749999999999 0.28875 0.984375 0.30656249999999996 0.978125 0.321875 0.968125 0.34249999999999997 0.9471875000000001 0.3453125 0.9271874999999999 0.33999999999999997 0.911875 0.3328125 0.9081250000000001 0.30843750000000003 0.9099999999999999
0 0.960509525 0.550382596875 0.9537385593750001 0.527167865625 0.931491109375 0.511691378125 0.909243659375 0.502985853125 0.898603571875 0.506854975 0.89763629375 0.5291024281250001 0.89473445 0.5339388281249999 0.909243659375 0.57166276875 0.931491109375 0.58713925625 0.9518039999999999 0.58713925625 0.960509525 0.550382596875