0 0.446875 0.334375 0.4625 0.34375 0.48125 0.35 0.484375 0.3375 0.478125 0.29375 0.45625 0.265625 0.43125 0.25 0.41875 0.25 0.415625 0.253125 0.415625 0.2875 0.425 0.315625 0.446875 0.334375
0 0.46875 0.290625 0.478125 0.29375 0.5 0.29375 0.50625 0.284375 0.50625 0.265625 0.5 0.253125 0.440625 0.215625 0.421875 0.20625 0.415625 0.20625 0.403125 0.21875 0.403125 0.225 0.41875 0.2625 0.46875 0.290625
0 0.47625 0.27125 0.47000000000000003 0.28531249999999997 0.4703125 0.3071875 0.48562500000000003 0.355 0.5015625 0.3728125 0.5118750000000001 0.3771875 0.525 0.3746875 0.533125 0.36375 0.5353125000000001 0.3390625 0.525 0.3040625 0.5134375 0.2784375 0.5040625000000001 0.26749999999999996 0.49375 0.2634375 0.48656249999999995 0.26375000000000004 0.47625 0.27125
0 0.5009375 0.280625 0.5075000000000001 0.304375 0.529375 0.33625 0.54875 0.34968750000000004 0.5671875 0.34968750000000004 0.575 0.334375 0.57375 0.30625 0.56125 0.2809375 0.5484375 0.27125 0.5321875 0.25968749999999996 0.5184375 0.259375 0.5053124999999999 0.2646875 0.5009375 0.280625
0 0.5284375 0.3128125 0.525 0.344375 0.5321875 0.3834375 0.5509375000000001 0.40031249999999996 0.5706249999999999 0.39718749999999997 0.5815625 0.381875 0.5790625 0.3603125 0.57125 0.325625 0.5584374999999999 0.3096875 0.5375 0.29812500000000003 0.5284375 0.3128125
0 0.5625 0.296875 0.563125 0.32687499999999997 0.566875 0.3671875 0.584375 0.385625 0.6021875 0.385625 0.6165625 0.3703125 0.615625 0.334375 0.6140625 0.315 0.604375 0.29812500000000003 0.5871875 0.28375 0.5703125 0.284375 0.5625 0.296875
0 0.6078125 0.396875 0.6075 0.42437500000000006 0.6209374999999999 0.43875000000000003 0.6390625 0.4425 0.6534375 0.4259375 0.6615624999999999 0.409375 0.66625 0.383125 0.663125 0.3625 0.6459374999999999 0.36312500000000003 0.6078125 0.396875
0 0.60625 0.344375 0.609375 0.37625000000000003 0.6224999999999999 0.4046875 0.64375 0.4046875 0.6571875 0.3878125 0.661875 0.355 0.661875 0.3415625 0.6621875 0.339375 0.6537499999999999 0.323125 0.63375 0.308125 0.615 0.315 0.60625 0.344375
0 0.5700000000000001 0.4025 0.5834374999999999 0.4203125 0.603125 0.421875 0.62 0.39656250000000004 0.6196875000000001 0.36843750000000003 0.6184375 0.35562499999999997 0.6075 0.335625 0.5796875 0.334375 0.569375 0.3596875 0.5700000000000001 0.4025
0 0.6537499999999999 0.353125 0.6503125 0.3934375 0.653125 0.42281250000000004 0.6743750000000001 0.42718749999999994 0.694375 0.4125 0.7056250000000001 0.39187500000000003 0.711875 0.3725 0.7025 0.34750000000000003 0.6875 0.33781249999999996 0.670625 0.33468749999999997 0.6537499999999999 0.353125
0 0.70625 0.45906250000000004 0.7325 0.44312500000000005 0.7446875000000001 0.40374999999999994 0.7459374999999999 0.3796875 0.73625 0.36375 0.716875 0.356875 0.69875 0.3646875 0.6915625000000001 0.40093750000000006 0.6865625 0.44000000000000006 0.70625 0.45906250000000004
0 0.7440625 0.3834375 0.7353125 0.39656250000000004 0.7284375 0.43156249999999996 0.728125 0.4490625 0.74125 0.4609375 0.7571875 0.464375 0.7740625 0.4484375 0.7821875 0.4175 0.7815624999999999 0.4028125 0.7803125 0.3928125 0.77125 0.3828125 0.7603125000000001 0.3784375 0.7440625 0.3834375
0 0.7053125 0.3975 0.686875 0.4371875 0.684375 0.469375 0.7015625 0.48562500000000003 0.7171875 0.4809375 0.7334375 0.45531249999999995 0.7384375000000001 0.43062500000000004 0.7396874999999999 0.403125 0.725625 0.3959375 0.7053125 0.3975
0 0.6487499999999999 0.42406249999999995 0.650625 0.453125 0.6696875 0.46343750000000006 0.6903125 0.45406250000000004 0.701875 0.41937499999999994 0.7028125000000001 0.4 0.70375 0.3796875 0.68625 0.3675 0.6640625 0.3775 0.6487499999999999 0.42406249999999995
0 0.743125 0.428125 0.729375 0.453125 0.7228125000000001 0.4828125 0.729375 0.5 0.7503124999999999 0.503125 0.7728125 0.48187499999999994 0.7803125 0.4671875 0.7809375000000001 0.44406249999999997 0.7725 0.4259375 0.7553124999999999 0.42125 0.743125 0.428125
0 0.7703125 0.4175 0.7665625 0.449375 0.7693749999999999 0.47906250000000006 0.79875 0.47750000000000004 0.813125 0.4575 0.8175000000000001 0.4403125 0.8196875 0.4184375 0.8040625 0.4034375 0.7875 0.4021875 0.7703125 0.4175
0 0.80375 0.46781249999999996 0.81875 0.4871875 0.838125 0.48656249999999995 0.85 0.46687500000000004 0.8578125 0.44281249999999994 0.8481249999999999 0.4246875 0.8275 0.415625 0.81125 0.434375 0.80375 0.46781249999999996
0 0.8046875 0.4771875 0.796875 0.52125 0.819375 0.5334375 0.84375 0.525 0.85 0.49093749999999997 0.8509375 0.4684375 0.8393750000000001 0.44875 0.8143750000000001 0.4525 0.8046875 0.4771875
0 0.8456250000000001 0.475 0.8471875000000001 0.5146875 0.8646874999999999 0.5231250000000001 0.8878125000000001 0.5037499999999999 0.8965624999999999 0.48343749999999996 0.899375 0.47531249999999997 0.8881249999999999 0.45406250000000004 0.8646874999999999 0.43843750000000004 0.85125 0.4421875 0.8456250000000001 0.475
0 0.9346875000000001 0.526875 0.9393750000000001 0.5565625 0.9540625 0.5640625 0.9709375 0.5571875000000001 0.99 0.5403125 0.9921875 0.5181250000000001 0.9800000000000001 0.504375 0.9621875 0.4996875 0.944375 0.5034375 0.9346875000000001 0.526875
0 0.9284375 0.5665625000000001 0.9253125000000001 0.5896874999999999 0.9331250000000001 0.6090625000000001 0.95625 0.6140625 0.978125 0.59875 0.9875 0.5771875 0.9828125 0.5587500000000001 0.9709375 0.5490625 0.9490624999999999 0.5493750000000001 0.9284375 0.5665625000000001
0 0.9037499999999999 0.5690625 0.9184374999999999 0.5765625 0.94375 0.57375 0.9528125 0.5571875000000001 0.951875 0.5321875 0.938125 0.525625 0.9159375000000001 0.530625 0.9012499999999999 0.5490625 0.9037499999999999 0.5690625