0 0.59375 0.35 0.609375 0.33125 0.609375 0.31875 0.6 0.30625 0.571875 0.296875 0.525 0.296875 0.50625 0.30625 0.503125 0.3125 0.503125 0.325 0.5875 0.353125 0.59375 0.35
0 0.571875 0.3875 0.58125 0.378125 0.5875 0.3625 0.5875 0.353125 0.578125 0.34375 0.521875 0.325 0.496875 0.325 0.490625 0.328125 0.478125 0.34375 0.475 0.353125 0.478125 0.35625 0.5625 0.390625 0.571875 0.3875
0 0.559375 0.409375 0.5625 0.4 0.559375 0.390625 0.55 0.384375 0.484375 0.35625 0.478125 0.35625 0.465625 0.3625 0.45625 0.371875 0.45 0.3875 0.534375 0.428125 0.540625 0.428125 0.559375 0.409375
0 0.515625 0.4625 0.528125 0.453125 0.5375 0.434375 0.5375 0.428125 0.53125 0.421875 0.4625 0.3875 0.446875 0.3875 0.4375 0.396875 0.43125 0.409375 0.43125 0.41875 0.49375 0.459375 0.515625 0.4625
0 0.4875 0.5 0.5 0.490625 0.509375 0.465625 0.4625 0.434375 0.434375 0.41875 0.425 0.41875 0.409375 0.434375 0.40625 0.45 0.434375 0.471875 0.48125 0.5 0.4875 0.5
0 0.4625 0.534375 0.478125 0.521875 0.484375 0.509375 0.48125 0.5 0.453125 0.475 0.415625 0.45625 0.4 0.45625 0.390625 0.465625 0.3875 0.471875 0.3875 0.48125 0.45 0.534375 0.4625 0.534375
0 0.409375 0.56875 0.421875 0.575 0.434375 0.575 0.44375 0.559375 0.453125 0.553125 0.45 0.534375 0.4375 0.515625 0.39375 0.484375 0.384375 0.484375 0.371875 0.496875 0.359375 0.5125 0.371875 0.534375 0.384375 0.55 0.409375 0.56875
0 0.4125 0.603125 0.428125 0.590625 0.43125 0.58125 0.425 0.571875 0.38125 0.553125 0.340625 0.546875 0.321875 0.5625 0.31875 0.575 0.325 0.5875 0.396875 0.603125 0.4125 0.603125
0 0.353125 0.640625 0.38125 0.634375 0.396875 0.621875 0.403125 0.609375 0.38125 0.59375 0.340625 0.5875 0.315625 0.5875 0.296875 0.59375 0.284375 0.6125 0.28125 0.621875 0.29375 0.63125 0.3375 0.640625 0.353125 0.640625
0 0.34375 0.690625 0.3625 0.678125 0.36875 0.6625 0.365625 0.653125 0.359375 0.646875 0.35 0.64375 0.284375 0.628125 0.275 0.6375 0.265625 0.65625 0.26875 0.659375 0.29375 0.671875 0.34375 0.690625
0 0.309375 0.728125 0.328125 0.725 0.340625 0.703125 0.340625 0.69375 0.3375 0.690625 0.271875 0.6625 0.2625 0.659375 0.24375 0.66875 0.2375 0.69375 0.246875 0.703125 0.2875 0.721875 0.309375 0.728125
0 0.3125 0.75 0.31875 0.734375 0.31875 0.73125 0.2875 0.715625 0.23125 0.69375 0.215625 0.715625 0.2125 0.7375 0.246875 0.75625 0.296875 0.771875 0.3125 0.75
0 0.265625 0.80625 0.275 0.80625 0.28125 0.803125 0.290625 0.7875 0.290625 0.771875 0.2875 0.76875 0.221875 0.734375 0.209375 0.734375 0.203125 0.7375 0.19375 0.75 0.190625 0.759375 0.19375 0.778125 0.21875 0.790625 0.265625 0.80625
0 0.24375 0.8375 0.253125 0.8375 0.2625 0.828125 0.265625 0.828125 0.271875 0.815625 0.271875 0.809375 0.2625 0.803125 0.2 0.78125 0.190625 0.7875 0.178125 0.8125 0.178125 0.815625 0.184375 0.821875 0.24375 0.8375
0 0.17124999999999999 0.8309374999999999 0.1653125 0.851875 0.17124999999999999 0.8637499999999999 0.18937500000000002 0.87625 0.2184375 0.881875 0.2375 0.87625 0.2453125 0.8640625 0.24874999999999997 0.851875 0.24874999999999997 0.8390625 0.231875 0.829375 0.2071875 0.8228125000000001 0.184375 0.8225 0.17124999999999999 0.8309374999999999
0 0.1759375 0.8634375000000001 0.16 0.881875 0.1546875 0.8943749999999999 0.15625 0.911875 0.168125 0.9237500000000001 0.1871875 0.925 0.20750000000000002 0.91875 0.2246875 0.9040625 0.22781250000000003 0.8975 0.22781250000000003 0.8840625 0.2228125 0.8734375 0.20406249999999998 0.8612500000000001 0.1853125 0.8596875 0.1759375 0.8634375000000001
0 0.1375 0.90625 0.12468749999999999 0.9243750000000001 0.12156249999999999 0.9403124999999999 0.12562500000000001 0.959375 0.1384375 0.971875 0.1665625 0.9746874999999999 0.185 0.963125 0.195625 0.9481249999999999 0.19875 0.93875 0.20218750000000002 0.925 0.195 0.9121874999999999 0.1753125 0.9003125000000001 0.1525 0.8965624999999999 0.1375 0.90625