0 0.6912499999999999 0.7134375000000001 0.6815625 0.7212500000000001 0.6759375000000001 0.735625 0.6725 0.7553124999999999 0.67625 0.7784375 0.68625 0.796875 0.6965625 0.811875 0.7056250000000001 0.8143750000000001 0.7196875 0.809375 0.73 0.795625 0.7346874999999999 0.779375 0.7346874999999999 0.7665625 0.7359375 0.7496875000000001 0.7290625000000001 0.7306250000000001 0.7178125 0.719375 0.7056250000000001 0.7115625 0.6912499999999999 0.7134375000000001
0 0.618125 0.7209375 0.6096874999999999 0.7309375 0.60875 0.75125 0.6215625 0.7737499999999999 0.6431250000000001 0.7903125 0.6678124999999999 0.7996875 0.6871875000000001 0.7993750000000001 0.6915625000000001 0.78625 0.6946875 0.7628125 0.6778125 0.740625 0.66125 0.725625 0.63125 0.71875 0.618125 0.7209375
0 0.6381249999999999 0.6799999999999999 0.6384375 0.70625 0.6525000000000001 0.72875 0.6753125 0.7424999999999999 0.6925 0.7415625 0.698125 0.7253125 0.6978125000000001 0.7096875 0.6940625 0.6950000000000001 0.67875 0.67625 0.6578125 0.6678124999999999 0.6381249999999999 0.6799999999999999
0 0.579375 0.65625 0.569375 0.6765625 0.5706249999999999 0.7015625 0.5784374999999999 0.72 0.5971875 0.734375 0.619375 0.72875 0.624375 0.7134375000000001 0.625 0.6950000000000001 0.621875 0.6743750000000001 0.6084375 0.651875 0.5940624999999999 0.6487499999999999 0.579375 0.65625
0 0.604375 0.6428125 0.5996875 0.6640625 0.603125 0.69375 0.61875 0.7125 0.6375 0.7178125 0.655 0.7021875 0.659375 0.6840625 0.66125 0.6715625000000001 0.66625 0.6575 0.6575 0.6390625 0.6415625 0.629375 0.621875 0.6296875 0.604375 0.6428125
0 0.578125 0.5609375 0.5646875 0.5640625 0.5565625 0.5759375 0.5575 0.5978125000000001 0.560625 0.6178125 0.5740624999999999 0.6375 0.5953125 0.6509375000000001 0.61875 0.6490625 0.63 0.6368750000000001 0.6309375 0.6203125 0.6184375 0.5974999999999999 0.6056250000000001 0.579375 0.5909375 0.5628124999999999 0.578125 0.5609375
0 0.47437500000000005 0.5565625 0.4765625 0.5775 0.4878125 0.5984375 0.50875 0.6196875000000001 0.5328125 0.6265625 0.55125 0.6134375000000001 0.5515625 0.594375 0.5515625 0.5928125 0.5528125 0.5815625 0.5415625000000001 0.5609375 0.505 0.5403125 0.4828125 0.54375 0.47437500000000005 0.5565625
0 0.53125 0.6221875 0.52625 0.6490625 0.5284375 0.670625 0.54875 0.6915625000000001 0.5684375 0.6940625 0.586875 0.675 0.589375 0.6590625 0.591875 0.6481250000000001 0.58375 0.6315625 0.5665625000000001 0.615625 0.545 0.6125 0.53125 0.6221875
0 0.4965625 0.52 0.49906249999999996 0.5409375 0.5178125 0.5599999999999999 0.5440625 0.5709375 0.57125 0.5715625 0.5753125 0.553125 0.575 0.548125 0.5696875 0.54125 0.5543750000000001 0.52 0.5334375 0.5084375 0.5115624999999999 0.5090625 0.4965625 0.52
0 0.49468750000000006 0.4653125 0.488125 0.4815625 0.488125 0.505625 0.49312500000000004 0.529375 0.5078125 0.545 0.534375 0.5471874999999999 0.541875 0.531875 0.5428124999999999 0.5234375 0.5428124999999999 0.5181250000000001 0.5371875 0.49468750000000006 0.5275000000000001 0.47531249999999997 0.5125 0.4625 0.49468750000000006 0.4653125
0 0.44875 0.4921875 0.44312500000000005 0.51625 0.4453125 0.5446875 0.4534375 0.5615625 0.4846875 0.5634375 0.4984375 0.5446875 0.5037499999999999 0.5184375 0.5065625 0.49343750000000003 0.5009375 0.47781250000000003 0.495 0.464375 0.4771875 0.46218750000000003 0.4609375 0.47125000000000006 0.44875 0.4921875
0 0.4175 0.47093749999999995 0.41375 0.490625 0.41156249999999994 0.5153125000000001 0.418125 0.530625 0.4346875 0.5371875 0.45562500000000006 0.5278125 0.465625 0.51125 0.46687500000000004 0.499375 0.46875 0.4921875 0.47062499999999996 0.479375 0.4640625 0.46749999999999997 0.45062499999999994 0.458125 0.4296875 0.45968749999999997 0.4175 0.47093749999999995
0 0.43156249999999996 0.4259375 0.43125 0.44375 0.4403125 0.4603125 0.45625 0.471875 0.48343749999999996 0.47843749999999996 0.49781250000000005 0.4703125 0.5025000000000001 0.4565625 0.5015625 0.44343750000000004 0.4915625 0.42718749999999994 0.476875 0.41624999999999995 0.46218750000000003 0.4103125 0.445625 0.414375 0.43156249999999996 0.4259375
0 0.38625 0.45406250000000004 0.3834375 0.46781249999999996 0.395 0.47906250000000006 0.4096875 0.488125 0.43875000000000003 0.491875 0.4646875 0.48875 0.4671875 0.4715625 0.465625 0.460625 0.4571875 0.45125000000000004 0.45062499999999994 0.4415625 0.4296875 0.43656249999999996 0.41624999999999995 0.43562500000000004 0.395625 0.44125 0.38625 0.45406250000000004
0 0.409375 0.3896875 0.414375 0.4078125 0.4290625 0.42437500000000006 0.4484375 0.4359375 0.4653125 0.434375 0.4690625 0.418125 0.46781249999999996 0.40406250000000005 0.46781249999999996 0.395625 0.45906250000000004 0.379375 0.43624999999999997 0.3596875 0.41624999999999995 0.36062500000000003 0.409375 0.3725 0.409375 0.3896875
0 0.3775 0.41187500000000005 0.375 0.42843749999999997 0.3746875 0.44749999999999995 0.38687499999999997 0.4571875 0.40093750000000006 0.458125 0.4190625 0.4528125 0.42718749999999994 0.441875 0.43093750000000003 0.4246875 0.43187499999999995 0.416875 0.43531250000000005 0.405625 0.4246875 0.396875 0.40625 0.395 0.3890625 0.40062499999999995 0.3775 0.41187500000000005
0 0.42374999999999996 0.34968750000000004 0.40750000000000003 0.346875 0.3934375 0.355 0.3771875 0.366875 0.36531250000000004 0.383125 0.3565625 0.40125 0.3584375 0.41531250000000003 0.3715625 0.42374999999999996 0.385 0.42093749999999996 0.40374999999999994 0.41 0.414375 0.3978125 0.429375 0.375 0.4296875 0.3640625 0.4296875 0.3578125 0.42374999999999996 0.34968750000000004
0 0.31656249999999997 0.311875 0.30375 0.319375 0.3025 0.335625 0.30656249999999996 0.3509375 0.31656249999999997 0.36312500000000003 0.335625 0.379375 0.35875 0.3875 0.3734375 0.3875 0.3828125 0.37906249999999997 0.384375 0.3715625 0.384375 0.35875 0.37374999999999997 0.3421875 0.35531250000000003 0.32437499999999997 0.33625 0.31625000000000003 0.31656249999999997 0.311875
0 0.340625 0.3515625 0.349375 0.36343749999999997 0.36625 0.36843750000000003 0.3878125 0.36593749999999997 0.41 0.3584375 0.42125 0.34125 0.421875 0.3290625 0.418125 0.31375000000000003 0.4065625 0.30843750000000003 0.39187500000000003 0.30375 0.36625 0.305625 0.353125 0.315 0.3446875 0.33187500000000003 0.340625 0.3515625
0 0.281875 0.2815625 0.2803125 0.2996875 0.2896875 0.313125 0.3078125 0.3159375 0.3359375 0.30625 0.35812499999999997 0.288125 0.37124999999999997 0.273125 0.37374999999999997 0.254375 0.3696875 0.24093749999999997 0.35281250000000003 0.2325 0.3315625 0.234375 0.309375 0.2459375 0.2884375 0.26156250000000003 0.281875 0.2815625
0 0.31375000000000003 0.29874999999999996 0.31124999999999997 0.3178125 0.3275 0.32625000000000004 0.35031249999999997 0.32625000000000004 0.3728125 0.32125 0.388125 0.315 0.3915625 0.30125 0.393125 0.28781249999999997 0.393125 0.28250000000000003 0.384375 0.2740625 0.3665625 0.270625 0.350625 0.273125 0.3296875 0.28312499999999996 0.31375000000000003 0.29874999999999996
0 0.3003125 0.21031249999999999 0.30093749999999997 0.22999999999999998 0.3075 0.2475 0.3296875 0.24906250000000002 0.3471875 0.2425 0.356875 0.230625 0.35750000000000004 0.216875 0.34375 0.2053125 0.32625000000000004 0.1990625 0.30874999999999997 0.2009375 0.3003125 0.21031249999999999
0 0.25656249999999997 0.2646875 0.26875 0.2765625 0.28531249999999997 0.276875 0.3003125 0.27125 0.31 0.256875 0.3096875 0.244375 0.29874999999999996 0.22999999999999998 0.276875 0.22718750000000001 0.265 0.234375 0.2534375 0.246875 0.25656249999999997 0.2646875
0 0.225 0.230625 0.23312499999999997 0.24281250000000001 0.2509375 0.2496875 0.271875 0.2453125 0.290625 0.23156249999999998 0.299375 0.21187499999999998 0.2996875 0.19343749999999998 0.296875 0.1809375 0.281875 0.1753125 0.26437499999999997 0.17875000000000002 0.24343750000000003 0.19 0.2303125 0.20875 0.225 0.230625
0 0.25906250000000003 0.20031249999999998 0.2609375 0.22000000000000003 0.28125 0.23156249999999998 0.30375 0.22718750000000001 0.319375 0.20656249999999998 0.32375 0.1909375 0.3253125 0.1771875 0.32156250000000003 0.1628125 0.30593750000000003 0.1565625 0.2875 0.1603125 0.2684375 0.176875 0.25906250000000003 0.20031249999999998
0 0.20968749999999997 0.1515625 0.1953125 0.175 0.1975 0.19375 0.20750000000000002 0.20593750000000002 0.22562500000000002 0.2090625 0.2509375 0.1984375 0.2603125 0.1834375 0.2653125 0.173125 0.26937500000000003 0.146875 0.2665625 0.13218749999999999 0.25656249999999997 0.12437499999999999 0.2240625 0.1328125 0.20968749999999997 0.1515625
0 0.259375 0.1371875 0.2446875 0.14937499999999998 0.2346875 0.1684375 0.23718750000000002 0.183125 0.25375000000000003 0.18812500000000001 0.275625 0.18375 0.29375 0.170625 0.296875 0.165625 0.3025 0.15 0.30062500000000003 0.1384375 0.29281250000000003 0.1315625 0.27468750000000003 0.1315625 0.259375 0.1371875
0 0.2109375 0.0975 0.2140625 0.1134375 0.221875 0.1271875 0.2396875 0.1409375 0.260625 0.15031250000000002 0.278125 0.1446875 0.28312499999999996 0.128125 0.2790625 0.1140625 0.275 0.10500000000000001 0.2665625 0.0965625 0.255625 0.08499999999999999 0.23156249999999998 0.076875 0.216875 0.08 0.2109375 0.0975
0 0.17906249999999999 0.134375 0.1796875 0.1521875 0.19 0.1684375 0.20812499999999998 0.17625 0.22625 0.1675 0.2325 0.1521875 0.23781249999999998 0.1409375 0.234375 0.13 0.22156250000000002 0.11968749999999999 0.2078125 0.1109375 0.1871875 0.11625 0.17906249999999999 0.134375
0 0.16 0.09 0.1546875 0.10906249999999999 0.15625 0.12593749999999998 0.170625 0.1359375 0.1940625 0.13 0.2109375 0.1125 0.22156250000000002 0.09 0.2228125 0.0678125 0.2240625 0.063125 0.2228125 0.05125 0.215 0.044375 0.20125 0.050937500000000004 0.170625 0.07375000000000001 0.16 0.09
0 0.2125 0.0403125 0.1975 0.0475 0.18656250000000002 0.065625 0.184375 0.08499999999999999 0.184375 0.10500000000000001 0.1875 0.12062500000000001 0.19593750000000001 0.12625 0.2125 0.12875 0.228125 0.11937500000000001 0.23500000000000001 0.10406249999999999 0.236875 0.0921875 0.238125 0.079375 0.2396875 0.0640625 0.236875 0.0515625 0.226875 0.041875 0.2125 0.0403125
0 0.14937499999999998 0.041875 0.13968750000000002 0.06218749999999999 0.1371875 0.08687500000000001 0.1440625 0.099375 0.16 0.10218750000000001 0.18156250000000002 0.09 0.19375 0.0734375 0.1990625 0.0521875 0.20750000000000002 0.0396875 0.20750000000000002 0.0375 0.21000000000000002 0.015625 0.19468749999999999 0.0040625 0.1821875 0.0071874999999999994 0.16625 0.018125 0.14937499999999998 0.041875
0 0.103125 0.040625 0.113125 0.0565625 0.12375 0.0653125 0.1371875 0.0625 0.1603125 0.039375 0.1596875 0.025937500000000002 0.155 0.0165625 0.14906250000000001 0.010312499999999999 0.135 0.0075 0.11937500000000001 0.0043749999999999995 0.1109375 0.010624999999999999 0.103125 0.026250000000000002 0.103125 0.040625