0 0.1708080875 0.1437603875 0.143019353125 0.15154123125000002 0.13746160624999998 0.1708080875 0.143019353125 0.19822630624999998 0.15969259375 0.21452903124999997 0.18525823125000002 0.22379194062500002 0.21082386562500002 0.22490349062499998 0.22638555624999998 0.22156884375 0.2434293125 0.21119438124999998 0.2467639625 0.198596821875 0.248987059375 0.180071 0.23601898437500002 0.167473440625 0.22230987500000002 0.156357946875 0.1989673375 0.146354 0.1708080875 0.1437603875
0 0.22527400625 0.1871108125 0.2174931625 0.20823025 0.22453297499999997 0.22749710625000003 0.24305879687499998 0.24120621562500003 0.2656603 0.24491138124999998 0.28011044375 0.24305879687499998 0.29122593750000003 0.230831753125 0.294560584375 0.22119832499999997 0.2971542 0.204525084375 0.280851475 0.19007494375 0.26343720312499996 0.18118255 0.23898311562500002 0.180441515625 0.22527400625 0.1871108125
0 0.27788734375 0.2152700625 0.2656603 0.223421425 0.26269616875 0.2386126 0.27121805 0.257508940625 0.294560584375 0.26454875312500004 0.319755703125 0.26454875312500004 0.34235720937499997 0.241947246875 0.337169978125 0.225644525 0.32234931875 0.213787996875 0.30345298125000003 0.21304696562499997 0.27788734375 0.2152700625
0 0.307899178125 0.253062740625 0.305676078125 0.26973598125 0.32160828750000003 0.287891290625 0.340504625 0.29048490312499997 0.3579189 0.29159645312500004 0.37385110625 0.29048490312499997 0.3871897 0.28011044375 0.38904228125 0.26269616875 0.36977542812499997 0.249357578125 0.3531021875 0.24231776562500001 0.323090353125 0.241947246875 0.307899178125 0.253062740625
0 0.42387083125 0.286779740625 0.40867965625 0.27529372812499997 0.3871897 0.274552696875 0.36903439374999997 0.275664246875 0.35273166875 0.28122199375 0.3497675375 0.29826575 0.352361153125 0.31197485937499997 0.36051251562500003 0.321978803125 0.376444721875 0.331241715625 0.396823128125 0.3345763625 0.41942463124999996 0.331241715625 0.430540125 0.31864415625000003 0.43202219062499997 0.30641711250000003 0.43202219062499997 0.30011833125 0.42387083125 0.286779740625
0 0.43572735625 0.313827440625 0.41497843437500004 0.31827363750000004 0.40423345624999996 0.32716603437499997 0.40571552187500004 0.33976359375 0.42535289687500005 0.36384716250000004 0.43869148750000003 0.370886975 0.46018144375 0.371628009375 0.47648416562499996 0.355325284375 0.476854684375 0.33679946250000004 0.465739190625 0.323090353125 0.45277111249999996 0.315680025 0.43572735625 0.313827440625
0 0.492416375 0.35495476875 0.49093430937500004 0.374592140625 0.502790834375 0.39274744687499996 0.522798725 0.401269325 0.544659196875 0.39756416250000004 0.5520695250000001 0.38311401875 0.55392210625 0.376815240625 0.5568862375 0.359400965625 0.550957975 0.34902650625 0.525021821875 0.34569185625 0.502790834375 0.346062371875 0.492416375 0.35495476875
0 0.68026821875 0.52576285625 0.67656305625 0.5428066125 0.693977328125 0.5602208875 0.716578834375 0.567631215625 0.75029583125 0.56911328125 0.765857521875 0.5672607000000001 0.782160246875 0.552440040625 0.7836423124999999 0.535396284375 0.782901278125 0.524280790625 0.7762319843750001 0.516129428125 0.754742028125 0.5109421968750001 0.7228776125 0.511312715625 0.7002761093750001 0.516129428125 0.68026821875 0.52576285625
0 0.8166182781250001 0.5839339406249999 0.79957451875 0.5668901843749999 0.7766025 0.560591403125 0.7436265343749999 0.562814503125 0.7206545125 0.5724479312499999 0.721395546875 0.58652755625 0.7391803375 0.5991251156249999 0.7628933906250001 0.610240609375 0.79142315625 0.616168871875 0.8225465406250001 0.6143162906249999 0.817359309375 0.607276478125 0.81810034375 0.6013482125 0.8166182781250001 0.5839339406249999
0 0.6962004281249999 0.529097503125 0.71991348125 0.526503890625 0.74325601875 0.513165296875 0.74696118125 0.49093430937500004 0.729917425 0.473520034375 0.708056953125 0.4724084875 0.693236296875 0.47426106875 0.6561846499999999 0.48389449687499997 0.6446986406249999 0.503161353125 0.6487743218750001 0.52094614375 0.671005309375 0.529468021875 0.6962004281249999 0.529097503125
0 0.52798595625 0.437209421875 0.56837225 0.43757993749999996 0.586898071875 0.42350031250000003 0.589121171875 0.399046228125 0.581710840625 0.383855053125 0.567631215625 0.3801498875 0.5528105562500001 0.379408853125 0.518352528125 0.38237298750000004 0.50760755 0.3942295125 0.500938253125 0.41868359999999993 0.52798595625 0.437209421875
0 0.548364359375 0.41386688437499997 0.545400228125 0.43609787187500004 0.562443984375 0.454253178125 0.606164928125 0.46425712499999994 0.628395915625 0.4561057625 0.635435728125 0.431281159375 0.635435728125 0.42053618125 0.628395915625 0.40275139062500004 0.6013482125 0.398675709375 0.57948774375 0.39719364375 0.559479853125 0.400157775 0.548364359375 0.41386688437499997