0 0.74094886875 0.38955748749999997 0.738316721875 0.41456286562500005 0.7633221031249999 0.43562002812499995 0.7843792625 0.43430395624999996 0.819913225 0.38955748749999997 0.8212292968750001 0.369816396875 0.8185971500000001 0.34875923750000004 0.793591771875 0.336914584375 0.77516675625 0.342178875 0.75410959375 0.36718425312499997 0.74094886875 0.38955748749999997
0 0.7685863937499999 0.35139138124999997 0.767270321875 0.38166105 0.787011409375 0.40403428437500005 0.8185971500000001 0.40008606875 0.8449186031249999 0.36718425312499997 0.8475507468749999 0.35797174374999996 0.8475507468749999 0.33428243750000003 0.83570609375 0.313225278125 0.814648934375 0.31190920312500003 0.787011409375 0.32901814687500003 0.7685863937499999 0.35139138124999997
0 0.724064946875 0.344465115625 0.717907315625 0.36402465 0.717545103125 0.381773115625 0.723702734375 0.394812803125 0.7410889875 0.39589944374999997 0.757388596875 0.3897418125 0.7751370625 0.376339909375 0.779845840625 0.3604025125 0.780208053125 0.342291834375 0.77694813125 0.333598709375 0.76861721875 0.327441078125 0.758113025 0.3263544375 0.7461599750000001 0.32816550312500004 0.733844715625 0.333598709375 0.724064946875 0.344465115625
0 0.698709996875 0.3984349375 0.688568015625 0.419805540625 0.6907413 0.43610515000000005 0.700158853125 0.45168033437500005 0.716820675 0.45530247187499995 0.7371046375 0.437191790625 0.7425378406250001 0.41618340312499996 0.74326226875 0.403143715625 0.74724661875 0.390466240625 0.73891570625 0.373804415625 0.72696265625 0.374166628125 0.713198540625 0.38285975625 0.698709996875 0.3984349375
0 0.6791504625 0.374166628125 0.675528328125 0.39155288125 0.678063821875 0.4107502 0.6900168718749999 0.42089218125 0.7121119 0.4143723375 0.7218916656250001 0.399521578125 0.731671434375 0.3814109 0.732395859375 0.369820065625 0.73130921875 0.360764725 0.7244271624999999 0.35207160000000004 0.7099386187500001 0.35207160000000004 0.691827940625 0.35859144375 0.6791504625 0.374166628125
0 0.619385221875 0.42741202500000003 0.6371336875 0.43791621875000003 0.6657485624999999 0.43320744375000003 0.68494588125 0.41908111249999996 0.691827940625 0.399159365625 0.692552365625 0.386481890625 0.687843590625 0.380324259375 0.667559628125 0.376702125 0.646189028125 0.38358418125 0.62626728125 0.40060822187499995 0.619385221875 0.42741202500000003
0 0.62626728125 0.4277742375 0.6168497281249999 0.45168033437500005 0.625180640625 0.46725551875000004 0.662488640625 0.474137578125 0.692552365625 0.46435780937500004 0.69798556875 0.451318121875 0.69798556875 0.43755400624999996 0.69762335625 0.43791621875000003 0.686032521875 0.419443328125 0.6664729875 0.41763225937500004 0.6443779593750001 0.41908111249999996 0.62626728125 0.4277742375
0 0.625542853125 0.48500398437500003 0.640393609375 0.49876810000000005 0.656693221875 0.506012371875 0.67878825 0.504201303125 0.69363900625 0.48681505312500006 0.700521065625 0.45964903437500004 0.6911035125 0.45856239375 0.675528328125 0.45023148125 0.6483623093750001 0.45059369374999997 0.6324249125 0.46399559687499997 0.625542853125 0.48500398437500003
0 0.581352796875 0.48826390625 0.58062836875 0.511807790625 0.598376834375 0.526296334375 0.6157630875 0.524485265625 0.639669184375 0.503839090625 0.6483623093750001 0.48826390625 0.646551240625 0.47594864374999996 0.636047046875 0.45856239375 0.61829858125 0.45675132500000004 0.598376834375 0.46616887812499996 0.581352796875 0.48826390625
0 0.541509303125 0.455664684375 0.541147090625 0.47087765625 0.5581711281249999 0.48681505312500006 0.594030271875 0.4904371875 0.606707746875 0.47558643125 0.607432175 0.45638911249999997 0.607432175 0.443349421875 0.5947547 0.432120803125 0.58026615625 0.42958530625 0.562517690625 0.43682957812499995 0.541509303125 0.455664684375
0 0.5230364093750001 0.467979946875 0.5154299250000001 0.48355513125 0.5183276343750001 0.503839090625 0.5360761 0.51724099375 0.5570844875 0.5226741968749999 0.574470740625 0.5255719062499999 0.5885970687500001 0.522311984375 0.595841340625 0.50891008125 0.5951169125 0.502028021875 0.596203553125 0.490074975 0.577368446875 0.47449979062500003 0.555997846875 0.46544445 0.539336021875 0.46399559687499997 0.5230364093750001 0.467979946875
0 0.5070990125 0.525209690625 0.50456351875 0.545855865625 0.511445575 0.564328759375 0.5317295375 0.570486390625 0.552737925 0.562517690625 0.564328759375 0.5494780031250001 0.56795089375 0.534989459375 0.573384096875 0.524847478125 0.5574467000000001 0.5125322156250001 0.5396982343750001 0.5110833625 0.518689846875 0.514705496875 0.5070990125 0.525209690625
0 0.47015322812499993 0.5277451875 0.47015322812499993 0.55346235 0.47667307187499997 0.56795089375 0.49659481875000006 0.5697619625 0.5092722937499999 0.552013496875 0.5183276343750001 0.52955625625 0.52158755625 0.507461228125 0.518689846875 0.490074975 0.511445575 0.47667307187499997 0.49442153749999995 0.480657421875 0.47920856875 0.495145965625 0.47015322812499993 0.5277451875
0 0.44407385 0.562517690625 0.44153835625 0.583526078125 0.45059369374999997 0.5947547 0.469791015625 0.598014621875 0.485366196875 0.58425050625 0.48971276250000007 0.56758868125 0.48500398437500003 0.566864253125 0.483192915625 0.554186778125 0.47123986875 0.547666934375 0.455664684375 0.55056464375 0.44407385 0.562517690625
0 0.42958530625 0.536800528125 0.430671946875 0.5574467000000001 0.447333771875 0.56795089375 0.467979946875 0.55961998125 0.47594864374999996 0.5404226624999999 0.47594864374999996 0.5154299250000001 0.48029520937500003 0.514343284375 0.47123986875 0.503839090625 0.45385361562500004 0.504201303125 0.43393186874999995 0.518689846875 0.42958530625 0.536800528125
0 0.40423035625 0.594030271875 0.41256126875000004 0.6110543093749999 0.423789890625 0.623369571875 0.44986926875 0.623369571875 0.460735675 0.6110543093749999 0.460735675 0.5911325625 0.462184528125 0.5904081375 0.447333771875 0.57990394375 0.42922309375 0.57555738125 0.41219905625 0.5795417281249999 0.40423035625 0.594030271875
0 0.384670821875 0.577006234375 0.39879715312499997 0.589683709375 0.426687596875 0.587872640625 0.4437116375 0.5748329531249999 0.441176140625 0.5574467000000001 0.43791621875000003 0.54223373125 0.42197882187499997 0.533540603125 0.40749027812499994 0.533540603125 0.388655171875 0.5425959437500001 0.37959983125 0.55961998125 0.384670821875 0.577006234375
0 0.3477250375 0.58461271875 0.36257579375 0.60562110625 0.37561548437500003 0.618660796875 0.39082845312500003 0.62807835 0.407852490625 0.629889415625 0.41183684062500003 0.60924324375 0.41545897812500004 0.594030271875 0.41473455000000004 0.587148215625 0.41038798749999994 0.579179515625 0.397348296875 0.564328759375 0.374166628125 0.555635634375 0.34989831875 0.562879903125 0.3477250375 0.58461271875
0 0.28651094375 0.597652409375 0.28614872812500003 0.616487515625 0.3017239125 0.631700484375 0.331787640625 0.640393609375 0.35388266874999996 0.640031396875 0.368008996875 0.629889415625 0.37307998750000004 0.61829858125 0.37307998750000004 0.608881028125 0.37489105624999997 0.5911325625 0.35026053125 0.583163865625 0.32490558125 0.581352796875 0.29918841875 0.5828016500000001 0.28651094375 0.597652409375
0 0.306070475 0.6472756687500001 0.31005482500000003 0.6657485624999999 0.325992221875 0.67878825 0.34953610625 0.677701609375 0.36257579375 0.6650241343750001 0.362938009375 0.6512600187500001 0.36221358124999997 0.638220328125 0.34917389062500004 0.624818428125 0.330701 0.6204718625 0.31005482500000003 0.6302516312499999 0.306070475 0.6472756687500001
0 0.269486903125 0.639669184375 0.28325101875 0.65959093125 0.306794903125 0.671181765625 0.32092123125 0.6628508531249999 0.3223700875 0.640031396875 0.317661309375 0.624818428125 0.315488028125 0.61757415625 0.3013617 0.6059833218749999 0.287959796875 0.59656576875 0.269124690625 0.5991012625 0.26006935000000003 0.614314234375 0.269486903125 0.639669184375
0 0.2763689625 0.686394734375 0.284699875 0.70631648125 0.30389719375 0.7128363281250001 0.32019680625 0.70124549375 0.32707886249999996 0.686394734375 0.32563000937500003 0.6704573375 0.32490558125 0.6621264250000001 0.30788154375 0.6483623093750001 0.28940865 0.64944895 0.27854224375 0.6617642125 0.2763689625 0.686394734375
0 0.21877700312499998 0.650173378125 0.22783234375 0.6704573375 0.251376225 0.686394734375 0.27854224375 0.68059931875 0.28614872812500003 0.6592287156250001 0.27890445625 0.623369571875 0.27854224375 0.62192071875 0.2676758375 0.6197474374999999 0.249927371875 0.61793636875 0.227470128125 0.62228293125 0.21805257500000003 0.633873765625 0.21877700312499998 0.650173378125
0 0.192697625 0.667559628125 0.20283960625000003 0.6911035125 0.221312496875 0.713560753125 0.237249896875 0.7284115124999999 0.252825078125 0.7251515875 0.258982709375 0.703056559375 0.254998359375 0.674079475 0.25028958437500004 0.664661921875 0.24087203124999998 0.658504290625 0.22529684687499998 0.6483623093750001 0.2089972375 0.64292910625 0.193422053125 0.6454646 0.192697625 0.667559628125
0 0.151405278125 0.692552365625 0.159736190625 0.7128363281250001 0.17603580000000002 0.729860365625 0.193784265625 0.74362448125 0.212257159375 0.751230965625 0.22384799375000003 0.7494199 0.22783234375 0.731671434375 0.226021275 0.713198540625 0.222036925 0.69798556875 0.21841479062500002 0.688568015625 0.210446090625 0.675166115625 0.193784265625 0.66393749375 0.16263389687500002 0.65959093125 0.149594209375 0.674079475 0.151405278125 0.692552365625
0 0.12749918124999998 0.715371821875 0.12496368437500001 0.73130921875 0.141263296875 0.748695471875 0.16154725625 0.765357296875 0.184728925 0.77477485 0.199579684375 0.76825500625 0.20283960625000003 0.7559397437500001 0.20066632499999998 0.7410889875 0.1970441875 0.728049296875 0.177122440625 0.7117496875 0.15249191875 0.702694346875 0.13764115937500002 0.7037809875 0.12749918124999998 0.715371821875
0 0.0883801125 0.73493135625 0.08548240625 0.7483332593750001 0.09381331875 0.762097375 0.115908346875 0.780208053125 0.1343812375 0.791074459375 0.158649546875 0.7921611000000001 0.16842931562500002 0.7831057625 0.16951595625 0.7704282874999999 0.1677048875 0.759199665625 0.155389625 0.7457977625 0.13981444375000002 0.734206928125 0.12387704375 0.7284115124999999 0.10286865625 0.7262382281249999 0.0883801125 0.73493135625
0 0.09671102499999999 0.6950878625 0.086569046875 0.7099386187500001 0.0883801125 0.7276870843750001 0.09815988125 0.73746685 0.1209793375 0.737829065625 0.143798790625 0.7305847937500001 0.16154725625 0.7204428125 0.172413665625 0.706678696875 0.17313809062500002 0.691465725 0.16987816875 0.68023710625 0.15249191875 0.675166115625 0.134743453125 0.677339396875 0.116270559375 0.683497028125 0.09671102499999999 0.6950878625
0 0.0213706 0.776223703125 0.024268309374999998 0.7921611000000001 0.0416545625 0.80592521875 0.06483623125 0.81461834375 0.09272667812499999 0.81896490625 0.11482170625000002 0.814256128125 0.13148353125 0.7997675875 0.134743453125 0.7841924031249999 0.128585821875 0.767168365625 0.093451103125 0.7588374531250001 0.058678600000000004 0.75630195625 0.03513471875 0.76499508125 0.0213706 0.776223703125
0 0.011590834375000001 0.815342771875 0.007968699999999999 0.8345400906249999 0.014126328125 0.8472175656250001 0.03115036875 0.8540996249999999 0.05288318125 0.8522885562500001 0.06918279375 0.845406496875 0.08149805624999999 0.8330912343750001 0.082946909375 0.822224828125 0.082946909375 0.8167916249999999 0.08186026874999999 0.8073740718750001 0.05469425 0.8001298 0.03948128125 0.7997675875 0.024268309374999998 0.80266529375 0.011590834375000001 0.815342771875
0 0.026441590625 0.7371046375 0.014126328125 0.7483332593750001 0.011590834375000001 0.7617351593749999 0.017386253125 0.774412634375 0.030063728125 0.779483625 0.049623259375 0.779845840625 0.078238134375 0.779845840625 0.093451103125 0.774412634375 0.103955296875 0.761010734375 0.10431751250000001 0.7483332593750001 0.103593084375 0.740002346875 0.094899959375 0.73094700625 0.087293471875 0.72660044375 0.065560659375 0.7255138031249999 0.04382784375 0.728773725 0.026441590625 0.7371046375