0 0.05 0.4375 0.06875 0.4375 0.10625 0.43125 0.125 0.3875 0.128125 0.371875 0.125 0.3625 0.115625 0.353125 0.109375 0.35 0.09375 0.35 0.08125 0.353125 0.053125 0.36875 0.03125 0.39375 0.028125 0.4 0.028125 0.41875 0.04375 0.434375 0.05 0.4375
0 0.128125 0.44375 0.159375 0.43125 0.18125 0.4 0.184375 0.371875 0.18125 0.3625 0.165625 0.353125 0.15 0.353125 0.125 0.3625 0.09375 0.421875 0.09375 0.425 0.115625 0.44375 0.128125 0.44375
0 0.1875 0.44375 0.228125 0.43125 0.240625 0.384375 0.240625 0.3625 0.2375 0.35625 0.21875 0.35 0.209375 0.35 0.190625 0.35625 0.184375 0.365625 0.15625 0.421875 0.15625 0.428125 0.171875 0.440625 0.1875 0.44375
0 0.225 0.4375 0.2375 0.4375 0.26875 0.421875 0.28125 0.4125 0.290625 0.378125 0.284375 0.35625 0.26875 0.346875 0.253125 0.346875 0.23125 0.35625 0.2 0.4 0.2 0.40625 0.215625 0.43125 0.225 0.4375
0 0.3125 0.415625 0.328125 0.40625 0.35 0.38125 0.35 0.35625 0.346875 0.35 0.334375 0.340625 0.309375 0.340625 0.284375 0.359375 0.271875 0.409375 0.275 0.421875 0.290625 0.425 0.3125 0.415625
0 0.44375 0.4375 0.45625 0.43125 0.41875 0.359375 0.4125 0.353125 0.40625 0.35 0.36875 0.346875 0.359375 0.346875 0.35 0.353125 0.34375 0.390625 0.36875 0.4125 0.434375 0.4375 0.44375 0.4375
0 0.396906775 0.37226885625 0.38846913125000004 0.388131628125 0.396906775 0.4107445125 0.41411956875 0.42896982499999997 0.4451701 0.43909499687500003 0.47149555000000004 0.4414575375 0.47925818124999997 0.420194675 0.4752081125 0.40736945625 0.47149555000000004 0.399269315625 0.458332825 0.38475656874999997 0.438419984375 0.37665643125 0.41445707499999995 0.370243821875 0.396906775 0.37226885625
0 0.650373603125 0.43639495000000006 0.6415984531250001 0.457320309375 0.6493610875 0.47993319375 0.6736614999999999 0.496133471875 0.694249353125 0.49950852812499996 0.70842459375 0.49309591875000003 0.7212498125 0.476895640625 0.7215873187499999 0.473858090625 0.7236123531249999 0.46542044687499995 0.70909960625 0.446520125 0.685811709375 0.43301989374999994 0.664211340625 0.430994859375 0.650373603125 0.43639495000000006
0 0.6847991906249999 0.45495776875000005 0.6712989625 0.4401075125 0.637885890625 0.423232225 0.621685615625 0.42356973125 0.6054853375 0.43166986874999996 0.59704769375 0.43943250312500004 0.594010140625 0.455295271875 0.6000852437499999 0.46609545625 0.61898556875 0.477908159375 0.642273465625 0.481958228125 0.663873834375 0.477233146875 0.67534903125 0.47487060625 0.68344916875 0.46845799687499995 0.6847991906249999 0.45495776875000005
0 0.6375483843749999 0.426269778125 0.6142604875 0.412769546875 0.58827254375 0.412432040625 0.563634621875 0.420194675 0.54574681875 0.434032409375 0.537646678125 0.447870146875 0.543384278125 0.4627204 0.566672175 0.46609545625 0.5967101875 0.464745434375 0.621685615625 0.458332825 0.629110740625 0.460357859375 0.64092344375 0.4451701 0.6375483843749999 0.426269778125
0 0.572072265625 0.42458225 0.556547003125 0.404669409375 0.52414645 0.40163185625000003 0.49005836562500005 0.40669444375 0.464745434375 0.42289471875 0.4633954125 0.43740746875000003 0.47993319375 0.45023268749999995 0.5062586437500001 0.45124520312499994 0.5396717125 0.45057019374999996 0.546421828125 0.456982803125 0.563634621875 0.4451701 0.572072265625 0.42458225
0 0.45495776875000005 0.37159384375000004 0.4401075125 0.38846913125000004 0.4444950875 0.40230686875000005 0.46947051562500003 0.41884465000000004 0.51064621875 0.426944790625 0.542709265625 0.423232225 0.5528344374999999 0.412432040625 0.5541844625000001 0.40196936250000004 0.5541844625000001 0.38543158125 0.5278590125 0.37193135 0.503558596875 0.365856246875 0.478245665625 0.365181234375 0.45495776875000005 0.37159384375000004