0 0.6583948937499999 0.04711524375 0.643772921875 0.056050890625 0.634837271875 0.0690482 0.634837271875 0.08488866875 0.646616084375 0.1141326125 0.6579887281250001 0.13890873125 0.669361371875 0.1531245375 0.687232671875 0.15556153125 0.694137490625 0.14906287812500002 0.7010423125 0.126317590625 0.7010423125 0.117381940625 0.701448478125 0.10560312812499999 0.701448478125 0.0885441625 0.694137490625 0.0706728625 0.681140184375 0.053613896875 0.670173703125 0.046709075 0.6583948937499999 0.04711524375
0 0.692512828125 0.043459750000000005 0.68235868125 0.056457056250000005 0.6750476937500001 0.0706728625 0.6697675375000001 0.09219965625 0.67057986875 0.11250795 0.681140184375 0.1307854125 0.6900758312499999 0.134034740625 0.70510396875 0.13119157812499999 0.7132272875 0.11981893437499999 0.723381434375 0.098698309375 0.7266307624999999 0.088137996875 0.7306924218749999 0.06986053125 0.7306924218749999 0.064986540625 0.7262245968750001 0.052801565625000005 0.720538271875 0.043865915625 0.712008790625 0.038179593750000004 0.704697803125 0.038179593750000004 0.692512828125 0.043459750000000005
0 0.6372742687499999 0.074734521875 0.622652296875 0.09098115625 0.61331048125 0.108040125 0.610873484375 0.126317590625 0.614528978125 0.14500121875 0.631181778125 0.14621971875 0.649865409375 0.14053339375 0.6636750499999999 0.1307854125 0.676672359375 0.112914115625 0.683577178125 0.097073646875 0.68398334375 0.08488866875 0.683577178125 0.078390015625 0.679109353125 0.064986540625 0.670986034375 0.059706384375 0.651896240625 0.06376804375 0.6372742687499999 0.074734521875
0 0.64052359375 0.129566915625 0.62833861875 0.14053339375 0.61046731875 0.16287251875 0.609248821875 0.17790065625 0.624683125 0.190897965625 0.649053078125 0.1921164625 0.67179836875 0.1892733 0.6860141750000001 0.18114998437500002 0.69901148125 0.16571567812500002 0.7042916375 0.15434303437500002 0.705510134375 0.148250546875 0.705510134375 0.1380964 0.696980653125 0.12916075 0.680734015625 0.1230682625 0.6547394 0.12347442812500001 0.64052359375 0.129566915625
0 0.64052359375 0.117381940625 0.616965975 0.12916075 0.597063846875 0.14906287812500002 0.589752859375 0.166121846875 0.5913775218749999 0.18155615 0.59828234375 0.193334959375 0.605593328125 0.1965842875 0.621839965625 0.194959621875 0.642960590625 0.188054803125 0.655145565625 0.1787129875 0.668549040625 0.166934178125 0.6726107 0.1575923625 0.67342303125 0.13850256562500002 0.66733054375 0.122662096875 0.64052359375 0.117381940625
0 0.58934669375 0.23801320625 0.62996328125 0.2388255375 0.660425721875 0.23476387812500002 0.681140184375 0.22745289375 0.68682650625 0.212018590625 0.6827648468749999 0.19577195625 0.653520903125 0.186023975 0.63443110625 0.186023975 0.617372140625 0.188867134375 0.595845346875 0.19455345625 0.582035709375 0.206738434375 0.5808172093749999 0.216486415625 0.582441875 0.227859059375 0.58934669375 0.23801320625
0 0.605593328125 0.2043014375 0.592596021875 0.22339123437500003 0.5909713562500001 0.24045020312499998 0.599094675 0.2522290125 0.61777830625 0.255072175 0.632400278125 0.24979201562500003 0.653520903125 0.2388255375 0.669361371875 0.22867139062500003 0.6831710125 0.217298746875 0.690481996875 0.2043014375 0.692512828125 0.197802784375 0.6880450031249999 0.181962315625 0.670173703125 0.177494490625 0.642960590625 0.18033765 0.617372140625 0.190897965625 0.605593328125 0.2043014375
0 0.57878638125 0.24857351875 0.573506225 0.26360165625 0.57797405 0.273755803125 0.5962515125000001 0.27862979375 0.613716646875 0.280660625 0.641335928125 0.27984829375000003 0.660425721875 0.274568134375 0.671392203125 0.265226321875 0.674641528125 0.248979684375 0.6726107 0.24126253437499998 0.6620503875 0.233139215625 0.6425544249999999 0.22867139062500003 0.61168581875 0.22948372187500002 0.5913775218749999 0.2355762125 0.57878638125 0.24857351875
0 0.65 0.3125 0.65625 0.30625 0.659375 0.296875 0.659375 0.28125 0.65625 0.275 0.64375 0.271875 0.575 0.271875 0.565625 0.28125 0.559375 0.29375 0.559375 0.3125 0.59375 0.315625 0.65 0.3125
0 0.64375 0.35625 0.65 0.34375 0.65 0.321875 0.640625 0.3125 0.625 0.309375 0.5625 0.309375 0.553125 0.328125 0.55 0.34375 0.559375 0.359375 0.6375 0.359375 0.64375 0.35625
0 0.539388290625 0.383014425 0.5402006218750001 0.402916553125 0.5698507312500001 0.40982137500000004 0.605593328125 0.407384378125 0.627120121875 0.39560556875 0.634024940625 0.3785466 0.634024940625 0.375703440625 0.621433796875 0.36554929375 0.595845346875 0.35661364375 0.56091508125 0.3602691375 0.544668446875 0.370423284375 0.539388290625 0.383014425
0 0.561321246875 0.35539514687499996 0.555228759375 0.369610953125 0.56010275 0.383014425 0.590565190625 0.39763639687499996 0.618996803125 0.402104221875 0.648240746875 0.399667228125 0.66001955625 0.387888415625 0.6583948937499999 0.366767790625 0.6579887281250001 0.3647369625 0.6486469125000001 0.3558013125 0.62996328125 0.345241 0.60437483125 0.341991671875 0.578380215625 0.343616334375 0.561321246875 0.35539514687499996
0 0.54223145 0.423224846875 0.547511609375 0.439471484375 0.576349384375 0.45084412812499997 0.604780996875 0.448407134375 0.62996328125 0.437440653125 0.6433667562500001 0.42281868125 0.648240746875 0.40900904374999997 0.648240746875 0.40007339374999995 0.60884265625 0.390731578125 0.579192546875 0.399667228125 0.556041090625 0.411039871875 0.54223145 0.423224846875
0 0.534108134375 0.47724490937499997 0.5454807781250001 0.495522375 0.573100059375 0.49633470625 0.60437483125 0.486992890625 0.624276959375 0.468715428125 0.625089290625 0.454499621875 0.62387079375 0.451656459375 0.614528978125 0.446376303125 0.593408353125 0.44190847812499995 0.556041090625 0.44353314375 0.53532663125 0.455311953125 0.534108134375 0.47724490937499997
0 0.541012953125 0.52639098125 0.5649767406249999 0.5438561156249999 0.588128196875 0.5385759593749999 0.61331048125 0.521516990625 0.624276959375 0.505676521875 0.6230584625 0.49389771250000003 0.616559809375 0.48374356562500004 0.606405659375 0.480900403125 0.58650353125 0.485368228125 0.55766575625 0.4926792125 0.537763628125 0.510144346875 0.541012953125 0.52639098125
0 0.5402006218750001 0.5869097 0.5702568968749999 0.597063846875 0.603968665625 0.5860973656249999 0.605593328125 0.567819903125 0.604780996875 0.555228759375 0.5966576781249999 0.5434499500000001 0.5649767406249999 0.530452640625 0.53085880625 0.530046475 0.51420600625 0.55644725625 0.5402006218750001 0.5869097
0 0.55482259375 0.58772203125 0.563352078125 0.616559809375 0.57716171875 0.639305096875 0.59543918125 0.635649603125 0.609248821875 0.61493514375 0.61046731875 0.58650353125 0.610061153125 0.5804110437500001 0.612091984375 0.572287728125 0.604780996875 0.551573265625 0.583660371875 0.5373574624999999 0.55766575625 0.561321246875 0.55482259375 0.58772203125
0 0.5495424375 0.6051871625 0.574724721875 0.601125503125 0.59828234375 0.5869097 0.616559809375 0.563352078125 0.616559809375 0.546293109375 0.615747475 0.537763628125 0.608436490625 0.5328896375000001 0.5690383999999999 0.532483471875 0.55197943125 0.552791765625 0.5426376187499999 0.581223375 0.5495424375 0.6051871625
0 0.5495424375 0.669361371875 0.568632234375 0.673829196875 0.584472703125 0.665705878125 0.595845346875 0.649865409375 0.5974700125 0.6425544249999999 0.595845346875 0.6364619375 0.568632234375 0.623464628125 0.5495424375 0.631181778125 0.538982125 0.6486469125000001 0.5495424375 0.669361371875
0 0.51258134375 0.7319109187499999 0.5239539875 0.7579055343750001 0.547105440625 0.770496678125 0.56091508125 0.755062371875 0.5690383999999999 0.7343479125 0.569444565625 0.714445784375 0.562539746875 0.707540965625 0.544668446875 0.687232671875 0.516643 0.6722045343749999 0.50080253125 0.6965744875000001 0.51258134375 0.7319109187499999
0 0.54426228125 0.711196459375 0.556853421875 0.71485195 0.57675555 0.70347930625 0.5840665375 0.68682650625 0.584472703125 0.6774846906249999 0.58650353125 0.6697675375000001 0.573506225 0.6616442218749999 0.55035476875 0.6644873812500001 0.536545128125 0.68398334375 0.54426228125 0.711196459375
0 0.5073011843749999 0.6795155187499999 0.52192315625 0.68682650625 0.543043784375 0.6856080062500001 0.5584780874999999 0.67626619375 0.561321246875 0.646209915625 0.5584780874999999 0.633212609375 0.5491362718749999 0.621839965625 0.5284218125 0.6230584625 0.5060826875 0.633212609375 0.49795937187500006 0.6592072250000001 0.5073011843749999 0.6795155187499999
0 0.5296403093750001 0.640929759375 0.5544164281249999 0.645397584375 0.573100059375 0.625901621875 0.574724721875 0.6096549875 0.5649767406249999 0.584472703125 0.5544164281249999 0.576349384375 0.5385759593749999 0.57269389375 0.5190799968750001 0.582035709375 0.506488853125 0.6007193375 0.51420600625 0.624683125 0.5296403093750001 0.640929759375
0 0.4464682875 0.860751246875 0.42336087187500004 0.8888102531250001 0.419234546875 0.921820846875 0.429137725 0.9556567062499999 0.449769346875 0.96886094375 0.46875044062500004 0.9581324999999999 0.48773153125 0.93419981875 0.49680944374999997 0.9094418750000001 0.5001105031249999 0.892936578125 0.492683121875 0.8673533656249999 0.480304146875 0.8508480687500001 0.46462411562500006 0.8475470093749999 0.4464682875 0.860751246875
0 0.52486845 0.8475470093749999 0.530645303125 0.79803111875 0.52734424375 0.7699721125 0.5025863 0.75841840625 0.491456953125 0.766274415625 0.47370202812500006 0.7963805875000001 0.46792517499999997 0.827740653125 0.467099909375 0.87230495625 0.484430471875 0.883033396875 0.5116642125 0.8739554843749999 0.52486845 0.8475470093749999
0 0.49020732499999997 0.9275977 0.51826633125 0.9226461125000001 0.541373746875 0.892936578125 0.5421990125 0.854149128125 0.5322958343749999 0.8236143281249999 0.52486845 0.818662740625 0.5157905375 0.8194880031249999 0.49020732499999997 0.8491975406250001 0.47947888125000004 0.8772565437500001 0.47370202812500006 0.9110924031250001 0.49020732499999997 0.9275977