0 0.478125 0.38125 0.484375 0.35625 0.484375 0.33125 0.478125 0.309375 0.46875 0.303125 0.4625 0.303125 0.453125 0.309375 0.440625 0.325 0.4375 0.346875 0.44375 0.359375 0.465625 0.378125 0.478125 0.38125
0 0.396875 0.328125 0.40625 0.325 0.421875 0.309375 0.428125 0.296875 0.428125 0.278125 0.41875 0.265625 0.40625 0.2625 0.371875 0.290625 0.359375 0.303125 0.359375 0.31875 0.375 0.328125 0.396875 0.328125
0 0.5125 0.396875 0.525 0.384375 0.528125 0.378125 0.528125 0.340625 0.5 0.340625 0.490625 0.34375 0.484375 0.359375 0.48125 0.378125 0.49375 0.39375 0.5 0.396875 0.5125 0.396875
0 0.528125 0.3375 0.534375 0.31875 0.53125 0.309375 0.515625 0.3 0.490625 0.3 0.484375 0.303125 0.48125 0.30625 0.48125 0.33125 0.490625 0.346875 0.528125 0.3375
0 0.44375 0.35625 0.4625 0.303125 0.4625 0.296875 0.45625 0.284375 0.4375 0.2625 0.428125 0.271875 0.415625 0.328125 0.425 0.34375 0.440625 0.35625 0.44375 0.35625
0 0.3325 0.250625 0.3171875 0.26125 0.311875 0.2759375 0.3140625 0.2925 0.3259375 0.304375 0.35343749999999996 0.3053125 0.3753125 0.2984375 0.3884375 0.284375 0.4028125 0.273125 0.4046875 0.268125 0.403125 0.2496875 0.3928125 0.241875 0.37312500000000004 0.2403125 0.35375 0.24093749999999997 0.3325 0.250625
0 0.35625 0.30625 0.390625 0.28125 0.40625 0.2625 0.4125 0.23125 0.396875 0.221875 0.375 0.221875 0.35625 0.240625 0.33125 0.275 0.328125 0.28125 0.328125 0.290625 0.3375 0.303125 0.35625 0.30625
0 0.290625 0.284375 0.309375 0.2875 0.328125 0.278125 0.353125 0.253125 0.3625 0.228125 0.359375 0.221875 0.3375 0.209375 0.278125 0.253125 0.275 0.25625 0.275 0.271875 0.278125 0.278125 0.290625 0.284375
0 0.2321875 0.20375000000000001 0.22312500000000002 0.21531250000000002 0.2225 0.228125 0.2296875 0.2475 0.2459375 0.25875 0.26375000000000004 0.2671875 0.284375 0.26749999999999996 0.2946875 0.2575 0.2953125 0.24625 0.2984375 0.22999999999999998 0.284375 0.216875 0.27218749999999997 0.20593750000000002 0.248125 0.20187499999999997 0.2321875 0.20375000000000001
0 0.328125 0.2125 0.33125 0.20625 0.325 0.196875 0.3125 0.190625 0.296875 0.190625 0.24375 0.21875 0.240625 0.225 0.2375 0.234375 0.2375 0.246875 0.26875 0.25625 0.328125 0.2125
0 0.28125 0.2 0.296875 0.1875 0.3 0.175 0.29375 0.16875 0.271875 0.159375 0.246875 0.159375 0.209375 0.178125 0.19375 0.19375 0.190625 0.209375 0.196875 0.215625 0.221875 0.228125 0.28125 0.2
0 0.165625 0.2125 0.184375 0.20625 0.240625 0.1625 0.246875 0.153125 0.24375 0.146875 0.234375 0.140625 0.225 0.1375 0.209375 0.1375 0.184375 0.146875 0.153125 0.171875 0.146875 0.18125 0.146875 0.196875 0.15 0.203125 0.165625 0.2125
0 0.121875 0.184375 0.14375 0.184375 0.20625 0.1375 0.209375 0.134375 0.209375 0.128125 0.2 0.11875 0.18125 0.1125 0.165625 0.1125 0.13125 0.128125 0.109375 0.14375 0.10625 0.153125 0.10625 0.16875 0.109375 0.175 0.121875 0.184375
0 0.14375 0.140625 0.171875 0.115625 0.171875 0.1125 0.1625 0.1 0.125 0.090625 0.115625 0.090625 0.08125 0.10625 0.071875 0.115625 0.06875 0.121875 0.06875 0.146875 0.10625 0.15 0.14375 0.140625
0 0.14375 0.20625 0.153125 0.20625 0.1625 0.196875 0.1625 0.1875 0.15625 0.16875 0.1375 0.140625 0.125 0.1375 0.075 0.14375 0.071875 0.146875 0.06875 0.15625 0.078125 0.175 0.10625 0.19375 0.14375 0.20625
0 0.026250000000000002 0.0846875 0.0134375 0.0959375 0.0053124999999999995 0.1109375 0.0078125 0.1253125 0.021249999999999998 0.13093749999999998 0.043125000000000004 0.12625 0.0828125 0.110625 0.0975 0.0990625 0.10187500000000001 0.0875 0.09375 0.08 0.08125 0.0715625 0.061875 0.0715625 0.0396875 0.07625 0.026250000000000002 0.0846875
0 0.12593749999999998 0.081875 0.104375 0.08 0.088125 0.0809375 0.058437499999999996 0.093125 0.044687500000000005 0.103125 0.031875 0.1190625 0.033125 0.133125 0.0471875 0.14156249999999998 0.064375 0.13968750000000002 0.0853125 0.134375 0.128125 0.1103125 0.13187500000000002 0.10718749999999999 0.1328125 0.096875 0.12593749999999998 0.081875
0 0.191875 0.178125 0.1753125 0.175625 0.1590625 0.17625 0.1525 0.1859375 0.15375 0.1975 0.1596875 0.21187499999999998 0.1759375 0.2265625 0.1909375 0.236875 0.2128125 0.24281250000000001 0.230625 0.24281250000000001 0.23937499999999998 0.23312499999999997 0.24093749999999997 0.2240625 0.2446875 0.2165625 0.2303125 0.20187499999999997 0.21781250000000002 0.19 0.20593750000000002 0.1834375 0.191875 0.178125
0 0.299375 0.2575 0.3171875 0.2628125 0.33718750000000003 0.2621875 0.3565625 0.25125000000000003 0.37 0.2365625 0.37374999999999997 0.22374999999999998 0.36875 0.213125 0.350625 0.20593750000000002 0.3325 0.2109375 0.3159375 0.2234375 0.2990625 0.24312499999999998 0.299375 0.2575
0 0.41375 0.23625 0.40406250000000005 0.2446875 0.399375 0.26375000000000004 0.39718749999999997 0.294375 0.4025 0.31375000000000003 0.4178125 0.321875 0.43375 0.31656249999999997 0.44343750000000004 0.30062500000000003 0.44656250000000003 0.28625 0.4459375 0.275 0.44312500000000005 0.26125 0.43624999999999997 0.2459375 0.42781250000000004 0.2365625 0.41375 0.23625
0 0.875 0.640625 0.896875 0.6375 0.9 0.634375 0.903125 0.615625 0.9 0.603125 0.8875 0.578125 0.875 0.5625 0.85625 0.55 0.846875 0.546875 0.840625 0.55 0.840625 0.59375 0.859375 0.634375 0.875 0.640625
0 0.809375 0.6375 0.825 0.64375 0.85 0.64375 0.85625 0.6375 0.859375 0.621875 0.84375 0.596875 0.828125 0.58125 0.81875 0.578125 0.778125 0.578125 0.76875 0.5875 0.76875 0.596875 0.796875 0.628125 0.809375 0.6375
0 0.8081250000000001 0.5371875 0.7865624999999999 0.5353125000000001 0.7681250000000001 0.5409375 0.76125 0.5559375 0.76375 0.5725 0.780625 0.5856250000000001 0.8015625 0.5900000000000001 0.8359375 0.59375 0.8528125 0.5915625 0.8571875 0.5900000000000001 0.8634375000000001 0.585 0.868125 0.5734375 0.866875 0.566875 0.8574999999999999 0.55625 0.8465624999999999 0.5484375 0.828125 0.5431250000000001 0.8081250000000001 0.5371875
0 0.771875 0.59375 0.8125 0.596875 0.83125 0.5875 0.834375 0.575 0.83125 0.559375 0.809375 0.546875 0.790625 0.54375 0.75 0.55 0.7375 0.559375 0.7375 0.565625 0.753125 0.58125 0.771875 0.59375
0 0.753125 0.546875 0.775 0.546875 0.78125 0.54375 0.796875 0.528125 0.796875 0.4875 0.78125 0.465625 0.76875 0.45625 0.753125 0.45625 0.746875 0.475 0.74375 0.5 0.74375 0.521875 0.746875 0.540625 0.753125 0.546875
0 0.715625 0.55 0.73125 0.55625 0.74375 0.540625 0.7375 0.490625 0.71875 0.465625 0.703125 0.459375 0.69375 0.459375 0.6875 0.465625 0.6875 0.5125 0.7 0.534375 0.715625 0.55
0 0.7 0.46875 0.7125 0.484375 0.7375 0.496875 0.746875 0.48125 0.753125 0.45625 0.746875 0.44375 0.734375 0.428125 0.71875 0.415625 0.7 0.40625 0.68125 0.40625 0.678125 0.409375 0.678125 0.415625 0.684375 0.440625 0.7 0.46875
0 0.671875 0.509375 0.678125 0.50625 0.68125 0.496875 0.684375 0.4625 0.684375 0.453125 0.671875 0.409375 0.66875 0.40625 0.653125 0.40625 0.640625 0.425 0.6375 0.453125 0.640625 0.490625 0.65625 0.50625 0.671875 0.509375
0 0.8453125 0.58875 0.8296875 0.5953125 0.8228125000000001 0.6096874999999999 0.825 0.6284375 0.843125 0.640625 0.8574999999999999 0.6503125 0.8853125000000001 0.66125 0.8946875000000001 0.6587500000000001 0.9046875 0.6459374999999999 0.9040625 0.6365624999999999 0.8996875 0.6234375 0.8940625000000001 0.6075 0.8840625 0.5962500000000001 0.8675 0.5871875 0.8590625 0.5865625 0.8453125 0.58875
0 0.7737499999999999 0.48687500000000006 0.759375 0.49468750000000006 0.7515625 0.5121875 0.76 0.5271874999999999 0.775 0.540625 0.7984375 0.551875 0.821875 0.553125 0.8393750000000001 0.55125 0.8446875 0.53625 0.843125 0.5253125 0.8353125 0.51375 0.8265625 0.5021875 0.8128125 0.495 0.79375 0.488125 0.7737499999999999 0.48687500000000006
0 0.5809375 0.38656250000000003 0.5706249999999999 0.3859375 0.5587500000000001 0.3875 0.546875 0.39249999999999996 0.54125 0.40437500000000004 0.545625 0.41593749999999996 0.5575 0.42781250000000004 0.57625 0.43499999999999994 0.58875 0.43937499999999996 0.6071875 0.44281249999999994 0.623125 0.445 0.6378125 0.441875 0.6425 0.42625 0.64 0.41281249999999997 0.63 0.4034375 0.618125 0.395 0.600625 0.39 0.5809375 0.38656250000000003
0 0.6059375 0.3665625 0.5925 0.36875 0.5840625 0.380625 0.5846875 0.3940625 0.5915625 0.4090625 0.6046875 0.41968750000000005 0.61875 0.42374999999999996 0.6403125000000001 0.4221875 0.650625 0.41875 0.656875 0.40625 0.65625 0.4 0.6575 0.3909375 0.6481250000000001 0.37875000000000003 0.6371875 0.3703125 0.6234375 0.368125 0.6059375 0.3665625
0 0.5746875 0.3390625 0.5615625 0.3415625 0.553125 0.353125 0.5521874999999999 0.370625 0.5578125 0.38468749999999996 0.5715625 0.393125 0.5846875 0.3953125 0.6012500000000001 0.395 0.6140625 0.3921875 0.6196875000000001 0.38625 0.620625 0.3765625 0.621875 0.3640625 0.6118750000000001 0.351875 0.600625 0.34375 0.589375 0.340625 0.5746875 0.3390625
0 0.5259375000000001 0.33125 0.5234375 0.3509375 0.5253125 0.370625 0.5309375000000001 0.38406250000000003 0.5415625000000001 0.3915625 0.555625 0.3921875 0.571875 0.3853125 0.575 0.365625 0.5746875 0.3578125 0.5728125000000001 0.34562499999999996 0.5650000000000001 0.33406250000000004 0.5553125 0.325625 0.53625 0.323125 0.5259375000000001 0.33125
0 0.609375 0.41312499999999996 0.5959375 0.41531250000000003 0.5871875 0.43156249999999996 0.5859375 0.44875 0.5921875 0.46375 0.5996875 0.47531249999999997 0.6121875 0.48343749999999996 0.6228125 0.48656249999999995 0.6396875 0.479375 0.6403125000000001 0.47125000000000006 0.6428125 0.4528125 0.6375 0.441875 0.6325000000000001 0.434375 0.62 0.414375 0.609375 0.41312499999999996
0 0.5421875 0.3725 0.5284375 0.3728125 0.515625 0.38156249999999997 0.5118750000000001 0.3984375 0.5196875000000001 0.41156249999999994 0.5334375 0.42843749999999997 0.545 0.4409375 0.5621875000000001 0.45125000000000004 0.5803125 0.4528125 0.5928125 0.448125 0.5962500000000001 0.4371875 0.59875 0.426875 0.595 0.41156249999999994 0.5840625 0.395 0.5650000000000001 0.38125 0.5421875 0.3725