0 0.928125 0.85625 0.9375 0.859375 0.965625 0.859375 0.96875 0.8625 0.98125 0.859375 0.99375 0.846875 0.99375 0.825 0.9875 0.815625 0.96875 0.809375 0.91875 0.81875 0.90625 0.825 0.90625 0.840625 0.915625 0.85 0.928125 0.85625
0 0.890625 0.825 0.903125 0.828125 0.9375 0.825 0.953125 0.821875 0.96875 0.809375 0.96875 0.796875 0.965625 0.790625 0.959375 0.784375 0.946875 0.778125 0.9 0.778125 0.88125 0.784375 0.875 0.79375 0.875 0.809375 0.878125 0.815625 0.890625 0.825
0 0.89375 0.790625 0.921875 0.796875 0.9375 0.79375 0.94375 0.7875 0.946875 0.78125 0.940625 0.765625 0.915625 0.740625 0.890625 0.728125 0.878125 0.73125 0.871875 0.7375 0.871875 0.765625 0.88125 0.784375 0.89375 0.790625
0 0.846875 0.8 0.865625 0.80625 0.875 0.7875 0.86875 0.734375 0.8625 0.721875 0.853125 0.7125 0.840625 0.70625 0.821875 0.715625 0.815625 0.721875 0.815625 0.75625 0.81875 0.775 0.846875 0.8
0 0.85125 0.6950000000000001 0.8387499999999999 0.703125 0.8371875 0.7162499999999999 0.8378125000000001 0.7284375 0.8387499999999999 0.7421875 0.8459375 0.7575000000000001 0.8559374999999999 0.771875 0.875 0.7828125 0.8925000000000001 0.7821875 0.8984375 0.7728125 0.8990625 0.7603125000000001 0.8990625 0.7575000000000001 0.9 0.7462500000000001 0.8846875000000001 0.71375 0.8706250000000001 0.7034374999999999 0.8609375 0.6956249999999999 0.85125 0.6950000000000001
0 0.775 0.7134375000000001 0.766875 0.71875 0.7693749999999999 0.72875 0.775625 0.7418750000000001 0.783125 0.754375 0.7934375 0.7653125000000001 0.8071875000000001 0.775 0.8225 0.778125 0.8396874999999999 0.776875 0.8471875000000001 0.77 0.8490624999999999 0.753125 0.8400000000000001 0.7418750000000001 0.8359375 0.7318749999999999 0.8225 0.7209375 0.8040625 0.715625 0.7887500000000001 0.7134375000000001 0.775 0.7134375000000001
0 0.7618750000000001 0.6759375000000001 0.7537499999999999 0.684375 0.7521875 0.6978125000000001 0.7621875 0.7109375 0.7796875 0.719375 0.804375 0.7224999999999999 0.8324999999999999 0.7203125 0.8421875 0.7125 0.8490624999999999 0.7015625 0.8487500000000001 0.698125 0.843125 0.6834374999999999 0.8296875 0.6721874999999999 0.8109375 0.6709375 0.79125 0.6721874999999999 0.7618750000000001 0.6759375000000001
0 0.7590625 0.64125 0.749375 0.6515625 0.7421875 0.6637500000000001 0.7428125 0.6753125 0.75125 0.683125 0.77 0.689375 0.7928124999999999 0.6921875 0.8165625000000001 0.6875 0.8265625 0.676875 0.8240624999999999 0.6643749999999999 0.82 0.6503125 0.8162499999999999 0.6434375 0.805 0.6378125 0.785625 0.6331249999999999 0.7721875 0.6340625 0.7590625 0.64125
0 0.7484375 0.61125 0.7371875 0.615625 0.728125 0.623125 0.724375 0.629375 0.723125 0.6365624999999999 0.721875 0.6496875 0.728125 0.6599999999999999 0.7403125 0.6681250000000001 0.7534375 0.6725 0.7709374999999999 0.67125 0.7803125 0.6637500000000001 0.78625 0.6525000000000001 0.7815624999999999 0.6384375 0.7765625 0.6253124999999999 0.7709374999999999 0.618125 0.7559375 0.6115625 0.7484375 0.61125
0 0.718125 0.5865625 0.705 0.5996875 0.6984375 0.6153125 0.7028125000000001 0.6325000000000001 0.7134375000000001 0.6421875 0.7359375 0.6440625 0.746875 0.6368750000000001 0.7559375 0.6271875 0.7559375 0.6190625 0.7509375 0.5962500000000001 0.7375 0.584375 0.7315625 0.583125 0.718125 0.5865625
0 0.686875 0.5615625 0.6740625 0.575 0.6640625 0.5940624999999999 0.6659375 0.6118750000000001 0.6753125 0.6234375 0.6896875 0.6246875000000001 0.7096875 0.614375 0.719375 0.6 0.72375 0.588125 0.7228125000000001 0.578125 0.7190624999999999 0.5665625000000001 0.7121875 0.5584374999999999 0.7 0.5559375 0.686875 0.5615625
0 0.628125 0.5753125 0.62 0.589375 0.6212500000000001 0.6 0.6321875 0.6128125 0.64125 0.619375 0.658125 0.618125 0.6790625 0.6059375 0.685625 0.5940624999999999 0.6875 0.58125 0.686875 0.5659375 0.6799999999999999 0.5603125 0.6643749999999999 0.5584374999999999 0.6465625 0.561875 0.628125 0.5753125
0 0.6178125 0.5090625 0.605 0.5190625 0.5990624999999999 0.5378125 0.6125 0.5549999999999999 0.6334375 0.5659375 0.6575 0.5706249999999999 0.6753125 0.5690625 0.6909375 0.558125 0.69375 0.5496875 0.6884375 0.536875 0.6665625000000001 0.52125 0.6525000000000001 0.5125 0.640625 0.5081249999999999 0.6178125 0.5090625
0 0.6056250000000001 0.5346875 0.596875 0.5528125 0.5915625 0.5662499999999999 0.5971875 0.588125 0.6071875 0.591875 0.6315625 0.5915625 0.650625 0.5825 0.6609375 0.56375 0.6625 0.555625 0.6603125000000001 0.5403125 0.6540625 0.5340625 0.6390625 0.5259375000000001 0.6215625 0.526875 0.6056250000000001 0.5346875
0 0.5875 0.44875 0.5700000000000001 0.4453125 0.55625 0.448125 0.5509375000000001 0.4578125 0.5493750000000001 0.47625 0.5553125 0.49000000000000005 0.5700000000000001 0.5009375 0.579375 0.50875 0.5946875 0.51625 0.6090625000000001 0.51875 0.6215625 0.5196875000000001 0.6278125 0.515625 0.6315625 0.510625 0.6328125 0.495 0.624375 0.478125 0.6075 0.46187500000000004 0.5875 0.44875
0 0.52125 0.47874999999999995 0.5121875 0.49343750000000003 0.5209374999999999 0.5125 0.5434375 0.5237499999999999 0.5621875000000001 0.52625 0.5818749999999999 0.5265625 0.5925 0.5221875 0.6025 0.509375 0.604375 0.5037499999999999 0.6040625000000001 0.496875 0.5834374999999999 0.47906250000000006 0.5590625 0.47406249999999994 0.5346875 0.4728125 0.52125 0.47874999999999995
0 0.5246875 0.415625 0.514375 0.421875 0.5125 0.43499999999999994 0.515 0.45562500000000006 0.525625 0.4734375 0.5390625 0.485 0.555625 0.4859375 0.5721875 0.4771875 0.5796875 0.464375 0.58125 0.4565625 0.575 0.44437499999999996 0.5662499999999999 0.42874999999999996 0.5565625 0.4190625 0.5403125 0.4140625 0.5246875 0.415625
0 0.5065625 0.379375 0.4953125 0.380625 0.48312499999999997 0.3890625 0.48218750000000005 0.40718750000000004 0.48656249999999995 0.42843749999999997 0.49874999999999997 0.4421875 0.5171875 0.456875 0.5334375 0.46312499999999995 0.5443749999999999 0.456875 0.5509375000000001 0.4378125 0.55125 0.42843749999999997 0.54875 0.41656250000000006 0.540625 0.4046875 0.5287499999999999 0.39437500000000003 0.5165625 0.38375 0.5065625 0.379375
0 0.480625 0.41875 0.4671875 0.42062499999999997 0.45875000000000005 0.43218750000000006 0.4575 0.45531249999999995 0.46656250000000005 0.479375 0.48 0.48968749999999994 0.506875 0.506875 0.5231250000000001 0.5021875 0.5325 0.49124999999999996 0.533125 0.4890625 0.53625 0.47406249999999994 0.529375 0.45906250000000004 0.5121875 0.4409375 0.49906249999999996 0.426875 0.480625 0.41875
0 0.4659375 0.3603125 0.4534375 0.385625 0.4528125 0.406875 0.45906250000000004 0.4371875 0.46343750000000006 0.45218749999999996 0.4728125 0.4625 0.48 0.46312499999999995 0.49124999999999996 0.45625 0.50125 0.441875 0.5059375 0.4265625 0.505 0.41531250000000003 0.5046875 0.40437500000000004 0.504375 0.38156249999999997 0.49874999999999997 0.36843750000000003 0.48312499999999997 0.356875 0.4659375 0.3603125
0 0.40718750000000004 0.35375 0.388125 0.3696875 0.3903125 0.3834375 0.396875 0.398125 0.41125 0.40812499999999996 0.4253125 0.416875 0.44625000000000004 0.425 0.468125 0.42874999999999996 0.484375 0.42062499999999997 0.48968749999999994 0.40875000000000006 0.48250000000000004 0.38937499999999997 0.47468750000000004 0.38156249999999997 0.45531249999999995 0.3671875 0.43968749999999995 0.3565625 0.4234375 0.35375 0.40718750000000004 0.35375
0 0.40062499999999995 0.30281250000000004 0.39 0.30656249999999996 0.38625 0.3209375 0.3903125 0.3428125 0.3990625 0.36 0.41125 0.37625000000000003 0.42625 0.3875 0.4453125 0.3896875 0.46187500000000004 0.38156249999999997 0.4659375 0.3671875 0.46281249999999996 0.35562499999999997 0.4565625 0.343125 0.4453125 0.3265625 0.429375 0.311875 0.42093749999999996 0.30593750000000003 0.40062499999999995 0.30281250000000004
0 0.35125 0.27625 0.33875 0.2821875 0.3353125 0.29093749999999996 0.335 0.308125 0.3365625 0.3334375 0.34562499999999996 0.356875 0.36 0.3753125 0.3796875 0.37906249999999997 0.39125 0.369375 0.3978125 0.3509375 0.3959375 0.3271875 0.39468749999999997 0.32218749999999996 0.3884375 0.30375 0.379375 0.28781249999999997 0.3778125 0.2840625 0.3665625 0.2784375 0.35125 0.27625
0 0.289375 0.3015625 0.29500000000000004 0.32406250000000003 0.3015625 0.3465625 0.3096875 0.3590625 0.323125 0.368125 0.33999999999999997 0.37625000000000003 0.35531250000000003 0.3665625 0.3565625 0.3459375 0.35125 0.32406250000000003 0.3459375 0.30874999999999997 0.34187500000000004 0.294375 0.3253125 0.2778125 0.305625 0.27749999999999997 0.29031250000000003 0.28781249999999997 0.289375 0.3015625
0 0.3521875 0.318125 0.3440625 0.33468749999999997 0.3465625 0.36 0.3603125 0.385 0.3759375 0.40374999999999994 0.395625 0.41375 0.4109375 0.41156249999999994 0.41968750000000005 0.3984375 0.41968750000000005 0.380625 0.4184375 0.3703125 0.405625 0.3446875 0.3903125 0.32375 0.370625 0.3121875 0.3521875 0.318125
0 0.4109375 0.395625 0.40406250000000005 0.41968750000000005 0.41218750000000004 0.43656249999999996 0.4303125 0.45968749999999997 0.45093750000000005 0.4659375 0.465 0.460625 0.4703125 0.44281249999999994 0.4703125 0.43624999999999997 0.4715625 0.425625 0.4615625 0.395625 0.44343750000000004 0.3796875 0.4225 0.3828125 0.4109375 0.395625