0 0.943125 0.1046875 0.9334374999999999 0.1028125 0.9228125 0.1078125 0.9165625000000001 0.115625 0.914375 0.1290625 0.9140625 0.146875 0.9184374999999999 0.16343749999999999 0.9290625 0.17875000000000002 0.9459375 0.19718750000000002 0.95875 0.20750000000000002 0.9731249999999999 0.2090625 0.9846875 0.20187499999999997 0.9871874999999999 0.190625 0.9884375000000001 0.17906249999999999 0.9793749999999999 0.1528125 0.9671875 0.13093749999999998 0.9559374999999999 0.114375 0.943125 0.1046875
0 0.9646874999999999 0.0440625 0.9556250000000001 0.04 0.9434374999999999 0.0415625 0.9340624999999999 0.0496875 0.929375 0.064375 0.928125 0.0834375 0.931875 0.1034375 0.9365625 0.12156249999999999 0.9493750000000001 0.133125 0.9637499999999999 0.1325 0.9759375 0.1234375 0.9824999999999999 0.113125 0.9834375 0.1025 0.9853125 0.08937500000000001 0.985 0.0775 0.9809374999999999 0.06625 0.9724999999999999 0.0546875 0.9646874999999999 0.0440625
0 0.23781249999999998 0.0278125 0.2321875 0.035625000000000004 0.23125 0.045 0.2328125 0.0553125 0.24125000000000002 0.0684375 0.250625 0.0834375 0.26 0.0921875 0.27531249999999996 0.0996875 0.2890625 0.1028125 0.305 0.1034375 0.32156250000000003 0.09468750000000001 0.323125 0.0796875 0.320625 0.0721875 0.31906249999999997 0.061250000000000006 0.2815625 0.0359375 0.2646875 0.028437499999999998 0.2478125 0.026250000000000002 0.23781249999999998 0.0278125
0 0.2790625 0.0475 0.280625 0.063125 0.289375 0.078125 0.3 0.09468750000000001 0.3125 0.10500000000000001 0.325625 0.10968750000000001 0.34187500000000004 0.113125 0.355 0.110625 0.3596875 0.1 0.3584375 0.0865625 0.35125 0.07375000000000001 0.3415625 0.064375 0.335625 0.0553125 0.32156250000000003 0.04375 0.3071875 0.0396875 0.29125 0.0384375 0.2790625 0.0475
0 0.2875 0.100625 0.273125 0.104375 0.26687500000000003 0.1159375 0.27218749999999997 0.12875 0.2840625 0.13968750000000002 0.29625 0.14781249999999999 0.3128125 0.153125 0.3290625 0.15625 0.34375 0.160625 0.356875 0.16312500000000002 0.3671875 0.1565625 0.365625 0.145 0.3571875 0.130625 0.3521875 0.12062500000000001 0.3365625 0.110625 0.31843750000000004 0.10218750000000001 0.30343749999999997 0.10093749999999999 0.2875 0.100625
0 0.26375000000000004 0.045625 0.24937499999999999 0.045625 0.23875000000000002 0.053125 0.2340625 0.06593750000000001 0.2340625 0.0834375 0.2390625 0.0996875 0.248125 0.1121875 0.26187499999999997 0.1184375 0.2740625 0.11781250000000001 0.28250000000000003 0.10718749999999999 0.285625 0.0925 0.2884375 0.093125 0.2884375 0.0796875 0.2859375 0.06625 0.27875 0.05375 0.26375000000000004 0.045625
0 0.2653125 0.113125 0.25187499999999996 0.11781250000000001 0.2475 0.13187500000000002 0.2528125 0.14781249999999999 0.2640625 0.16218749999999998 0.2803125 0.17875000000000002 0.2934375 0.18937500000000002 0.30625 0.19375 0.32125 0.19125 0.3246875 0.1765625 0.3253125 0.16125 0.3234375 0.15437499999999998 0.32125 0.15125 0.31124999999999997 0.135625 0.2940625 0.1234375 0.2796875 0.1134375 0.2653125 0.113125
0 0.2934375 0.15 0.2815625 0.1521875 0.27125 0.16218749999999998 0.2703125 0.17875000000000002 0.2971875 0.2009375 0.32375 0.210625 0.346875 0.215625 0.3603125 0.2128125 0.369375 0.206875 0.374375 0.1975 0.3728125 0.18656250000000002 0.37124999999999997 0.1834375 0.36843750000000003 0.1771875 0.3484375 0.1640625 0.32875 0.15687500000000001 0.3090625 0.1521875 0.2934375 0.15
0 0.35562499999999997 0.15562499999999999 0.340625 0.15875 0.3290625 0.17124999999999999 0.3334375 0.1871875 0.33968750000000003 0.2046875 0.35281250000000003 0.22781250000000003 0.36593749999999997 0.24 0.381875 0.24906250000000002 0.39468749999999997 0.250625 0.40843749999999995 0.244375 0.4059375 0.2325 0.4059375 0.2184375 0.3990625 0.20249999999999999 0.38875000000000004 0.178125 0.37906249999999997 0.16625 0.3671875 0.1565625 0.35562499999999997 0.15562499999999999
0 0.28531249999999997 0.1840625 0.27531249999999996 0.1903125 0.271875 0.2034375 0.275625 0.2146875 0.28531249999999997 0.22999999999999998 0.2975 0.2390625 0.30843750000000003 0.2440625 0.31625000000000003 0.24625 0.32999999999999996 0.248125 0.33999999999999997 0.2453125 0.3490625 0.23312499999999997 0.35531250000000003 0.220625 0.3559375 0.20968749999999997 0.3515625 0.2028125 0.33781249999999996 0.1928125 0.32 0.1878125 0.30093749999999997 0.1840625 0.28531249999999997 0.1840625
0 0.3875 0.265625 0.4 0.25 0.4 0.2375 0.396875 0.23125 0.38125 0.215625 0.309375 0.203125 0.303125 0.20625 0.290625 0.23125 0.31875 0.25625 0.35625 0.265625 0.3875 0.265625
0 0.359375 0.3125 0.384375 0.315625 0.384375 0.3125 0.403125 0.309375 0.415625 0.29375 0.4125 0.284375 0.4 0.271875 0.390625 0.26875 0.3625 0.2625 0.33125 0.259375 0.321875 0.259375 0.3125 0.265625 0.309375 0.271875 0.3125 0.2875 0.325 0.3 0.359375 0.3125
0 0.3909375 0.2890625 0.379375 0.2953125 0.3759375 0.304375 0.3753125 0.321875 0.38156249999999997 0.33718750000000003 0.3953125 0.34968750000000004 0.4090625 0.3546875 0.42437500000000006 0.35531250000000003 0.438125 0.3509375 0.4415625 0.3409375 0.4421875 0.33375 0.4390625 0.319375 0.4328125 0.3053125 0.41531250000000003 0.2925 0.4025 0.2875 0.3909375 0.2890625
0 0.34625 0.2865625 0.334375 0.2884375 0.3246875 0.2975 0.32125 0.31124999999999997 0.3234375 0.32406250000000003 0.3325 0.3390625 0.3415625 0.349375 0.35125 0.35562499999999997 0.3609375 0.35750000000000004 0.369375 0.35750000000000004 0.38156249999999997 0.35375 0.3878125 0.3471875 0.3903125 0.338125 0.38656250000000003 0.32625000000000004 0.3825 0.31375000000000003 0.37124999999999997 0.2975 0.3615625 0.2890625 0.34625 0.2865625
0 0.41624999999999995 0.33968750000000003 0.40718750000000004 0.3440625 0.4015625 0.35562499999999997 0.3975 0.3703125 0.3978125 0.38656250000000003 0.399375 0.4 0.405625 0.41187500000000005 0.41500000000000004 0.4178125 0.42781250000000004 0.42000000000000004 0.43937499999999996 0.41937499999999994 0.449375 0.41281249999999997 0.45218749999999996 0.40093750000000006 0.4528125 0.3871875 0.4528125 0.37875000000000003 0.45 0.3696875 0.445 0.35625 0.4375 0.34375 0.428125 0.339375 0.41624999999999995 0.33968750000000003
0 0.36906249999999996 0.336875 0.3515625 0.3390625 0.3434375 0.350625 0.343125 0.365625 0.348125 0.3775 0.35875 0.390625 0.3775 0.39875 0.38937499999999997 0.3990625 0.401875 0.3940625 0.41 0.3825 0.41312499999999996 0.37312500000000004 0.4146875 0.3665625 0.4065625 0.350625 0.395 0.33968750000000003 0.383125 0.33718750000000003 0.36906249999999996 0.336875
0 0.39875 0.3640625 0.385625 0.37124999999999997 0.3828125 0.3859375 0.3825 0.4034375 0.38625 0.4184375 0.388125 0.429375 0.40062499999999995 0.44343750000000004 0.41531250000000003 0.4459375 0.4290625 0.434375 0.4340625 0.42374999999999996 0.4340625 0.40875000000000006 0.43125 0.39656250000000004 0.4234375 0.37906249999999997 0.4134375 0.3678125 0.39875 0.3640625
0 0.39 0.45499999999999996 0.3915625 0.47406249999999994 0.401875 0.49312500000000004 0.41125 0.5071875 0.4184375 0.5131249999999999 0.4325 0.5159374999999999 0.44437499999999996 0.51125 0.4503125 0.49781250000000005 0.4528125 0.48187499999999994 0.45062499999999994 0.46125 0.4459375 0.4446875 0.43499999999999994 0.4378125 0.4190625 0.43375 0.409375 0.43531250000000005 0.39468749999999997 0.4421875 0.39 0.45499999999999996
0 0.42062499999999997 0.42374999999999996 0.4096875 0.43875000000000003 0.4021875 0.46312499999999995 0.4025 0.48312499999999997 0.406875 0.5015625 0.4125 0.5109375 0.4253125 0.5193749999999999 0.4390625 0.5181250000000001 0.4503125 0.5071875 0.45968749999999997 0.4884375 0.46218750000000003 0.4671875 0.46375 0.45499999999999996 0.46281249999999996 0.4503125 0.4565625 0.425 0.4484375 0.4171875 0.433125 0.41624999999999995 0.42062499999999997 0.42374999999999996
0 0.45187499999999997 0.4484375 0.44343750000000004 0.45968749999999997 0.4409375 0.4803125 0.44375 0.5009375 0.44781250000000006 0.515625 0.45437500000000003 0.53 0.46656250000000005 0.5365624999999999 0.4809375 0.538125 0.49093749999999997 0.536875 0.49625 0.5259375000000001 0.4984375 0.51625 0.4984375 0.501875 0.4984375 0.4928125 0.4928125 0.4715625 0.48375 0.46218750000000003 0.47062499999999996 0.4496875 0.46125 0.4446875 0.45187499999999997 0.4484375
0 0.4878125 0.48624999999999996 0.4715625 0.478125 0.46375 0.4840625 0.4603125 0.4971875 0.45999999999999996 0.514375 0.46281249999999996 0.5337500000000001 0.47093749999999995 0.5506249999999999 0.4840625 0.5653125 0.4971875 0.5706249999999999 0.5103125000000001 0.5700000000000001 0.5184375 0.56375 0.5225 0.55625 0.5228125 0.538125 0.5209374999999999 0.53 0.5084375 0.5037499999999999 0.4878125 0.48624999999999996
0 0.46375 0.5221875 0.45187499999999997 0.51875 0.4378125 0.51875 0.4303125 0.530625 0.4259375 0.5478125 0.42437500000000006 0.5659375 0.42781250000000004 0.5828125 0.4346875 0.596875 0.44125 0.6071875 0.4496875 0.6134375000000001 0.46281249999999996 0.614375 0.4728125 0.6131249999999999 0.4803125 0.605 0.4840625 0.596875 0.485 0.5875 0.48562500000000003 0.5775 0.485 0.5628124999999999 0.4809375 0.5475 0.4725 0.5315624999999999 0.46375 0.5221875
0 0.41156249999999994 0.5090625 0.4065625 0.5181250000000001 0.40875000000000006 0.5328125 0.41968750000000005 0.5546875 0.44343750000000004 0.575 0.4653125 0.5865625 0.4840625 0.5743750000000001 0.4928125 0.5587500000000001 0.48875 0.5421875 0.46281249999999996 0.51875 0.445 0.50625 0.4303125 0.5037499999999999 0.41156249999999994 0.5090625
0 0.540625 0.5628124999999999 0.5321875 0.5584374999999999 0.5196875000000001 0.5584374999999999 0.51375 0.5646875 0.5109375 0.57875 0.5075000000000001 0.5962500000000001 0.5053124999999999 0.6131249999999999 0.506875 0.63375 0.5121875 0.6490625 0.5209374999999999 0.660625 0.5365624999999999 0.6653125 0.5475 0.663125 0.5565625 0.6546875 0.5621875000000001 0.6284375 0.5587500000000001 0.600625 0.5578125 0.5878125 0.553125 0.5756249999999999 0.540625 0.5628124999999999
0 0.485 0.5662499999999999 0.4765625 0.5771875 0.4728125 0.5921875 0.468125 0.6078125 0.46624999999999994 0.6315625 0.46687500000000004 0.646875 0.47062499999999996 0.6584375 0.4796875 0.6684375 0.49093749999999997 0.67125 0.5025000000000001 0.67 0.5146875 0.6571875 0.521875 0.6368750000000001 0.5228125 0.6278125 0.5228125 0.60625 0.5215625 0.591875 0.5190625 0.5743750000000001 0.5081249999999999 0.5653125 0.495625 0.56375 0.485 0.5662499999999999
0 0.5096875 0.6487499999999999 0.501875 0.654375 0.49468750000000006 0.6653125 0.4959375 0.678125 0.5037499999999999 0.691875 0.51375 0.7046875 0.5290625 0.7171875 0.5421875 0.7228125000000001 0.5565625 0.72875 0.5659375 0.73 0.5753125 0.7296875 0.5828125 0.7228125000000001 0.584375 0.7112499999999999 0.58 0.6965625 0.57625 0.688125 0.57125 0.6803125 0.5665625000000001 0.6734375 0.5493750000000001 0.656875 0.5337500000000001 0.6484375 0.5193749999999999 0.6475 0.5096875 0.6487499999999999
0 0.505 0.639375 0.4921875 0.6340625 0.48125 0.6346875 0.473125 0.641875 0.47000000000000003 0.6521874999999999 0.4721875 0.665625 0.4734375 0.6815625 0.47874999999999995 0.6965625 0.485 0.7128125 0.49093749999999997 0.7246875 0.5003124999999999 0.7328125 0.5121875 0.7346874999999999 0.5228125 0.73375 0.531875 0.724375 0.5321875 0.714375 0.5325 0.6975 0.529375 0.6837500000000001 0.5231250000000001 0.671875 0.5171875 0.6584375 0.5118750000000001 0.6475 0.505 0.639375
0 0.5721875 0.676875 0.5596875 0.6825 0.5534375 0.691875 0.55375 0.70625 0.55625 0.7278125 0.5675 0.745625 0.5771875 0.7581249999999999 0.5871875 0.7681250000000001 0.5984375 0.77625 0.610625 0.776875 0.619375 0.7696875000000001 0.624375 0.75875 0.625 0.7465625 0.6221875 0.73125 0.61875 0.7215625 0.6090625000000001 0.705 0.6009375 0.6900000000000001 0.594375 0.6828125 0.58375 0.6771874999999999 0.5721875 0.676875
0 0.540625 0.719375 0.5259375000000001 0.71875 0.5146875 0.7259375 0.5128125 0.7378125 0.5146875 0.7534375 0.521875 0.774375 0.5349999999999999 0.79 0.5503125 0.8015625 0.561875 0.8059375 0.575 0.8074999999999999 0.589375 0.8053125 0.594375 0.7953125 0.5928125 0.786875 0.5903125 0.7778125 0.5775 0.7496875000000001 0.5671875 0.734375 0.5543750000000001 0.72375 0.540625 0.719375
0 0.5465625000000001 0.765 0.5337500000000001 0.7634375 0.521875 0.765625 0.5146875 0.7740625 0.5134375 0.7871875 0.51625 0.80625 0.5234375 0.8262499999999999 0.5337500000000001 0.8415625 0.5490625 0.8509375 0.5621875000000001 0.8553124999999999 0.573125 0.8534375000000001 0.5821875000000001 0.8471875000000001 0.5884375000000001 0.8378125000000001 0.58875 0.83125 0.58875 0.818125 0.5809375 0.8012499999999999 0.5715625 0.7887500000000001 0.5587500000000001 0.77625 0.5465625000000001 0.765
0 0.61125 0.7790625 0.603125 0.780625 0.5946875 0.7887500000000001 0.588125 0.8028124999999999 0.5840625 0.8168749999999999 0.5834374999999999 0.835 0.583125 0.8509375 0.5846875 0.8703125 0.5912499999999999 0.8840625 0.6028125 0.891875 0.62375 0.885 0.6275000000000001 0.878125 0.6378125 0.8571875 0.6390625 0.8303125 0.63625 0.8078125 0.6296875 0.7943749999999999 0.623125 0.784375 0.61875 0.7809375000000001 0.61125 0.7790625
0 0.621875 0.7978125 0.6153125 0.8090624999999999 0.6128125 0.8271875 0.6131249999999999 0.8481249999999999 0.6190625 0.8712500000000001 0.625 0.8859375 0.6371875 0.8934374999999999 0.650625 0.89625 0.663125 0.890625 0.66625 0.8821875 0.6675 0.865625 0.6675 0.8525 0.6603125000000001 0.83125 0.6515625 0.8168749999999999 0.6431250000000001 0.8040625 0.634375 0.7959375 0.621875 0.7978125
0 0.6071875 0.850625 0.595 0.8578125 0.589375 0.8703125 0.5865625 0.8896875 0.594375 0.9106249999999999 0.6059375 0.925 0.6196875000000001 0.9337500000000001 0.6368750000000001 0.9334374999999999 0.6465625 0.9253125000000001 0.6509375000000001 0.9181250000000001 0.6515625 0.9106249999999999 0.6528125 0.9012499999999999 0.6481250000000001 0.884375 0.63625 0.8721875000000001 0.6184375 0.8543749999999999 0.6071875 0.850625
0 0.5771875 0.8896875 0.5896874999999999 0.889375 0.5996875 0.8759375 0.6003125 0.8534375000000001 0.5996875 0.8262499999999999 0.589375 0.8074999999999999 0.5771875 0.7993750000000001 0.5559375 0.8071875000000001 0.551875 0.8300000000000001 0.5540625 0.8553124999999999 0.563125 0.8753125 0.5771875 0.8896875