0 0.709375 0.365625 0.709375 0.35625 0.696875 0.353125 0.68125 0.35625 0.671875 0.3625 0.646875 0.3875 0.65 0.421875 0.6875 0.403125 0.709375 0.365625
0 0.6875 0.459375 0.70625 0.440625 0.709375 0.425 0.7 0.40625 0.65 0.446875 0.6375 0.478125 0.6375 0.484375 0.65625 0.48125 0.6875 0.459375
0 0.625 0.496875 0.64375 0.459375 0.65 0.403125 0.64375 0.39375 0.628125 0.390625 0.615625 0.396875 0.6 0.415625 0.59375 0.490625 0.603125 0.50625 0.615625 0.503125 0.625 0.496875
0 0.584375 0.53125 0.6 0.515625 0.609375 0.4875 0.609375 0.434375 0.596875 0.421875 0.584375 0.421875 0.565625 0.4375 0.55625 0.45625 0.559375 0.48125 0.58125 0.53125 0.584375 0.53125
0 0.534375 0.515625 0.540625 0.5125 0.559375 0.4875 0.559375 0.4625 0.55625 0.459375 0.54375 0.459375 0.534375 0.465625 0.525 0.48125 0.521875 0.490625 0.525 0.5125 0.528125 0.515625 0.534375 0.515625
0 0.496875 0.553125 0.5 0.553125 0.515625 0.540625 0.528125 0.525 0.521875 0.4875 0.509375 0.490625 0.4875 0.509375 0.48125 0.521875 0.48125 0.53125 0.484375 0.540625 0.496875 0.553125
0 0.459375 0.590625 0.465625 0.590625 0.484375 0.578125 0.49375 0.565625 0.503125 0.546875 0.503125 0.5375 0.5 0.528125 0.4875 0.51875 0.475 0.521875 0.459375 0.534375 0.45 0.553125 0.45 0.571875 0.45625 0.5875 0.459375 0.590625
0 0.45 0.6125 0.459375 0.603125 0.4625 0.59375 0.45 0.553125 0.4375 0.559375 0.4125 0.590625 0.409375 0.6 0.428125 0.621875 0.4375 0.621875 0.45 0.6125
0 0.39375 0.665625 0.403125 0.6625 0.421875 0.646875 0.453125 0.60625 0.453125 0.6 0.425 0.584375 0.41875 0.584375 0.3875 0.625 0.384375 0.640625 0.384375 0.6625 0.3875 0.665625 0.39375 0.665625
0 0.36875 0.6875 0.390625 0.659375 0.3875 0.625 0.371875 0.63125 0.340625 0.659375 0.3375 0.665625 0.34375 0.7 0.35 0.7 0.36875 0.6875
0 0.334375 0.709375 0.365625 0.6875 0.371875 0.68125 0.375 0.66875 0.35625 0.65625 0.346875 0.65625 0.315625 0.671875 0.303125 0.684375 0.296875 0.7 0.3125 0.715625 0.31875 0.715625 0.334375 0.709375
0 0.284375 0.74375 0.321875 0.715625 0.328125 0.709375 0.328125 0.70625 0.325 0.7 0.3125 0.690625 0.29375 0.690625 0.26875 0.703125 0.25625 0.7125 0.246875 0.721875 0.246875 0.725 0.271875 0.74375 0.284375 0.74375
0 0.240625 0.778125 0.25625 0.76875 0.265625 0.746875 0.265625 0.725 0.240625 0.725 0.23125 0.728125 0.19375 0.759375 0.190625 0.76875 0.196875 0.775 0.209375 0.78125 0.240625 0.778125