0 0.55625 0.321875 0.56875 0.325 0.5875 0.321875 0.6 0.30625 0.6 0.2875 0.596875 0.28125 0.56875 0.265625 0.534375 0.259375 0.5125 0.265625 0.50625 0.271875 0.503125 0.28125 0.5125 0.296875 0.521875 0.30625 0.55625 0.321875
0 0.8099999999999999 0.4246875 0.7965625000000001 0.428125 0.7896875 0.43875000000000003 0.7909375 0.44875 0.8 0.46125 0.81375 0.4715625 0.8284375 0.480625 0.84375 0.48624999999999996 0.8534375000000001 0.4878125 0.8625 0.48624999999999996 0.8706250000000001 0.480625 0.8753125 0.47468750000000004 0.8800000000000001 0.4646875 0.8834375 0.4559375 0.8840625 0.4525 0.8821875 0.440625 0.8612500000000001 0.43218750000000006 0.8409375000000001 0.426875 0.825 0.4246875 0.8099999999999999 0.4246875
0 0.78625 0.446875 0.7725 0.44406249999999997 0.7615624999999999 0.446875 0.754375 0.45375 0.7534375 0.4671875 0.7603125000000001 0.484375 0.7690625 0.49625 0.779375 0.5040625000000001 0.7946875 0.51125 0.8115625 0.5128125 0.8237500000000001 0.5090625 0.8328125 0.5009375 0.8346875 0.4959375 0.8378125000000001 0.48562500000000003 0.8275 0.4625 0.8203125 0.4571875 0.8071875000000001 0.4534375 0.78625 0.446875
0 0.7675 0.47750000000000004 0.7609375 0.47125000000000006 0.7384375000000001 0.46624999999999994 0.7203125 0.4646875 0.7059375 0.4721875 0.701875 0.48312499999999997 0.7059375 0.491875 0.713125 0.505 0.7278125 0.51875 0.7496875000000001 0.5275000000000001 0.7659374999999999 0.5265625 0.7787499999999999 0.5209374999999999 0.779375 0.49749999999999994 0.7759375000000001 0.4890625 0.7675 0.47750000000000004
0 0.66625 0.479375 0.640625 0.4928125 0.6446875000000001 0.5125 0.6625 0.5271874999999999 0.67625 0.5349999999999999 0.6950000000000001 0.54 0.7125 0.5403125 0.7259375 0.5337500000000001 0.7359375 0.5215625 0.7365625 0.51625 0.7321875 0.505625 0.718125 0.491875 0.704375 0.48187499999999994 0.688125 0.47874999999999995 0.66625 0.479375
0 0.6553125 0.49749999999999994 0.6368750000000001 0.49468750000000006 0.61375 0.4984375 0.6018749999999999 0.5081249999999999 0.6056250000000001 0.525 0.615625 0.538125 0.6368750000000001 0.54625 0.6599999999999999 0.5503125 0.67625 0.5493750000000001 0.684375 0.54375 0.6900000000000001 0.540625 0.6940625 0.5234375 0.6834374999999999 0.509375 0.6728125 0.5046875 0.6553125 0.49749999999999994
0 0.5903125 0.515 0.5715625 0.514375 0.5596875 0.520625 0.55375 0.5321875 0.5553125 0.5431250000000001 0.5615625 0.5521874999999999 0.5706249999999999 0.5578125 0.583125 0.561875 0.5953125 0.5646875 0.6059375 0.5659375 0.615 0.5646875 0.6246875000000001 0.5621875000000001 0.63375 0.556875 0.6381249999999999 0.55125 0.639375 0.545 0.6353125000000001 0.5359375 0.6278125 0.5290625 0.6115625 0.5203125 0.5903125 0.515
0 0.5375 0.535625 0.5193749999999999 0.5396875 0.5115624999999999 0.5571875000000001 0.5171875 0.5728125000000001 0.5328125 0.585 0.5565625 0.5890625 0.5725 0.5884375000000001 0.5821875000000001 0.583125 0.588125 0.5775 0.5921875 0.568125 0.5825 0.5475 0.5715625 0.540625 0.5546875 0.536875 0.5375 0.535625
0 0.499375 0.5528125 0.47750000000000004 0.5575 0.46375 0.5700000000000001 0.4603125 0.5815625 0.46656250000000005 0.593125 0.47906250000000006 0.6015625 0.5015625 0.6084375 0.5175 0.6096874999999999 0.5321875 0.6065625 0.5393749999999999 0.6040625000000001 0.5475 0.593125 0.5459375 0.5734375 0.5378125 0.565625 0.52125 0.5578125 0.499375 0.5528125
0 0.45062499999999994 0.5671875 0.426875 0.5765625 0.4134375 0.590625 0.4125 0.6056250000000001 0.4259375 0.619375 0.45 0.625 0.47531249999999997 0.6253124999999999 0.48562500000000003 0.61875 0.49124999999999996 0.6140625 0.495 0.6059375 0.49031250000000004 0.590625 0.4840625 0.58125 0.46749999999999997 0.5696875 0.45062499999999994 0.5671875
0 0.3621875 0.61 0.37312500000000004 0.6246875000000001 0.3959375 0.6359375 0.42312500000000003 0.635 0.43656249999999996 0.6296875 0.44312500000000005 0.621875 0.44406249999999997 0.6090625000000001 0.44406249999999997 0.6053124999999999 0.441875 0.5921875 0.4171875 0.5803125 0.395625 0.5796875 0.36625 0.594375 0.3621875 0.61
0 0.395 0.6090625000000001 0.3821875 0.598125 0.3578125 0.5928125 0.33968750000000003 0.594375 0.3228125 0.6046875 0.313125 0.61875 0.315625 0.63 0.32437499999999997 0.639375 0.338125 0.6443749999999999 0.3584375 0.6425 0.38 0.63875 0.39468749999999997 0.63125 0.39625 0.625 0.3990625 0.620625 0.395 0.6090625000000001
0 0.3578125 0.604375 0.3403125 0.59875 0.321875 0.6012500000000001 0.3090625 0.6071875 0.2896875 0.6159375 0.2765625 0.6228125 0.2725 0.6340625 0.2759375 0.646875 0.28500000000000003 0.649375 0.30281250000000004 0.64625 0.3228125 0.6403125000000001 0.3365625 0.6346875 0.35031249999999997 0.6234375 0.35125 0.6171875 0.3540625 0.6128125 0.3578125 0.604375