0 0.0459375125 0.348750084375 0.034375009375 0.3625000875 0.029687506250000002 0.385937590625 0.035000009375 0.409687596875 0.044062509374999996 0.430937603125 0.059375015625000006 0.44531260625 0.07531251875 0.44625010625000006 0.08406251875000001 0.435937603125 0.08781252187500001 0.4187501 0.088125021875 0.401250096875 0.08656252187499999 0.38687509375 0.08468751875 0.36937508750000003 0.07843751875 0.350000084375 0.071250015625 0.34218758125000004 0.06031251562499999 0.34281258124999997 0.0459375125 0.348750084375
0 0.085312521875 0.3646875875 0.08187501875 0.380625090625 0.07906251875 0.403437596875 0.08437501875 0.43375010312500006 0.09093752187500001 0.45125010625 0.100937525 0.460625109375 0.11218752812499999 0.457812609375 0.123125028125 0.44937510625000004 0.12750003125 0.434375103125 0.13093753125000002 0.41625009999999996 0.13093753125000002 0.39875009375000003 0.13031253125 0.377812590625 0.12468753125000001 0.3650000875 0.11406252812499999 0.354375084375 0.100937525 0.353750084375 0.085312521875 0.3646875875
0 0.13625003125 0.379375090625 0.12156252812499999 0.39468759375 0.117500028125 0.41343759999999996 0.11687502812499999 0.44406260625 0.120937528125 0.46281260937499996 0.13000003124999998 0.4775001125 0.141875034375 0.47968761562499995 0.1546875375 0.47562511250000006 0.1637500375 0.46468760937500003 0.168125040625 0.44750010625 0.170937540625 0.43343760312499996 0.173750040625 0.4225001 0.17687504062499998 0.40406259687499996 0.173125040625 0.39343759375 0.1637500375 0.383437590625 0.1512500375 0.377812590625 0.13625003125 0.379375090625
0 0.194375046875 0.40000009687500004 0.18218754375 0.40750009687500005 0.16906254062499998 0.4218751 0.1634375375 0.439062603125 0.1578125375 0.46156260937500004 0.1578125375 0.480625115625 0.16031253750000002 0.49437511875 0.16625004062499998 0.5068751218750001 0.17656254062500001 0.509687621875 0.18687504375 0.5028126187499999 0.20343755 0.482187615625 0.21250005 0.46187510937500004 0.219375053125 0.44375010625 0.21906255312499998 0.434375103125 0.218125053125 0.41625009999999996 0.20656254999999998 0.40375009687499996 0.194375046875 0.40000009687500004
0 0.23281255625 0.42125009999999996 0.217812553125 0.42750010312500003 0.21281255 0.437500103125 0.20468755 0.452812609375 0.191250046875 0.47125011250000004 0.18718754375 0.48812511562500005 0.18718754375 0.50343761875 0.192500046875 0.515937621875 0.21093755 0.512812621875 0.22625005312500002 0.505937621875 0.23843755625 0.49156261875 0.246562559375 0.4781251125 0.252812559375 0.465000109375 0.25937506250000003 0.44718760625 0.2571875625 0.431250103125 0.252812559375 0.4237501 0.243125059375 0.41968759999999994 0.23281255625 0.42125009999999996
0 0.24125005625 0.46156260937500004 0.226562553125 0.48156261562499997 0.217187553125 0.50031261875 0.21593754999999998 0.524687625 0.221875053125 0.538125128125 0.24031255625 0.5459376312499999 0.2596875625 0.533125128125 0.277500065625 0.515937621875 0.28312506875 0.49625011875 0.28625006875 0.48468761562499996 0.29000006875 0.46312510937500007 0.28468756875 0.452500109375 0.272187565625 0.44718760625 0.2565625625 0.44968760625000004 0.24125005625 0.46156260937500004
0 0.247187559375 0.4659376125 0.23593755624999999 0.47531261249999995 0.23062505625 0.48937511562499997 0.23125005625 0.50375011875 0.23875005625 0.5153126218749999 0.2584375625 0.516562621875 0.271875065625 0.515937621875 0.295000071875 0.514062621875 0.319062575 0.50437511875 0.327187578125 0.490625115625 0.331562578125 0.4703126125 0.317812575 0.460937609375 0.29812507187500004 0.456562609375 0.272500065625 0.457812609375 0.247187559375 0.4659376125
0 0.29156256875 0.49250011875000005 0.2606250625 0.513437621875 0.250312559375 0.531562628125 0.251875059375 0.5496876312500001 0.2656250625 0.55687513125 0.297812571875 0.55468763125 0.327187578125 0.5406251281250001 0.33968758125 0.524062625 0.34125008125 0.514062621875 0.348125084375 0.49968761875 0.34062508125 0.485937615625 0.327187578125 0.48000011562499995 0.315000075 0.481875115625 0.29156256875 0.49250011875000005
0 0.33562508125 0.5328126281250001 0.33906258125 0.5634376343749999 0.34968758437499997 0.585312640625 0.36375008750000004 0.5871876406250001 0.37625009062500003 0.5775001375000001 0.385625090625 0.55687513125 0.38906259374999996 0.539687628125 0.38875009375 0.533125128125 0.38937509375 0.510000121875 0.375000090625 0.49781261875 0.359062584375 0.49531261875 0.34500008125 0.5046876218749999 0.33562508125 0.5328126281250001
0 0.38687509375 0.559687634375 0.383125090625 0.5806251375 0.385312590625 0.59687514375 0.40437509687500006 0.6081251437499999 0.43343760312499996 0.60250014375 0.45156260625 0.5871876406250001 0.46250010937499997 0.566562634375 0.4656251125 0.560000134375 0.4734376125 0.542187628125 0.46187510937500004 0.529062625 0.430625103125 0.524062625 0.40593759687500003 0.535000128125 0.38687509375 0.559687634375
0 0.377187590625 0.5418751281249999 0.38968759375 0.560000134375 0.409375096875 0.5753126375 0.44093760625 0.5712501375000001 0.44562510624999996 0.55250013125 0.44562510624999996 0.543437628125 0.44000010625 0.521250125 0.41343759999999996 0.507187621875 0.39312509375000004 0.505625121875 0.375937590625 0.512187621875 0.377187590625 0.5418751281249999
0 0.43375010312500006 0.6040626437500001 0.44406260625 0.6206251468749999 0.46312510937500007 0.6296876499999999 0.482500115625 0.616250146875 0.485000115625 0.59656264375 0.48750011562499995 0.592500140625 0.4781251125 0.5793751375 0.46281260937499996 0.567187634375 0.434687603125 0.561562634375 0.4253126 0.5756251375 0.43375010312500006 0.6040626437500001
0 0.44250010624999997 0.524687625 0.43531260312500003 0.541562628125 0.44312510625 0.557187634375 0.460312609375 0.5740626375 0.48468761562499996 0.586250140625 0.50343761875 0.585625140625 0.515625121875 0.5718751375 0.514375121875 0.561562634375 0.505000121875 0.541562628125 0.48937511562499997 0.530625125 0.4728126125 0.522812625 0.453437609375 0.5203126250000001 0.44250010624999997 0.524687625
0 0.4778126125 0.585312640625 0.4728126125 0.60718764375 0.479062615625 0.63187515 0.49562511875000004 0.640625153125 0.527500125 0.636875153125 0.5328126281250001 0.619687646875 0.5328126281250001 0.610312646875 0.5328126281250001 0.6037501437499999 0.525312625 0.5834376406249999 0.508437621875 0.5750001375 0.490312615625 0.5734376375 0.4778126125 0.585312640625
0 0.5459376312499999 0.611250146875 0.531875128125 0.614062646875 0.522812625 0.62625015 0.522500125 0.643750153125 0.536562628125 0.65437515625 0.559062634375 0.66000015625 0.5812501375 0.66062515625 0.60562514375 0.6584376562500001 0.616875146875 0.65218765625 0.615312646875 0.635937653125 0.60281264375 0.622500146875 0.5850001406249999 0.613437646875 0.5703126375 0.611250146875 0.5459376312499999 0.611250146875
0 0.509375121875 0.55406263125 0.505000121875 0.5718751375 0.509375121875 0.589375140625 0.5237501250000001 0.60687514375 0.5459376312499999 0.618125146875 0.560937634375 0.615937646875 0.564687634375 0.60093764375 0.566562634375 0.590312640625 0.5684376343750001 0.5784376375 0.55656263125 0.564687634375 0.542500128125 0.5537501312499999 0.524062625 0.55062513125 0.509375121875 0.55406263125
0 0.55250013125 0.5718751375 0.5493751312499999 0.5928126406249999 0.560937634375 0.6115626468750001 0.585937640625 0.62375015 0.60281264375 0.620312646875 0.6209376468750001 0.60312514375 0.62343765 0.589687640625 0.62437515 0.5796876375 0.60906264375 0.568750134375 0.586562640625 0.560937634375 0.562812634375 0.561250134375 0.55250013125 0.5718751375
0 0.6081251437499999 0.590312640625 0.60750014375 0.610625146875 0.62312515 0.63000015 0.644375153125 0.637500153125 0.666250159375 0.636250153125 0.6825001625 0.62468765 0.6862501625 0.60718764375 0.6846876625 0.593437640625 0.6640626593750001 0.5828126375 0.640312653125 0.5771876375 0.617812646875 0.5765626375 0.6081251437499999 0.590312640625
0 0.586875140625 0.62281265 0.5793751375 0.640000153125 0.588437640625 0.65968765625 0.6193751468750001 0.672187659375 0.641250153125 0.674375159375 0.65781265625 0.66093765625 0.65968765625 0.65156265625 0.6675001593750001 0.636875153125 0.65031265625 0.62437515 0.622500146875 0.616250146875 0.59937514375 0.615312646875 0.586875140625 0.62281265
0 0.622500146875 0.65750015625 0.6331251499999999 0.6825001625 0.6546876562499999 0.70281266875 0.6818751625 0.714375171875 0.695000165625 0.6931251656249999 0.692812665625 0.6818751625 0.695312665625 0.6775001625 0.6806251624999999 0.65718765625 0.66062515625 0.644687653125 0.63093765 0.642812653125 0.622500146875 0.65750015625
0 0.664375159375 0.636875153125 0.670625159375 0.66062515625 0.6871876625 0.6806251624999999 0.70656266875 0.693750165625 0.725000171875 0.70406266875 0.744687678125 0.698125165625 0.748750178125 0.6828126625000001 0.748125178125 0.6753126625 0.746875178125 0.665937659375 0.726875171875 0.646250153125 0.70406266875 0.62812515 0.6781251625 0.62437515 0.664375159375 0.636875153125
0 0.696250165625 0.60718764375 0.695312665625 0.62500015 0.70468766875 0.643437653125 0.725625171875 0.663125159375 0.747187678125 0.6762501624999999 0.76531268125 0.6759376625 0.777812684375 0.65968765625 0.7768751843749999 0.644062653125 0.771250184375 0.63375015 0.746875178125 0.615625146875 0.731250175 0.60656264375 0.7121876687500001 0.60062514375 0.696250165625 0.60718764375
0 0.736875175 0.641250153125 0.7350001749999999 0.666250159375 0.742500178125 0.691250165625 0.75812518125 0.7071876687499999 0.7803126875 0.70687516875 0.794062690625 0.6846876625 0.794687690625 0.6675001593750001 0.793750190625 0.670000159375 0.7818751875000001 0.648437653125 0.7609376812499999 0.62625015 0.7440626781249999 0.622500146875 0.736875175 0.641250153125
0 0.8025001906250001 0.65218765625 0.8081251937499999 0.6800001625000001 0.8259376968750001 0.698437665625 0.8518752031249999 0.70875016875 0.8731252093749999 0.70750016875 0.882187709375 0.6918751656250001 0.882187709375 0.6778126624999999 0.881562709375 0.670625159375 0.8659377062500001 0.65437515625 0.8362501999999999 0.636562653125 0.8153126937499999 0.637187653125 0.8025001906250001 0.65218765625
0 0.775000184375 0.619687646875 0.76343768125 0.62781265 0.76406268125 0.647812653125 0.775625184375 0.667812659375 0.7856251875 0.6859376625 0.805937690625 0.6996876656250001 0.8212501968750001 0.70343766875 0.8343752 0.6996876656250001 0.8387502 0.6840626624999999 0.8368752 0.667812659375 0.8356252 0.65593765625 0.825625196875 0.642812653125 0.8065626937499999 0.62937515 0.7925001875000001 0.621562646875 0.775000184375 0.619687646875