0 0 0.4875 0.028125 0.5 0.04375 0.503125 0.053125 0.496875 0.05625 0.45 0.025 0.4375 0 0.4375 0 0.4875
0 0.071875 0.509375 0.075 0.465625 0.071875 0.453125 0.065625 0.45 0.046875 0.45 0.040625 0.465625 0.04375 0.5 0.0625 0.509375 0.071875 0.509375
0 0.096875 0.525 0.10625 0.525 0.1375 0.4875 0.10625 0.471875 0.090625 0.46875 0.078125 0.471875 0.075 0.475 0.075 0.5125 0.08125 0.51875 0.096875 0.525
0 0.159375 0.546875 0.18125 0.5125 0.18125 0.509375 0.175 0.503125 0.14375 0.490625 0.1375 0.490625 0.121875 0.496875 0.1125 0.509375 0.109375 0.528125 0.115625 0.5375 0.13125 0.546875 0.159375 0.546875
0 0.184375 0.565625 0.196875 0.565625 0.228125 0.528125 0.221875 0.51875 0.209375 0.5125 0.16875 0.50625 0.153125 0.528125 0.153125 0.546875 0.175 0.5625 0.184375 0.565625
0 0.24375 0.58125 0.28125 0.54375 0.28125 0.540625 0.275 0.534375 0.259375 0.528125 0.221875 0.528125 0.215625 0.53125 0.2 0.546875 0.19375 0.565625 0.20625 0.578125 0.21875 0.58125 0.24375 0.58125
0 0.325 0.590625 0.34375 0.584375 0.35 0.578125 0.35 0.5625 0.334375 0.546875 0.328125 0.54375 0.28125 0.54375 0.26875 0.546875 0.25625 0.5625 0.253125 0.571875 0.253125 0.584375 0.259375 0.590625 0.325 0.590625
0 0.3875 0.5875 0.396875 0.578125 0.396875 0.565625 0.3875 0.540625 0.384375 0.5375 0.365625 0.5375 0.334375 0.54375 0.325 0.546875 0.31875 0.553125 0.3125 0.565625 0.3125 0.590625 0.36875 0.59375 0.3875 0.5875
0 0.36875 0.59375 0.390625 0.5875 0.421875 0.559375 0.425 0.55 0.425 0.5375 0.40625 0.53125 0.396875 0.53125 0.371875 0.540625 0.36875 0.54375 0.35625 0.565625 0.35625 0.590625 0.359375 0.59375 0.36875 0.59375
0 0.709375 0.640625 0.734375 0.621875 0.721875 0.615625 0.6875 0.6125 0.675 0.61875 0.6625 0.63125 0.659375 0.640625 0.66875 0.646875 0.696875 0.646875 0.709375 0.640625
0 0.653125 0.640625 0.659375 0.6375 0.675 0.615625 0.675 0.609375 0.671875 0.60625 0.65 0.6 0.628125 0.60625 0.621875 0.61875 0.621875 0.63125 0.628125 0.6375 0.653125 0.640625
0 0.621875 0.628125 0.628125 0.621875 0.634375 0.603125 0.628125 0.596875 0.625 0.596875 0.603125 0.6 0.584375 0.60625 0.575 0.615625 0.578125 0.625 0.5875 0.628125 0.621875 0.628125
0 0.41656250000000006 0.559375 0.410625 0.5721875 0.41312499999999996 0.584375 0.4425 0.5771875 0.45375 0.5678124999999999 0.46624999999999994 0.5540625 0.471875 0.5409375 0.47125000000000006 0.5349999999999999 0.45187499999999997 0.5275000000000001 0.43656249999999996 0.5303125 0.4253125 0.55 0.41656250000000006 0.559375
0 0.47750000000000004 0.5478125 0.488125 0.559375 0.4984375 0.56125 0.5118750000000001 0.558125 0.52125 0.55125 0.5231250000000001 0.5493750000000001 0.530625 0.5434375 0.50625 0.53 0.49343750000000003 0.5303125 0.4803125 0.536875 0.47750000000000004 0.5478125
0 0.5240625 0.5496875 0.5328125 0.5596875 0.545 0.5634375 0.5634375 0.5599999999999999 0.5684375 0.5553125 0.571875 0.546875 0.5625 0.5384375 0.545625 0.535625 0.53 0.5393749999999999 0.5240625 0.5496875
0 0.569375 0.5584374999999999 0.5784374999999999 0.564375 0.5946875 0.5659375 0.6071875 0.5640625 0.6128125 0.548125 0.598125 0.54125 0.5784374999999999 0.54 0.5696875 0.54875 0.569375 0.5584374999999999