0 0.43125 0.259375 0.44375 0.259375 0.45625 0.246875 0.459375 0.240625 0.475 0.190625 0.465625 0.165625 0.453125 0.15625 0.440625 0.15625 0.425 0.16875 0.41875 0.184375 0.41875 0.228125 0.421875 0.240625 0.43125 0.259375
0 0.4625 0.2875 0.4875 0.2625 0.5125 0.21875 0.509375 0.203125 0.5 0.190625 0.49375 0.1875 0.48125 0.1875 0.475 0.19375 0.453125 0.253125 0.453125 0.284375 0.459375 0.2875 0.4625 0.2875
0 0.475 0.28125 0.475 0.290625 0.4875 0.309375 0.49375 0.3125 0.509375 0.3125 0.515625 0.309375 0.521875 0.290625 0.54375 0.2625 0.546875 0.253125 0.54375 0.2375 0.540625 0.23125 0.528125 0.21875 0.515625 0.21875 0.50625 0.225 0.503125 0.234375 0.490625 0.246875 0.490625 0.2625 0.484375 0.271875 0.478125 0.275 0.475 0.28125
0 0.4875 0.3625 0.496875 0.371875 0.503125 0.375 0.5125 0.375 0.5125 0.359375 0.515625 0.35625 0.515625 0.328125 0.50625 0.278125 0.49375 0.265625 0.490625 0.265625 0.475 0.28125 0.46875 0.29375 0.46875 0.31875 0.471875 0.33125 0.4875 0.3625
0 0.53125 0.34375 0.534375 0.34375 0.540625 0.340625 0.571875 0.309375 0.571875 0.296875 0.56875 0.29375 0.56875 0.28125 0.55625 0.265625 0.54375 0.2625 0.534375 0.265625 0.525 0.275 0.525 0.278125 0.51875 0.284375 0.51875 0.334375 0.53125 0.34375
0 0.521875 0.336875 0.5121875 0.35750000000000004 0.5181250000000001 0.3784375 0.5471874999999999 0.3896875 0.5684375 0.380625 0.5846875 0.361875 0.5900000000000001 0.34625 0.591875 0.33999999999999997 0.5928125 0.3278125 0.58125 0.3134375 0.5646875 0.309375 0.54125 0.3178125 0.521875 0.336875
0 0.5565625 0.36124999999999996 0.5309375000000001 0.37906249999999997 0.5209374999999999 0.40125 0.5287499999999999 0.42000000000000004 0.5534375 0.42625 0.5840625 0.4125 0.5996875 0.39718749999999997 0.603125 0.3915625 0.6065625 0.38 0.6059375 0.3640625 0.598125 0.354375 0.5840625 0.3525 0.5565625 0.36124999999999996
0 0.5390625 0.4178125 0.5353125000000001 0.43499999999999994 0.5421875 0.45406250000000004 0.56125 0.45999999999999996 0.5884375000000001 0.4515625 0.6009375 0.4409375 0.6059375 0.42625 0.6071875 0.4203125 0.6109375 0.40812499999999996 0.6053124999999999 0.39875 0.58125 0.39625 0.5543750000000001 0.40531249999999996 0.5390625 0.4178125
0 0.5875 0.44312500000000005 0.58 0.4625 0.58125 0.4928125 0.5884375000000001 0.50875 0.6184375 0.49874999999999997 0.6284375 0.488125 0.6390625 0.46343750000000006 0.63875 0.45093750000000005 0.6375 0.440625 0.629375 0.43 0.6140625 0.42874999999999996 0.6018749999999999 0.43093750000000003 0.5875 0.44312500000000005
0 0.5415625000000001 0.4496875 0.536875 0.464375 0.54125 0.49124999999999996 0.5571875000000001 0.525625 0.571875 0.5384375 0.5921875 0.529375 0.5984375 0.51125 0.5984375 0.49343750000000003 0.5978125000000001 0.48125 0.5928125 0.4715625 0.586875 0.4546875 0.5721875 0.43968749999999995 0.5546875 0.43937499999999996 0.5415625000000001 0.4496875
0 0.6121875 0.48343749999999996 0.59375 0.5040625000000001 0.5825 0.5290625 0.578125 0.561875 0.59375 0.5706249999999999 0.6168750000000001 0.5578125 0.6328125 0.541875 0.6431250000000001 0.526875 0.646875 0.5125 0.6521874999999999 0.49437499999999995 0.65 0.484375 0.6359375 0.47531249999999997 0.6121875 0.48343749999999996
0 0.6428125 0.6296875 0.6334375 0.6559375000000001 0.630625 0.67 0.63125 0.68875 0.645 0.7109375 0.6640625 0.7068749999999999 0.678125 0.68875 0.689375 0.67125 0.6956249999999999 0.66125 0.693125 0.6381249999999999 0.686875 0.624375 0.6659375 0.6165625 0.6428125 0.6296875
0 0.630625 0.6599999999999999 0.6174999999999999 0.6815625 0.6240625 0.7056250000000001 0.6696875 0.7253125 0.6837500000000001 0.7262500000000001 0.69625 0.724375 0.7140625 0.7178125 0.7212500000000001 0.71 0.71875 0.6984375 0.7006249999999999 0.678125 0.6790625 0.6637500000000001 0.655625 0.6584375 0.630625 0.6599999999999999
0 0.6740625 0.7334375 0.6715625000000001 0.7478125 0.6746875 0.7565625 0.6799999999999999 0.76375 0.6978125000000001 0.7715625 0.7121875 0.7678125 0.7234375 0.7590625 0.7296875 0.75 0.7309375 0.7371875 0.7275 0.7262500000000001 0.7165625 0.719375 0.6978125000000001 0.7196875 0.6821875000000001 0.725 0.6740625 0.7334375
0 0.64375 0.7537499999999999 0.64 0.7671875 0.6425 0.7834375 0.6553125 0.7975 0.6690625 0.8028124999999999 0.6865625 0.7990625 0.69375 0.7878125 0.69375 0.78 0.69375 0.77 0.6849999999999999 0.7537499999999999 0.67375 0.7440625 0.6528125 0.7453125 0.64375 0.7537499999999999
0 0.6884375 0.7984375 0.7068749999999999 0.8087500000000001 0.729375 0.8071875000000001 0.740625 0.795625 0.7462500000000001 0.7825 0.7459374999999999 0.7721875 0.7424999999999999 0.7646875 0.7359375 0.759375 0.7121875 0.7578125 0.688125 0.7659374999999999 0.6803125 0.7825 0.6884375 0.7984375
0 0.6665625000000001 0.8065625000000001 0.6653125 0.8221875000000001 0.6690625 0.8324999999999999 0.68125 0.8418749999999999 0.696875 0.84375 0.7078125 0.8378125000000001 0.7190624999999999 0.825 0.721875 0.8146875 0.7190624999999999 0.8084374999999999 0.71 0.8 0.6934375 0.79125 0.6765625 0.795 0.6665625000000001 0.8065625000000001
0 0.6959375 0.8415625 0.701875 0.8568749999999999 0.7159375 0.8568749999999999 0.73375 0.853125 0.7509375 0.8412499999999999 0.76 0.829375 0.7628125 0.8171875 0.76125 0.8059375 0.7596875 0.803125 0.7446875000000001 0.7934375 0.7221875 0.8003125000000001 0.7078125 0.8153124999999999 0.698125 0.8318749999999999 0.6959375 0.8415625
0 0.721875 0.8546875 0.7184375000000001 0.8715624999999999 0.7215625 0.8840625 0.7296875 0.8871874999999999 0.754375 0.883125 0.7693749999999999 0.8746875 0.7771874999999999 0.8621874999999999 0.7771874999999999 0.858125 0.7765625 0.846875 0.76625 0.8365625 0.7440625 0.8328125 0.7318749999999999 0.8412499999999999 0.721875 0.8546875
0 0.7453125 0.8759375 0.7318749999999999 0.8868750000000001 0.725625 0.8990625 0.7284375 0.91625 0.7434375 0.9246874999999999 0.7665625 0.9365625 0.783125 0.9356249999999999 0.7928124999999999 0.9243750000000001 0.796875 0.9115624999999999 0.796875 0.909375 0.795625 0.899375 0.7887500000000001 0.8815625 0.7775000000000001 0.875625 0.76 0.8724999999999999 0.7453125 0.8759375
0 0.7465625 0.91625 0.7334375 0.9309375 0.7340625000000001 0.9481249999999999 0.749375 0.9696875 0.7678125 0.9806250000000001 0.7978125 0.984375 0.8125 0.9721875000000001 0.8128125 0.95625 0.8128125 0.9550000000000001 0.8078125 0.9487500000000001 0.7990625 0.9328125 0.7821875 0.91875 0.7621875 0.914375 0.7465625 0.91625