0 0.8875 0.578125 0.896875 0.571875 0.896875 0.525 0.890625 0.496875 0.88125 0.484375 0.871875 0.48125 0.853125 0.48125 0.85 0.496875 0.85625 0.56875 0.86875 0.578125 0.8875 0.578125
0 0.9125 0.584375 0.934375 0.584375 0.940625 0.58125 0.94375 0.578125 0.934375 0.521875 0.921875 0.490625 0.890625 0.490625 0.8875 0.5 0.8875 0.534375 0.896875 0.571875 0.9125 0.584375
0 0.934375 0.559375 0.94375 0.575 0.965625 0.584375 0.975 0.584375 0.98125 0.571875 0.984375 0.534375 0.96875 0.496875 0.959375 0.484375 0.946875 0.478125 0.93125 0.48125 0.925 0.4875 0.925 0.496875 0.93125 0.51875 0.934375 0.559375
0 0.81875 0.55625 0.828125 0.55 0.834375 0.5375 0.834375 0.521875 0.8375 0.51875 0.8375 0.48125 0.83125 0.46875 0.81875 0.459375 0.809375 0.45625 0.796875 0.459375 0.79375 0.4625 0.790625 0.540625 0.8 0.553125 0.80625 0.55625 0.81875 0.55625
0 0.8125 0.5625 0.828125 0.575 0.84375 0.575 0.85 0.571875 0.85 0.525 0.84375 0.4875 0.828125 0.465625 0.81875 0.465625 0.809375 0.490625 0.809375 0.53125 0.8125 0.534375 0.8125 0.5625
0 0.7796875 0.46968750000000004 0.7690625 0.4715625 0.7584375 0.48531250000000004 0.7565625 0.5103125000000001 0.7625 0.53625 0.7709374999999999 0.5596875 0.7859375 0.56875 0.7990625 0.565625 0.8021874999999999 0.5640625 0.8106249999999999 0.55625 0.8103125 0.5196875000000001 0.8078125 0.4965625 0.8 0.48375 0.7796875 0.46968750000000004
0 0.72 0.46749999999999997 0.7096875 0.480625 0.7071875000000001 0.5021875 0.7115625 0.526875 0.723125 0.5475 0.73875 0.5575 0.7528125 0.5546875 0.7590625 0.546875 0.7621875 0.5359375 0.765 0.5225 0.7618750000000001 0.49375 0.7571875 0.476875 0.7478125 0.46749999999999997 0.7315625 0.46343750000000006 0.72 0.46749999999999997
0 0.75625 0.546875 0.765625 0.55 0.778125 0.546875 0.7875 0.534375 0.790625 0.51875 0.790625 0.475 0.7875 0.4625 0.778125 0.45 0.76875 0.446875 0.75 0.45 0.746875 0.45625 0.746875 0.53125 0.75 0.540625 0.75625 0.546875
0 0.70625 0.528125 0.71875 0.540625 0.721875 0.540625 0.7375 0.534375 0.74375 0.528125 0.74375 0.45625 0.734375 0.44375 0.721875 0.4375 0.70625 0.4375 0.703125 0.440625 0.7 0.446875 0.7 0.503125 0.703125 0.521875 0.70625 0.528125
0 0.66125 0.4671875 0.658125 0.49093749999999997 0.6634375 0.5128125 0.6759375000000001 0.5340625 0.6993750000000001 0.5453125 0.7121875 0.5365624999999999 0.718125 0.5193749999999999 0.7184375000000001 0.506875 0.71375 0.4965625 0.704375 0.46875 0.6853125 0.45 0.6696875 0.45406250000000004 0.66125 0.4671875
0 0.66875 0.528125 0.675 0.534375 0.68125 0.5375 0.703125 0.5375 0.703125 0.503125 0.696875 0.4625 0.7 0.459375 0.696875 0.45625 0.696875 0.440625 0.690625 0.434375 0.675 0.43125 0.665625 0.43125 0.659375 0.434375 0.653125 0.44375 0.653125 0.490625 0.65625 0.503125 0.66875 0.528125
0 0.615625 0.47406249999999994 0.6290625000000001 0.5121875 0.6421875 0.5349999999999999 0.6709375 0.5378125 0.678125 0.525625 0.67625 0.496875 0.6684375 0.47125000000000006 0.6640625 0.4559375 0.659375 0.4378125 0.6503125 0.43187499999999995 0.63375 0.43375 0.6212500000000001 0.445 0.615625 0.47406249999999994
0 0.5625 0.50625 0.56875 0.509375 0.584375 0.509375 0.59375 0.50625 0.6 0.5 0.6 0.484375 0.603125 0.48125 0.6 0.440625 0.59375 0.421875 0.5875 0.4125 0.578125 0.40625 0.559375 0.40625 0.55625 0.409375 0.55625 0.428125 0.553125 0.43125 0.553125 0.49375 0.5625 0.50625
0 0.54375 0.48125 0.553125 0.465625 0.553125 0.409375 0.5375 0.396875 0.521875 0.4 0.515625 0.403125 0.515625 0.478125 0.521875 0.48125 0.54375 0.48125
0 0.54375 0.5125 0.553125 0.50625 0.55 0.490625 0.54375 0.48125 0.515625 0.48125 0.50625 0.484375 0.5 0.490625 0.5 0.503125 0.525 0.5125 0.54375 0.5125
0 0.471875 0.478125 0.484375 0.490625 0.490625 0.490625 0.50625 0.48125 0.5125 0.471875 0.515625 0.459375 0.515625 0.41875 0.5125 0.403125 0.496875 0.390625 0.484375 0.39375 0.475 0.403125 0.46875 0.41875 0.46875 0.434375 0.465625 0.4375 0.465625 0.465625 0.471875 0.478125
0 0.48125 0.484375 0.484375 0.440625 0.478125 0.415625 0.471875 0.403125 0.46875 0.403125 0.453125 0.40625 0.44375 0.421875 0.440625 0.484375 0.45 0.496875 0.46875 0.496875 0.48125 0.484375
0 0.40625 0.4875 0.4125 0.49375 0.425 0.496875 0.434375 0.490625 0.4375 0.48125 0.4375 0.43125 0.428125 0.428125 0.415625 0.428125 0.40625 0.434375 0.403125 0.440625 0.403125 0.46875 0.40625 0.471875 0.40625 0.4875
0 0.390625 0.490625 0.396875 0.4875 0.4 0.48125 0.4 0.4375 0.3875 0.40625 0.375 0.40625 0.36875 0.409375 0.365625 0.4125 0.365625 0.48125 0.378125 0.490625 0.390625 0.490625
0 0.33125 0.478125 0.34375 0.484375 0.3625 0.48125 0.365625 0.465625 0.365625 0.390625 0.3625 0.3875 0.3125 0.3875 0.3125 0.403125 0.325 0.471875 0.33125 0.478125
0 0.271875 0.446875 0.28125 0.45625 0.30625 0.465625 0.321875 0.465625 0.3375 0.45 0.340625 0.440625 0.3375 0.428125 0.3 0.3875 0.2625 0.3875 0.25 0.39375 0.24375 0.4 0.25 0.41875 0.26875 0.446875 0.271875 0.446875
0 0.1546875 0.3896875 0.1421875 0.39875 0.1371875 0.41187500000000005 0.1375 0.42843749999999997 0.14875 0.43875000000000003 0.1671875 0.43875000000000003 0.1846875 0.4359375 0.210625 0.43 0.231875 0.421875 0.24125000000000002 0.4134375 0.24343750000000003 0.405625 0.2403125 0.3934375 0.22562500000000002 0.3834375 0.2028125 0.3825 0.1715625 0.38468749999999996 0.1546875 0.3896875
0 0.18156250000000002 0.4225 0.16468750000000001 0.4303125 0.1590625 0.4390625 0.16 0.4490625 0.16875 0.464375 0.18062499999999998 0.4725 0.1978125 0.47625 0.2240625 0.4771875 0.2390625 0.47375 0.2503125 0.46781249999999996 0.25593750000000004 0.46187500000000004 0.260625 0.4525 0.26 0.43968749999999995 0.2521875 0.43 0.23937499999999998 0.4225 0.22625 0.41968750000000005 0.20437500000000003 0.4178125 0.18156250000000002 0.4225
0 0.2165625 0.4140625 0.209375 0.421875 0.21156250000000001 0.43968749999999995 0.22000000000000003 0.453125 0.23531249999999998 0.469375 0.25406249999999997 0.48218750000000005 0.27125 0.48343749999999996 0.2828125 0.480625 0.28781249999999997 0.4684375 0.28531249999999997 0.4534375 0.284375 0.44656250000000003 0.273125 0.4265625 0.2634375 0.4134375 0.24874999999999997 0.40843749999999995 0.23156249999999998 0.4078125 0.2165625 0.4140625
0 0.275 0.4371875 0.27718750000000003 0.458125 0.28312499999999996 0.4725 0.304375 0.48531250000000004 0.32 0.48656249999999995 0.3284375 0.478125 0.334375 0.469375 0.32625000000000004 0.44875 0.318125 0.43375 0.2965625 0.4253125 0.275 0.4371875