0 0.48312499999999997 0.8106249999999999 0.4828125 0.8256249999999999 0.488125 0.8415625 0.49749999999999994 0.8571875 0.51375 0.8559374999999999 0.5265625 0.8471875000000001 0.5353125000000001 0.8334374999999999 0.5440625 0.8153124999999999 0.5506249999999999 0.7921875 0.5490625 0.7759375000000001 0.5440625 0.7671875 0.534375 0.7646875 0.5193749999999999 0.7634375 0.505625 0.771875 0.48968749999999994 0.7940625 0.48312499999999997 0.8106249999999999
0 0.49343750000000003 0.7190624999999999 0.4840625 0.739375 0.48 0.7546875 0.47843749999999996 0.7775000000000001 0.478125 0.79125 0.48250000000000004 0.8034375 0.48968749999999994 0.8087500000000001 0.5028125 0.80625 0.5121875 0.79875 0.5225 0.7875 0.5303125 0.775625 0.5371875 0.7615624999999999 0.54 0.743125 0.5409375 0.7271875 0.5403125 0.7209375 0.5365624999999999 0.714375 0.52625 0.7025 0.515 0.7009375 0.5025000000000001 0.7068749999999999 0.49343750000000003 0.7190624999999999
0 0.4603125 0.6681250000000001 0.45499999999999996 0.6756249999999999 0.4453125 0.7065625 0.4415625 0.725625 0.441875 0.74375 0.44437499999999996 0.7559375 0.45125000000000004 0.7659374999999999 0.4640625 0.7681250000000001 0.47874999999999995 0.7634375 0.49312500000000004 0.745625 0.499375 0.73 0.505625 0.7115625 0.5075000000000001 0.6971875 0.5075000000000001 0.689375 0.51 0.6809375 0.49906249999999996 0.6684375 0.4925 0.6659375 0.476875 0.6646875 0.4603125 0.6681250000000001
0 0.4690625 0.6993750000000001 0.47000000000000003 0.71375 0.480625 0.7268749999999999 0.49437499999999995 0.73125 0.515625 0.7209375 0.526875 0.7056250000000001 0.5403125 0.6793750000000001 0.540625 0.66125 0.53125 0.646875 0.525625 0.64375 0.5153125000000001 0.6431250000000001 0.5015625 0.64625 0.4828125 0.6599999999999999 0.473125 0.6775 0.4690625 0.6993750000000001
0 0.49468750000000006 0.5734375 0.4796875 0.5925 0.46875 0.6115625 0.4659375 0.6290625000000001 0.465 0.6459374999999999 0.469375 0.6590625 0.47906250000000006 0.66625 0.4928125 0.6659375 0.5075000000000001 0.6578125 0.5171875 0.6440625 0.5265625 0.6215625 0.529375 0.6078125 0.5315624999999999 0.5925 0.5290625 0.5790625 0.5209374999999999 0.56875 0.5053124999999999 0.5675 0.49468750000000006 0.5734375
0 0.44281249999999994 0.6015625 0.43937499999999996 0.61875 0.44437499999999996 0.63125 0.459375 0.6368750000000001 0.47843749999999996 0.6334375 0.49468750000000006 0.6178125 0.506875 0.5953125 0.51125 0.5728125000000001 0.51 0.5515625 0.50875 0.54375 0.49375 0.540625 0.47874999999999995 0.545 0.465 0.558125 0.4496875 0.58375 0.44281249999999994 0.6015625
0 0.48531250000000004 0.47468750000000004 0.475 0.4846875 0.473125 0.501875 0.475 0.520625 0.48125 0.5390625 0.488125 0.553125 0.500625 0.5625 0.5128125 0.5625 0.5259375000000001 0.5553125 0.533125 0.5387500000000001 0.5337500000000001 0.5184375 0.5325 0.5025000000000001 0.5225 0.48562500000000003 0.509375 0.47406249999999994 0.49812500000000004 0.4728125 0.48531250000000004 0.47468750000000004
0 0.445 0.45906250000000004 0.43937499999999996 0.4671875 0.436875 0.48125 0.43656249999999996 0.5034375 0.44437499999999996 0.51625 0.45968749999999997 0.5278125 0.47625 0.5337500000000001 0.49124999999999996 0.530625 0.499375 0.520625 0.5015625 0.505 0.500625 0.49375 0.4928125 0.48656249999999995 0.48 0.4765625 0.46656250000000005 0.46624999999999994 0.45625 0.459375 0.445 0.45906250000000004
0 0.4415625 0.5118750000000001 0.433125 0.5221875 0.4303125 0.5353125000000001 0.43156249999999996 0.548125 0.43937499999999996 0.5615625 0.4503125 0.58125 0.45999999999999996 0.5896874999999999 0.475 0.5940624999999999 0.49093749999999997 0.5915625 0.499375 0.5803125 0.500625 0.5650000000000001 0.49812500000000004 0.54875 0.4915625 0.5359375 0.48562500000000003 0.53125 0.4771875 0.5190625 0.465 0.5121875 0.4525 0.509375 0.4415625 0.5118750000000001
0 0.4546875 0.418125 0.44406249999999997 0.42125 0.4378125 0.429375 0.43843750000000004 0.4415625 0.44406249999999997 0.4575 0.45875000000000005 0.4734375 0.4734375 0.4840625 0.4878125 0.4884375 0.4996875 0.490625 0.5134375 0.49000000000000005 0.5246875 0.48562500000000003 0.53125 0.47375 0.5309375000000001 0.46187500000000004 0.528125 0.4546875 0.5203125 0.449375 0.504375 0.4403125 0.48375 0.4253125 0.4671875 0.4184375 0.4546875 0.418125
0 0.44875 0.374375 0.44781250000000006 0.3859375 0.45125000000000004 0.4015625 0.460625 0.42000000000000004 0.471875 0.4334375 0.484375 0.44343750000000004 0.4965625 0.44749999999999995 0.5125 0.44749999999999995 0.5228125 0.441875 0.5290625 0.4346875 0.530625 0.42374999999999996 0.5290625 0.410625 0.525 0.40125 0.5181250000000001 0.39187500000000003 0.5071875 0.3825 0.49312500000000004 0.374375 0.47531249999999997 0.36625 0.46375 0.36312500000000003 0.4515625 0.365 0.44875 0.374375
0 0.459375 0.3796875 0.47125000000000006 0.383125 0.48562500000000003 0.38375 0.5009375 0.3828125 0.515625 0.3784375 0.5246875 0.3715625 0.5296875 0.3628125 0.5309375000000001 0.3525 0.525 0.3484375 0.4259375 0.350625 0.44000000000000006 0.3678125 0.448125 0.37374999999999997 0.459375 0.3796875
0 0.4646875 0.31875 0.453125 0.33125 0.44437499999999996 0.34375 0.44625000000000004 0.3525 0.4659375 0.35343749999999996 0.5287499999999999 0.35 0.538125 0.3384375 0.5387500000000001 0.3259375 0.534375 0.315625 0.5271874999999999 0.30843750000000003 0.51375 0.3071875 0.500625 0.3078125 0.4796875 0.3128125 0.4646875 0.31875
0 0.44875 0.2971875 0.4453125 0.3115625 0.45625 0.3196875 0.473125 0.3253125 0.489375 0.32437499999999997 0.5096875 0.3115625 0.5275000000000001 0.29874999999999996 0.5353125000000001 0.2875 0.535625 0.274375 0.5265625 0.26187499999999997 0.5209374999999999 0.256875 0.5059375 0.25656249999999997 0.48656249999999995 0.2625 0.4721875 0.2725 0.4565625 0.2828125 0.44875 0.2971875
0 0.48624999999999996 0.2140625 0.46781249999999996 0.22781250000000003 0.456875 0.24281250000000001 0.4503125 0.25406249999999997 0.4484375 0.2665625 0.45 0.2765625 0.4609375 0.27937500000000004 0.48375 0.27875 0.49781250000000005 0.27468750000000003 0.5109375 0.2684375 0.5234375 0.25406249999999997 0.5328125 0.240625 0.5340625 0.2246875 0.53125 0.21125 0.520625 0.20656249999999998 0.5065625 0.206875 0.48624999999999996 0.2140625
0 0.490625 0.1796875 0.48343749999999996 0.193125 0.47781250000000003 0.20812499999999998 0.47375 0.220625 0.471875 0.234375 0.4728125 0.2459375 0.47625 0.2546875 0.4859375 0.26 0.5015625 0.25875 0.5165625 0.2509375 0.5284375 0.23156249999999998 0.5378125 0.198125 0.5387500000000001 0.1859375 0.5396875 0.1759375 0.525 0.16125 0.5128125 0.161875 0.4996875 0.1675 0.490625 0.1796875
0 0.459375 0.17781249999999998 0.45062499999999994 0.190625 0.44312500000000005 0.2034375 0.441875 0.2190625 0.4490625 0.2284375 0.4609375 0.22999999999999998 0.4759375 0.22749999999999998 0.491875 0.21968749999999998 0.506875 0.2084375 0.52 0.19624999999999998 0.524375 0.18062499999999998 0.5237499999999999 0.16625 0.5118750000000001 0.159375 0.49406249999999996 0.159375 0.47437500000000005 0.165625 0.459375 0.17781249999999998
0 0.47843749999999996 0.11875 0.46656250000000005 0.12593749999999998 0.45562500000000006 0.1371875 0.44718749999999996 0.15125 0.44375 0.16468750000000001 0.4409375 0.1746875 0.441875 0.18562499999999998 0.446875 0.19718750000000002 0.45437500000000003 0.2046875 0.469375 0.20437500000000003 0.4878125 0.195 0.5028125 0.1753125 0.51125 0.1603125 0.516875 0.1453125 0.5196875000000001 0.1390625 0.5203125 0.1359375 0.5209374999999999 0.13187500000000002 0.5146875 0.11968749999999999 0.5028125 0.11656249999999999 0.4921875 0.11656249999999999 0.47843749999999996 0.11875
0 0.4525 0.0759375 0.45 0.08875 0.445625 0.1065625 0.44437499999999996 0.121875 0.445 0.134375 0.44781250000000006 0.146875 0.4525 0.1584375 0.46218750000000003 0.16625 0.4765625 0.166875 0.48562500000000003 0.160625 0.49312500000000004 0.1484375 0.49749999999999994 0.13374999999999998 0.5009375 0.11656249999999999 0.5 0.099375 0.49749999999999994 0.09031249999999999 0.49468750000000006 0.08249999999999999 0.4875 0.07062500000000001 0.475 0.0665625 0.45968749999999997 0.068125 0.4525 0.0759375
0 0.500625 0.06937499999999999 0.49312500000000004 0.083125 0.4921875 0.1028125 0.4921875 0.11781250000000001 0.49749999999999994 0.138125 0.503125 0.1525 0.5109375 0.16343749999999999 0.5246875 0.165625 0.53625 0.1609375 0.5415625000000001 0.1459375 0.5434375 0.1275 0.5443749999999999 0.10718749999999999 0.5443749999999999 0.0978125 0.5353125000000001 0.075 0.5246875 0.0653125 0.5121875 0.064375 0.500625 0.06937499999999999
0 0.5065625 0.04 0.4984375 0.0484375 0.4878125 0.0646875 0.48187499999999994 0.07718749999999999 0.47781250000000003 0.0896875 0.476875 0.10406249999999999 0.48250000000000004 0.11125 0.49468750000000006 0.1153125 0.5071875 0.11468750000000001 0.5196875000000001 0.10906249999999999 0.529375 0.103125 0.5390625 0.090625 0.54375 0.07875 0.5478125 0.06375 0.5506249999999999 0.051875000000000004 0.5509375000000001 0.0440625 0.5490625 0.036875000000000005 0.5393749999999999 0.0325 0.53 0.03125 0.5178125 0.033125 0.5065625 0.04