0 0.36875 0.23125 0.39375 0.23125 0.40625 0.221875 0.40625 0.215625 0.390625 0.190625 0.378125 0.175 0.359375 0.159375 0.3375 0.146875 0.325 0.146875 0.315625 0.153125 0.309375 0.16875 0.31875 0.19375 0.334375 0.209375 0.36875 0.23125
0 0.3375 0.246875 0.346875 0.25 0.36875 0.246875 0.384375 0.228125 0.378125 0.20625 0.3375 0.171875 0.328125 0.16875 0.309375 0.16875 0.303125 0.171875 0.296875 0.18125 0.296875 0.203125 0.3125 0.225 0.3375 0.246875
0 0.34375 0.30625 0.35 0.309375 0.359375 0.309375 0.365625 0.303125 0.36875 0.29375 0.378125 0.234375 0.375 0.225 0.3375 0.20625 0.328125 0.209375 0.3125 0.21875 0.3125 0.246875 0.33125 0.290625 0.34375 0.30625
0 0.378125 0.31875 0.3875 0.321875 0.409375 0.3125 0.421875 0.2875 0.428125 0.24375 0.396875 0.20625 0.390625 0.203125 0.378125 0.203125 0.375 0.209375 0.365625 0.25 0.365625 0.290625 0.36875 0.303125 0.378125 0.31875
0 0.396875 0.315625 0.45 0.321875 0.45625 0.309375 0.45625 0.29375 0.45 0.275 0.434375 0.246875 0.421875 0.234375 0.4125 0.23125 0.4 0.234375 0.390625 0.24375 0.3875 0.25 0.3875 0.290625 0.39375 0.3125 0.396875 0.315625
0 0.3625 0.309375 0.3559375 0.325 0.3584375 0.3409375 0.3678125 0.35281250000000003 0.3821875 0.35812499999999997 0.4021875 0.3621875 0.43375 0.36343749999999997 0.44312500000000005 0.36343749999999997 0.45562500000000006 0.3509375 0.45968749999999997 0.343125 0.45499999999999996 0.33125 0.43937499999999996 0.31843750000000004 0.41125 0.3078125 0.3775 0.30281250000000004 0.3625 0.309375
0 0.4140625 0.2784375 0.39875 0.2815625 0.3871875 0.2971875 0.3909375 0.3140625 0.39875 0.32625000000000004 0.4109375 0.338125 0.4246875 0.3509375 0.4453125 0.3621875 0.45625 0.3603125 0.46749999999999997 0.35343749999999996 0.4734375 0.3440625 0.47625 0.33718750000000003 0.47750000000000004 0.32156250000000003 0.47000000000000003 0.30625 0.4525 0.2915625 0.4328125 0.2809375 0.4140625 0.2784375
0 0.348125 0.25968749999999996 0.336875 0.2946875 0.33875 0.31375000000000003 0.3484375 0.3309375 0.3640625 0.33406250000000004 0.379375 0.3284375 0.390625 0.3171875 0.39437500000000003 0.29281250000000003 0.3959375 0.2678125 0.3959375 0.26437499999999997 0.3990625 0.24125000000000002 0.3953125 0.2340625 0.37906249999999997 0.22875 0.36 0.234375 0.348125 0.25968749999999996
0 0.3703125 0.3603125 0.365625 0.3715625 0.3715625 0.39 0.38375 0.40062499999999995 0.4 0.406875 0.42312500000000003 0.41312499999999996 0.4371875 0.41312499999999996 0.44875 0.41 0.456875 0.4025 0.4625 0.388125 0.46218750000000003 0.380625 0.45218749999999996 0.37093750000000003 0.4346875 0.36062500000000003 0.403125 0.3515625 0.3859375 0.3509375 0.3703125 0.3603125
0 0.4340625 0.3725 0.42843749999999997 0.3921875 0.43218750000000006 0.41125 0.4446875 0.4221875 0.45999999999999996 0.421875 0.47375 0.4175 0.489375 0.4015625 0.49124999999999996 0.38406250000000003 0.49000000000000005 0.3703125 0.48562500000000003 0.355 0.4734375 0.34375 0.45531249999999995 0.34375 0.44406249999999997 0.35531250000000003 0.4340625 0.3725
0 0.393125 0.3934375 0.3878125 0.406875 0.39125 0.42281250000000004 0.4028125 0.43656249999999996 0.41937499999999994 0.448125 0.43093750000000003 0.4534375 0.45562500000000006 0.45125000000000004 0.4671875 0.4403125 0.4646875 0.4246875 0.46218750000000003 0.42000000000000004 0.4578125 0.4134375 0.44312500000000005 0.39875 0.43125 0.39 0.41281249999999997 0.388125 0.393125 0.3934375
0 0.4496875 0.4090625 0.4525 0.4296875 0.4625 0.44281249999999994 0.4765625 0.45062499999999994 0.5040625000000001 0.45375 0.5131249999999999 0.448125 0.5237499999999999 0.4328125 0.5225 0.4171875 0.5037499999999999 0.396875 0.49124999999999996 0.385625 0.4734375 0.3834375 0.4578125 0.3915625 0.4496875 0.4090625
0 0.47874999999999995 0.43499999999999994 0.4575 0.438125 0.445625 0.4503125 0.44281249999999994 0.465 0.44749999999999995 0.4765625 0.46875 0.4846875 0.4890625 0.4875 0.509375 0.4875 0.5190625 0.4846875 0.5275000000000001 0.47906250000000006 0.5378125 0.4703125 0.5396875 0.4640625 0.5287499999999999 0.448125 0.514375 0.4390625 0.49781250000000005 0.43562500000000004 0.47874999999999995 0.43499999999999994
0 0.43375 0.41375 0.42374999999999996 0.4225 0.4175 0.4328125 0.4146875 0.448125 0.4140625 0.465 0.41937499999999994 0.4796875 0.426875 0.49093749999999997 0.43656249999999996 0.4971875 0.44781250000000006 0.4959375 0.46125 0.4859375 0.46781249999999996 0.476875 0.47406249999999994 0.46343750000000006 0.47062499999999996 0.4525 0.47062499999999996 0.43937499999999996 0.4615625 0.42312500000000003 0.448125 0.41531250000000003 0.43375 0.41375
0 0.4571875 0.48250000000000004 0.4459375 0.4884375 0.43937499999999996 0.49812500000000004 0.43937499999999996 0.510625 0.445625 0.52 0.45843749999999994 0.5296875 0.471875 0.5349999999999999 0.495 0.5371875 0.5215625 0.53625 0.525625 0.5349999999999999 0.534375 0.5275000000000001 0.536875 0.5196875000000001 0.5349999999999999 0.50875 0.5325 0.5040625000000001 0.5240625 0.495 0.5090625 0.4878125 0.49093749999999997 0.48312499999999997 0.473125 0.48218750000000005 0.4571875 0.48250000000000004
0 0.47781250000000003 0.5059375 0.47406249999999994 0.525625 0.4803125 0.536875 0.4965625 0.5428124999999999 0.5121875 0.5421875 0.524375 0.53625 0.533125 0.529375 0.5446875 0.5190625 0.5549999999999999 0.5059375 0.5571875000000001 0.4953125 0.5549999999999999 0.48531250000000004 0.5528125 0.48250000000000004 0.5428124999999999 0.4734375 0.5278125 0.4721875 0.51 0.4796875 0.49093749999999997 0.4915625 0.47781250000000003 0.5059375
0 0.4759375 0.521875 0.4615625 0.5309375000000001 0.45625 0.5403125 0.458125 0.5559375 0.46624999999999994 0.5650000000000001 0.47562499999999996 0.5728125000000001 0.48875 0.5784374999999999 0.50125 0.5790625 0.5159374999999999 0.5743750000000001 0.5237499999999999 0.566875 0.5284375 0.555625 0.5287499999999999 0.5509375000000001 0.5287499999999999 0.541875 0.5225 0.5328125 0.509375 0.5240625 0.490625 0.5178125 0.4759375 0.521875
0 0.5159374999999999 0.525625 0.50875 0.54 0.505625 0.5571875000000001 0.5103125000000001 0.5684375 0.5209374999999999 0.573125 0.5359375 0.5728125000000001 0.553125 0.566875 0.5665625000000001 0.5553125 0.571875 0.5434375 0.5721875 0.5409375 0.5696875 0.529375 0.5634375 0.5190625 0.5484375 0.514375 0.5303125 0.5159374999999999 0.5159374999999999 0.525625
0 0.5271874999999999 0.5575 0.524375 0.5728125000000001 0.525625 0.589375 0.540625 0.61125 0.560625 0.623125 0.5796875 0.621875 0.5900000000000001 0.60875 0.5878125 0.58875 0.5862499999999999 0.5784374999999999 0.5778125000000001 0.5634375 0.568125 0.55125 0.55375 0.545 0.5387500000000001 0.5471874999999999 0.5271874999999999 0.5575
0 0.4875 0.5903125 0.4928125 0.6115625 0.5003124999999999 0.63625 0.5128125 0.6487499999999999 0.531875 0.6521874999999999 0.540625 0.640625 0.5493750000000001 0.6068749999999999 0.5453125 0.5940624999999999 0.5403125 0.5840625 0.5375 0.5784374999999999 0.525 0.5659375 0.5084375 0.559375 0.491875 0.5725 0.4875 0.5903125
0 0.53 0.626875 0.5246875 0.6534375 0.5346875 0.670625 0.5509375000000001 0.6756249999999999 0.5690625 0.670625 0.58 0.6640625 0.5853125 0.640625 0.5828125 0.6171875 0.5650000000000001 0.5974999999999999 0.5431250000000001 0.6034375 0.53 0.626875
0 0.5425 0.6703125 0.5328125 0.6971875 0.53625 0.7140625 0.5553125 0.7253125 0.5743750000000001 0.7209375 0.5896874999999999 0.70875 0.6003125 0.69375 0.6034375 0.6784375 0.6025 0.6628125 0.5940624999999999 0.6465625 0.575 0.6425 0.5559375 0.6528125 0.5425 0.6703125
0 0.5684375 0.7078125 0.5675 0.7234375 0.5790625 0.7375 0.5978125000000001 0.740625 0.6146874999999999 0.7368750000000001 0.6284375 0.7253125 0.6325000000000001 0.7096875 0.6331249999999999 0.7 0.628125 0.688125 0.6153125 0.6815625 0.5959375 0.6849999999999999 0.5825 0.6925 0.5684375 0.7078125
0 0.55375 0.7424999999999999 0.55 0.7521875 0.5599999999999999 0.77125 0.5734375 0.7837500000000001 0.5862499999999999 0.786875 0.6046875 0.7846875 0.61375 0.779375 0.62 0.76125 0.619375 0.745625 0.6134375000000001 0.7384375000000001 0.6009375 0.7290625000000001 0.589375 0.7271875 0.5740624999999999 0.7296875 0.55375 0.7424999999999999
0 0.6271875 0.70875 0.619375 0.7212500000000001 0.6131249999999999 0.7365625 0.6096874999999999 0.76125 0.6125 0.7796875 0.6221875 0.7915625000000001 0.64375 0.7940625 0.653125 0.7815624999999999 0.6590625 0.765625 0.6615624999999999 0.7503124999999999 0.66125 0.7325 0.6553125 0.7153125 0.649375 0.7053125 0.639375 0.7028125000000001 0.6271875 0.70875
0 0.5806250000000001 0.770625 0.5690625 0.78 0.5665625000000001 0.795625 0.5709375 0.8099999999999999 0.5825 0.8246874999999999 0.6018749999999999 0.8365625 0.6228125 0.8328125 0.631875 0.8253125000000001 0.6375 0.8109375 0.6381249999999999 0.805 0.6359375 0.7959375 0.629375 0.7828125 0.6168750000000001 0.7715625 0.5953125 0.7690625 0.5806250000000001 0.770625
0 0.640625 0.7478125 0.629375 0.7537499999999999 0.620625 0.7628125 0.619375 0.78125 0.625625 0.79875 0.63375 0.8143750000000001 0.645 0.8265625 0.660625 0.835 0.675 0.8375 0.6865625 0.8334374999999999 0.693125 0.8203125 0.6934375 0.8103125 0.691875 0.7971874999999999 0.6840625 0.77625 0.675 0.7653125000000001 0.6643749999999999 0.7540625000000001 0.6525000000000001 0.748125 0.640625 0.7478125
0 0.6159375 0.8237500000000001 0.6068749999999999 0.8400000000000001 0.6056250000000001 0.85625 0.610625 0.8728125 0.6287499999999999 0.8784375000000001 0.650625 0.869375 0.673125 0.8550000000000001 0.6859375 0.838125 0.6909375 0.8221875000000001 0.6909375 0.8134375 0.683125 0.8025 0.6715625000000001 0.8009375000000001 0.6553125 0.8028124999999999 0.6321875 0.811875 0.6159375 0.8237500000000001
0 0.6221875 0.896875 0.6278125 0.9078125 0.646875 0.9146875 0.67 0.9112500000000001 0.685625 0.9 0.7003125 0.8828125 0.7068749999999999 0.865625 0.7071875000000001 0.8525 0.70375 0.8400000000000001 0.6956249999999999 0.83625 0.678125 0.8400000000000001 0.6471875 0.85 0.62625 0.8724999999999999 0.6221875 0.896875
0 0.6546875 0.9106249999999999 0.6537499999999999 0.9346875000000001 0.6546875 0.9596875 0.6640625 0.98125 0.675 0.9865625 0.696875 0.9737500000000001 0.713125 0.946875 0.715625 0.9265625 0.715625 0.91875 0.7150000000000001 0.8971875 0.7065625 0.8868750000000001 0.6759375000000001 0.8784375000000001 0.663125 0.885 0.6546875 0.9106249999999999
0 0.6793750000000001 0.87625 0.6728125 0.9059375 0.6746875 0.930625 0.6821875000000001 0.94625 0.6956249999999999 0.9615625 0.7178125 0.9581250000000001 0.7278125 0.9465625 0.734375 0.9271874999999999 0.7371875 0.9084375 0.7321875 0.88375 0.7212500000000001 0.8665625 0.7203125 0.8646874999999999 0.7090625 0.8584375 0.691875 0.8631249999999999 0.6793750000000001 0.87625
0 0.6246875000000001 0.89625 0.62 0.9081250000000001 0.625 0.9353125 0.6384375 0.9571875000000001 0.65125 0.9659375000000001 0.6696875 0.9646874999999999 0.6815625 0.9540625 0.688125 0.930625 0.6865625 0.9146875 0.6796875 0.9096875000000001 0.6696875 0.889375 0.6575 0.884375 0.6359375 0.8881249999999999 0.6246875000000001 0.89625