0 0.205625 0.25 0.19468749999999999 0.25593750000000004 0.1890625 0.26687500000000003 0.19 0.2859375 0.20406249999999998 0.2996875 0.22125 0.306875 0.2446875 0.31124999999999997 0.258125 0.3096875 0.275625 0.29812500000000003 0.28125 0.2884375 0.27625 0.2734375 0.26 0.2628125 0.24343750000000003 0.2515625 0.22625 0.24874999999999997 0.205625 0.25
0 0.255625 0.2446875 0.236875 0.2446875 0.21812499999999999 0.24906250000000002 0.20750000000000002 0.256875 0.20406249999999998 0.2671875 0.20750000000000002 0.280625 0.2165625 0.2915625 0.23718750000000002 0.2965625 0.2553125 0.296875 0.2840625 0.2971875 0.30062500000000003 0.29625 0.313125 0.288125 0.31906249999999997 0.2815625 0.3178125 0.27218749999999997 0.305 0.2603125 0.28531249999999997 0.2503125 0.27 0.2459375 0.255625 0.2446875
0 0.230625 0.303125 0.22218749999999998 0.316875 0.224375 0.3315625 0.2421875 0.3428125 0.26687500000000003 0.3428125 0.29 0.33781249999999996 0.3075 0.3290625 0.323125 0.31906249999999997 0.32218749999999996 0.29625 0.3040625 0.29031250000000003 0.2703125 0.28875 0.248125 0.2915625 0.230625 0.303125
0 0.3278125 0.2865625 0.31375000000000003 0.2859375 0.2925 0.290625 0.2840625 0.30125 0.28250000000000003 0.3209375 0.2990625 0.334375 0.33781249999999996 0.35343749999999996 0.359375 0.35625 0.37374999999999997 0.35 0.3796875 0.339375 0.3834375 0.334375 0.384375 0.325 0.375625 0.3140625 0.359375 0.2990625 0.34562499999999996 0.2925 0.3278125 0.2865625
0 0.2684375 0.3234375 0.2571875 0.33468749999999997 0.2578125 0.35562499999999997 0.2684375 0.369375 0.2840625 0.3734375 0.3025 0.37312500000000004 0.3228125 0.3675 0.340625 0.3590625 0.3546875 0.34781249999999997 0.3640625 0.34125 0.3596875 0.321875 0.339375 0.313125 0.318125 0.3128125 0.2925 0.315625 0.2684375 0.3234375
0 0.39249999999999996 0.34375 0.379375 0.3428125 0.364375 0.34625 0.34875 0.35375 0.346875 0.3640625 0.3490625 0.380625 0.365625 0.39375 0.3765625 0.3978125 0.41281249999999997 0.39968750000000003 0.4296875 0.396875 0.44281249999999994 0.39 0.44749999999999995 0.383125 0.445 0.36875 0.43562500000000004 0.3603125 0.4225 0.350625 0.4109375 0.346875 0.39249999999999996 0.34375
0 0.3278125 0.35281250000000003 0.3171875 0.35875 0.30062500000000003 0.3703125 0.296875 0.3853125 0.29874999999999996 0.39875 0.315625 0.40499999999999997 0.33187500000000003 0.40531249999999996 0.35343749999999996 0.40406250000000005 0.38093750000000004 0.3940625 0.3978125 0.38406250000000003 0.40125 0.3715625 0.398125 0.35750000000000004 0.3915625 0.348125 0.375625 0.3459375 0.354375 0.346875 0.3278125 0.35281250000000003
0 0.333125 0.39 0.32687499999999997 0.3984375 0.32625000000000004 0.41156249999999994 0.33125 0.4246875 0.34187500000000004 0.4340625 0.35750000000000004 0.43656249999999996 0.375 0.4371875 0.39375 0.43156249999999996 0.4028125 0.42093749999999996 0.41 0.40750000000000003 0.41125 0.4021875 0.41500000000000004 0.38875000000000004 0.38625 0.38093750000000004 0.368125 0.38125 0.3428125 0.38468749999999996 0.333125 0.39
0 0.40437500000000004 0.40437500000000004 0.3921875 0.41875 0.3871875 0.4359375 0.3871875 0.45093750000000005 0.39656250000000004 0.45999999999999996 0.41656250000000006 0.460625 0.4325 0.45531249999999995 0.4625 0.43843750000000004 0.475 0.4059375 0.473125 0.39437500000000003 0.45843749999999994 0.384375 0.4371875 0.38468749999999996 0.4203125 0.3903125 0.40437500000000004 0.40437500000000004
0 0.4171875 0.45906250000000004 0.41593749999999996 0.47437500000000005 0.42374999999999996 0.48562500000000003 0.4453125 0.4871875 0.46125 0.4809375 0.48187499999999994 0.46968750000000004 0.495 0.4575 0.5021875 0.4425 0.501875 0.428125 0.5003124999999999 0.4184375 0.4971875 0.4146875 0.485 0.4125 0.4640625 0.41875 0.440625 0.43 0.428125 0.4415625 0.4171875 0.45906250000000004
0 0.50125 0.44406249999999997 0.4884375 0.449375 0.4840625 0.45999999999999996 0.48343749999999996 0.47750000000000004 0.49343750000000003 0.48968749999999994 0.5140625 0.49906249999999996 0.5315624999999999 0.499375 0.546875 0.49437499999999995 0.5549999999999999 0.4846875 0.5571875000000001 0.475 0.556875 0.47125000000000006 0.5525 0.45906250000000004 0.5443749999999999 0.449375 0.53 0.44437499999999996 0.514375 0.4421875 0.50125 0.44406249999999997
0 0.42843749999999997 0.4728125 0.41937499999999994 0.48531250000000004 0.42750000000000005 0.5015625 0.4390625 0.5109375 0.46312499999999995 0.5193749999999999 0.475 0.5175 0.48656249999999995 0.5090625 0.49406249999999996 0.49874999999999997 0.4953125 0.49406249999999996 0.495 0.4765625 0.48343749999999996 0.4671875 0.45999999999999996 0.46624999999999994 0.44312500000000005 0.46687500000000004 0.42843749999999997 0.4728125
0 0.480625 0.5 0.4721875 0.5121875 0.4715625 0.5265625 0.48218750000000005 0.540625 0.5034375 0.545625 0.5181250000000001 0.5415625000000001 0.5365624999999999 0.5315624999999999 0.5490625 0.5221875 0.5540625 0.5128125 0.5553125 0.5078125 0.5584374999999999 0.496875 0.5390625 0.48875 0.5221875 0.4884375 0.5071875 0.490625 0.480625 0.5
0 0.5209374999999999 0.49375 0.5175 0.5071875 0.5259375000000001 0.5253125 0.5409375 0.5359375 0.5609375 0.5443749999999999 0.5784374999999999 0.54375 0.5890625 0.53125 0.5903125 0.521875 0.5903125 0.5181250000000001 0.590625 0.5071875 0.5771875 0.4965625 0.56125 0.4878125 0.5390625 0.48656249999999995 0.5209374999999999 0.49375
0 0.4959375 0.530625 0.489375 0.5428124999999999 0.4915625 0.56125 0.5037499999999999 0.5756249999999999 0.5231250000000001 0.5821875000000001 0.5475 0.579375 0.5628124999999999 0.57125 0.5671875 0.5599999999999999 0.57125 0.5453125 0.5540625 0.530625 0.5349999999999999 0.524375 0.5084375 0.5246875 0.4959375 0.530625
0 0.5196875000000001 0.56875 0.5228125 0.590625 0.5321875 0.603125 0.5503125 0.6153125 0.566875 0.6146874999999999 0.5728125000000001 0.6 0.5765625 0.5834374999999999 0.5771875 0.575 0.576875 0.5640625 0.5700000000000001 0.5521874999999999 0.5534375 0.5446875 0.5265625 0.5490625 0.5196875000000001 0.56875
0 0.5846875 0.5328125 0.57625 0.541875 0.5703125 0.5559375 0.565625 0.57875 0.5662499999999999 0.6009375 0.5696875 0.6203125 0.5825 0.6359375 0.6003125 0.6346875 0.6109375 0.6190625 0.6134375000000001 0.6018749999999999 0.6168750000000001 0.5940624999999999 0.6159375 0.5709375 0.614375 0.5540625 0.6021875 0.536875 0.5846875 0.5328125
0 0.593125 0.51 0.585 0.5140625 0.575 0.5237499999999999 0.5700000000000001 0.54625 0.5706249999999999 0.5706249999999999 0.5753125 0.595625 0.58375 0.6056250000000001 0.6 0.6009375 0.61 0.5896874999999999 0.614375 0.573125 0.61625 0.5684375 0.624375 0.551875 0.6234375 0.533125 0.6178125 0.5193749999999999 0.60625 0.5121875 0.593125 0.51
0 0.6159375 0.5528125 0.608125 0.5721875 0.6028125 0.600625 0.6009375 0.630625 0.605 0.6428125 0.61875 0.6459374999999999 0.63 0.6334375 0.6378125 0.6121875 0.6415625 0.5996875 0.645 0.5778125000000001 0.6453125 0.561875 0.6421875 0.5465625000000001 0.629375 0.545 0.6159375 0.5528125
0 0.6559375000000001 0.5871875 0.64125 0.5896874999999999 0.639375 0.6003125 0.6396875 0.618125 0.6465625 0.6375 0.6584375 0.6525000000000001 0.6721874999999999 0.6625 0.6921875 0.6637500000000001 0.70125 0.6596875 0.7065625 0.6503125 0.7109375 0.6428125 0.7140625 0.63375 0.703125 0.615 0.690625 0.6025 0.673125 0.5915625 0.6559375000000001 0.5871875
0 0.6378125 0.6221875 0.6246875000000001 0.6259375 0.61625 0.6409374999999999 0.618125 0.6596875 0.625 0.6796875 0.6378125 0.6984375 0.6546875 0.7084374999999999 0.6721874999999999 0.7121875 0.6828125 0.7003125 0.683125 0.683125 0.6834374999999999 0.6646875 0.67375 0.6475 0.6634375 0.634375 0.65125 0.6234375 0.6378125 0.6221875
0 0.6909375 0.62625 0.6740625 0.6440625 0.6590625 0.6909375 0.6609375 0.71375 0.67625 0.7228125000000001 0.6996875 0.7090625 0.70625 0.6928124999999999 0.7165625 0.6743750000000001 0.7228125000000001 0.6640625 0.72875 0.649375 0.72875 0.631875 0.721875 0.6224999999999999 0.7071875000000001 0.619375 0.6909375 0.62625
0 0.68125 0.684375 0.6778125 0.7053125 0.6775 0.7303124999999999 0.6840625 0.7446875000000001 0.6975 0.745625 0.7112499999999999 0.7353125 0.7209375 0.71875 0.7284375 0.7 0.73 0.6803125 0.73125 0.6715625000000001 0.7284375 0.655625 0.7134375000000001 0.6465625 0.7053125 0.6484375 0.6896875 0.659375 0.68125 0.684375
0 0.7346874999999999 0.65125 0.7196875 0.6603125000000001 0.70875 0.6815625 0.7021875 0.7075 0.70375 0.724375 0.7171875 0.7381249999999999 0.7309375 0.7396874999999999 0.7474999999999999 0.7275 0.7565625 0.711875 0.7596875 0.6993750000000001 0.7671875 0.6828125 0.7621875 0.6675 0.759375 0.6575 0.7484375 0.65 0.7346874999999999 0.65125
0 0.718125 0.7046875 0.70625 0.7278125 0.7015625 0.7459374999999999 0.7034374999999999 0.764375 0.7159375 0.7721875 0.73125 0.770625 0.743125 0.7634375 0.7537499999999999 0.7515625 0.7653125000000001 0.7381249999999999 0.7721875 0.7212500000000001 0.7728125 0.7071875000000001 0.7721875 0.70125 0.7728125 0.6921875 0.7628125 0.6837500000000001 0.74375 0.6828125 0.7259375 0.6915625000000001 0.718125 0.7046875
0 0.753125 0.7059375 0.743125 0.7209375 0.73125 0.7421875 0.7284375 0.7625 0.73125 0.775625 0.7421875 0.7837500000000001 0.76 0.7771874999999999 0.7753125 0.7631249999999999 0.7834375 0.7462500000000001 0.7925 0.73125 0.798125 0.718125 0.79625 0.705 0.784375 0.696875 0.765625 0.6984375 0.753125 0.7059375
0 0.7837500000000001 0.7321875 0.7721875 0.748125 0.7590625 0.76875 0.75625 0.7903125 0.7584375 0.8021874999999999 0.7696875000000001 0.815625 0.7865624999999999 0.813125 0.796875 0.7990625 0.8034375 0.7815624999999999 0.8078125 0.7665625 0.8153124999999999 0.7559375 0.8209375 0.74375 0.825 0.74 0.82125 0.728125 0.8099999999999999 0.7196875 0.7971874999999999 0.7212500000000001 0.7837500000000001 0.7321875
0 0.825 0.7428125 0.8175000000000001 0.750625 0.80375 0.7665625 0.7925 0.78625 0.7890625 0.8081250000000001 0.7890625 0.82125 0.7996875 0.8318749999999999 0.8171875 0.8318749999999999 0.828125 0.82 0.835 0.805 0.8403124999999999 0.79125 0.8440625 0.7796875 0.8453125 0.7775000000000001 0.8543749999999999 0.7646875 0.851875 0.7521875 0.846875 0.74375 0.8315625000000001 0.7396874999999999 0.825 0.7428125
0 0.85375 0.7684375 0.8440625 0.7740625 0.8353125 0.7859375 0.8271875 0.8015625 0.8231249999999999 0.82125 0.8228125000000001 0.83625 0.8278125 0.8496874999999999 0.8412499999999999 0.8571875 0.8528125 0.853125 0.8634375000000001 0.843125 0.8690625000000001 0.828125 0.87375 0.8103125 0.878125 0.7990625 0.8778124999999999 0.7837500000000001 0.8731249999999999 0.7728125 0.8665625 0.76875 0.85375 0.7684375
0 0.871875 0.790625 0.8609375 0.7928124999999999 0.85125 0.7993750000000001 0.8478125000000001 0.8121875 0.8490624999999999 0.834375 0.8540625000000001 0.8528125 0.8625 0.8709374999999999 0.8778124999999999 0.8862500000000001 0.8903125 0.890625 0.9037499999999999 0.8881249999999999 0.9087500000000001 0.8753125 0.9071875 0.8612500000000001 0.9071875 0.8559374999999999 0.9106249999999999 0.8365625 0.9081250000000001 0.8221875000000001 0.89875 0.806875 0.8862500000000001 0.795 0.871875 0.790625
0 0.906875 0.80375 0.899375 0.8125 0.8996875 0.83125 0.905 0.8574999999999999 0.9121874999999999 0.8759375 0.925 0.89 0.9459375 0.889375 0.9559374999999999 0.8828125 0.9615625 0.8734375 0.965625 0.8637499999999999 0.9675 0.8465624999999999 0.9571875000000001 0.8334374999999999 0.9415625000000001 0.8159375000000001 0.925 0.8065625000000001 0.906875 0.80375
0 0.91875 0.8521875 0.9103125000000001 0.8659375 0.913125 0.8815625 0.9237500000000001 0.8928125 0.94625 0.9018750000000001 0.9696875 0.9046875 0.9846875 0.8978125 0.9921875 0.885 0.9921875 0.8740625 0.9915625 0.8690625000000001 0.9840625 0.8578125 0.9671875 0.849375 0.9496874999999999 0.845 0.934375 0.8446875 0.91875 0.8521875
0 0.9078125 0.8775000000000001 0.8925000000000001 0.8862500000000001 0.89 0.9021874999999999 0.9081250000000001 0.9175000000000001 0.9221875 0.9225 0.9453125 0.9321875000000001 0.9668749999999999 0.93625 0.9840625 0.9303125 0.9875 0.9181250000000001 0.9881249999999999 0.9112500000000001 0.9853125 0.899375 0.9646874999999999 0.8887499999999999 0.9421875 0.8753125 0.9284375 0.8728125 0.9078125 0.8775000000000001