0 0.809375 0.35 0.81875 0.34375 0.828125 0.33125 0.8375 0.3 0.8375 0.275 0.828125 0.2625 0.80625 0.2625 0.790625 0.278125 0.7875 0.290625 0.7875 0.34375 0.79375 0.35 0.809375 0.35
0 0.746875 0.378125 0.7625 0.38125 0.778125 0.36875 0.784375 0.35 0.784375 0.284375 0.778125 0.275 0.7625 0.275 0.74375 0.290625 0.734375 0.309375 0.734375 0.34375 0.7375 0.3625 0.746875 0.378125
0 0.6603125000000001 0.37312500000000004 0.6509375000000001 0.38875000000000004 0.6471875 0.4021875 0.6509375000000001 0.4125 0.6640625 0.4146875 0.6778125 0.41375 0.6975 0.409375 0.7146874999999999 0.403125 0.7340625000000001 0.39468749999999997 0.7459374999999999 0.38375 0.7496875000000001 0.3675 0.74875 0.354375 0.74125 0.346875 0.734375 0.3428125 0.7234375 0.3421875 0.7006249999999999 0.34375 0.6859375 0.34875 0.6746875 0.3578125 0.6603125000000001 0.37312500000000004
0 0.70625 0.401875 0.7275 0.4021875 0.7403125 0.39187500000000003 0.745 0.37312500000000004 0.7528125 0.33999999999999997 0.749375 0.32218749999999996 0.7421875 0.3096875 0.73125 0.309375 0.721875 0.309375 0.7 0.33125 0.69375 0.340625 0.690625 0.346875 0.690625 0.3875 0.696875 0.39375 0.70625 0.401875
0 0.7715625 0.3315625 0.7596875 0.34375 0.748125 0.35875 0.739375 0.378125 0.7421875 0.3915625 0.7478125 0.4034375 0.7618750000000001 0.4025 0.7759375000000001 0.398125 0.791875 0.393125 0.7996875 0.38375 0.811875 0.3740625 0.82125 0.3596875 0.8265625 0.34875 0.8275 0.3446875 0.828125 0.335625 0.8246874999999999 0.325 0.8125 0.321875 0.7940625 0.32375 0.7715625 0.3315625
0 0.6975 0.39375 0.684375 0.39875 0.6728125 0.405625 0.66125 0.415625 0.6546875 0.425625 0.6559375000000001 0.4371875 0.6603125000000001 0.4459375 0.6728125 0.44875 0.6846875 0.44875 0.71 0.44718749999999996 0.728125 0.4446875 0.7440625 0.4378125 0.7575000000000001 0.42625 0.75875 0.41281249999999997 0.75875 0.4065625 0.7575000000000001 0.401875 0.7478125 0.39468749999999997 0.7353125 0.3921875 0.7184375000000001 0.3921875 0.6975 0.39375
0 0.7059375 0.4259375 0.6915625000000001 0.433125 0.6790625 0.44375 0.6646875 0.4578125 0.6584375 0.47062499999999996 0.6565624999999999 0.48656249999999995 0.6615624999999999 0.496875 0.6756249999999999 0.49781250000000005 0.688125 0.4959375 0.6993750000000001 0.4921875 0.71375 0.48531250000000004 0.724375 0.47781250000000003 0.734375 0.4684375 0.7396874999999999 0.45906250000000004 0.743125 0.4503125 0.7424999999999999 0.44343750000000004 0.7378125 0.4403125 0.7306250000000001 0.42874999999999996 0.7221875 0.42406249999999995 0.7059375 0.4259375
0 0.63625 0.40750000000000003 0.625625 0.418125 0.6196875000000001 0.433125 0.61875 0.4484375 0.62 0.469375 0.628125 0.48343749999999996 0.6421875 0.48968749999999994 0.6528125 0.48562500000000003 0.6625 0.47437500000000005 0.6681250000000001 0.460625 0.6725 0.445625 0.6728125 0.4303125 0.6743750000000001 0.418125 0.6678124999999999 0.4109375 0.660625 0.40374999999999994 0.64625 0.403125 0.63625 0.40750000000000003
0 0.65125 0.4609375 0.6443749999999999 0.47562499999999996 0.6459374999999999 0.495 0.650625 0.5115624999999999 0.6625 0.52 0.6775 0.5193749999999999 0.6903125 0.5081249999999999 0.6984375 0.49343750000000003 0.70125 0.479375 0.708125 0.4575 0.701875 0.446875 0.6865625 0.4459375 0.6681250000000001 0.45125000000000004 0.65125 0.4609375
0 0.5896874999999999 0.5159374999999999 0.5775 0.5359375 0.5809375 0.5493750000000001 0.591875 0.558125 0.6121875 0.55625 0.6246875000000001 0.5528125 0.635625 0.545 0.6503125 0.5321875 0.6609375 0.5178125 0.66625 0.5040625000000001 0.6640625 0.4796875 0.6496875 0.4725 0.6334375 0.47625 0.6040625000000001 0.4959375 0.5896874999999999 0.5159374999999999
0 0.5790625 0.459375 0.5778125000000001 0.48312499999999997 0.5803125 0.505625 0.595 0.51875 0.6190625 0.514375 0.6240625 0.4984375 0.628125 0.47375 0.6296875 0.45187499999999997 0.629375 0.4403125 0.62625 0.43062500000000004 0.615 0.42781250000000004 0.6056250000000001 0.4328125 0.5840625 0.44437499999999996 0.5790625 0.459375
0 0.5443749999999999 0.4890625 0.5387500000000001 0.5034375 0.5387500000000001 0.5190625 0.5446875 0.533125 0.553125 0.5387500000000001 0.566875 0.5390625 0.5784374999999999 0.5334375 0.58375 0.520625 0.5859375 0.5065625 0.5859375 0.49375 0.5846875 0.484375 0.590625 0.4703125 0.5815625 0.46187500000000004 0.5703125 0.4659375 0.5571875000000001 0.47406249999999994 0.5443749999999999 0.4890625
0 0.5234375 0.5346875 0.505625 0.5393749999999999 0.49749999999999994 0.546875 0.49375 0.5603125 0.496875 0.5728125000000001 0.5125 0.5784374999999999 0.5237499999999999 0.58125 0.5421875 0.5821875000000001 0.5703125 0.583125 0.5853125 0.583125 0.59875 0.5775 0.6012500000000001 0.568125 0.6012500000000001 0.56375 0.599375 0.555625 0.5803125 0.54375 0.5584374999999999 0.533125 0.54375 0.533125 0.5234375 0.5346875
0 0.5015625 0.5290625 0.5 0.54375 0.51375 0.5553125 0.5396875 0.5559375 0.565625 0.5521874999999999 0.5862499999999999 0.5443749999999999 0.5959375 0.531875 0.5953125 0.5171875 0.5878125 0.5071875 0.5740624999999999 0.5015625 0.5496875 0.50125 0.5346875 0.5037499999999999 0.516875 0.5146875 0.5015625 0.5290625
0 0.5121875 0.5862499999999999 0.5034375 0.595625 0.50125 0.6109375 0.5081249999999999 0.6253124999999999 0.5228125 0.63 0.5471874999999999 0.63 0.5603125 0.6290625000000001 0.578125 0.621875 0.584375 0.6121875 0.584375 0.60625 0.5806250000000001 0.5946875 0.5650000000000001 0.5834374999999999 0.5490625 0.5815625 0.5271874999999999 0.5825 0.5121875 0.5862499999999999
0 0.46375 0.568125 0.4575 0.5828125 0.4575 0.5974999999999999 0.468125 0.6109375 0.4878125 0.614375 0.50875 0.6078125 0.5178125 0.5915625 0.5190625 0.5778125000000001 0.5184375 0.5734375 0.5196875000000001 0.564375 0.506875 0.5575 0.4915625 0.5571875000000001 0.4765625 0.5596875 0.46375 0.568125
0 0.484375 0.61125 0.48 0.6224999999999999 0.48187499999999994 0.6396875 0.48875 0.6503125 0.5118750000000001 0.655625 0.5265625 0.6487499999999999 0.5396875 0.640625 0.5425 0.63125 0.54 0.6253124999999999 0.5290625 0.609375 0.5140625 0.5990624999999999 0.4996875 0.6009375 0.484375 0.61125
0 0.43562500000000004 0.599375 0.4234375 0.6134375000000001 0.4215625 0.628125 0.4378125 0.6396875 0.4546875 0.6396875 0.47531249999999997 0.6334375 0.49124999999999996 0.6196875000000001 0.49812500000000004 0.6059375 0.49812500000000004 0.598125 0.495 0.5915625 0.48250000000000004 0.5825 0.4640625 0.5828125 0.4496875 0.5900000000000001 0.43562500000000004 0.599375
0 0.36906249999999996 0.65625 0.366875 0.6693749999999999 0.36906249999999996 0.6849999999999999 0.3759375 0.7 0.393125 0.719375 0.4065625 0.7275 0.4221875 0.7284375 0.4325 0.7259375 0.4403125 0.7165625 0.4390625 0.7021875 0.426875 0.680625 0.4065625 0.6590625 0.38875000000000004 0.6490625 0.3778125 0.649375 0.36906249999999996 0.65625
0 0.33968750000000003 0.6825 0.33125 0.6903125 0.32999999999999996 0.704375 0.3440625 0.7215625 0.35812499999999997 0.7346874999999999 0.37093750000000003 0.7418750000000001 0.38656250000000003 0.749375 0.399375 0.7503124999999999 0.40843749999999995 0.7428125 0.41312499999999996 0.7325 0.41125 0.7203125 0.4090625 0.715625 0.3990625 0.7065625 0.38093750000000004 0.68875 0.3665625 0.6825 0.3515625 0.68125 0.33968750000000003 0.6825
0 0.3 0.7140625 0.29031250000000003 0.724375 0.2890625 0.7384375000000001 0.306875 0.7525000000000001 0.3275 0.7603125000000001 0.34375 0.7615624999999999 0.3640625 0.75625 0.37374999999999997 0.749375 0.3753125 0.7368750000000001 0.3728125 0.729375 0.36843750000000003 0.719375 0.3540625 0.709375 0.32999999999999996 0.705 0.3159375 0.70625 0.3 0.7140625
0 0.2646875 0.751875 0.254375 0.7678125 0.25593750000000004 0.7825 0.271875 0.7934375 0.28500000000000003 0.7953125 0.305 0.791875 0.320625 0.7846875 0.3353125 0.771875 0.33968750000000003 0.7575000000000001 0.3353125 0.746875 0.3328125 0.7440625 0.3278125 0.739375 0.31062500000000004 0.7334375 0.2940625 0.7346874999999999 0.2778125 0.74 0.2646875 0.751875
0 0.315 0.776875 0.304375 0.7931250000000001 0.3003125 0.8071875000000001 0.30281250000000004 0.8221875000000001 0.3171875 0.8259375 0.32875 0.825 0.3415625 0.8209375 0.35812499999999997 0.811875 0.371875 0.79625 0.38406250000000003 0.7815624999999999 0.3853125 0.76625 0.38468749999999996 0.75625 0.37374999999999997 0.750625 0.3584375 0.7521875 0.3353125 0.7628125 0.315 0.776875
0 0.216875 0.8012499999999999 0.21968749999999998 0.8162499999999999 0.23625 0.82125 0.254375 0.821875 0.27875 0.8165625000000001 0.29562499999999997 0.8028124999999999 0.308125 0.7887500000000001 0.306875 0.7775000000000001 0.305 0.7740625 0.2975 0.7671875 0.268125 0.7671875 0.240625 0.7753125 0.22374999999999998 0.7887500000000001 0.216875 0.8012499999999999
0 0.22625 0.8278125 0.2234375 0.8465624999999999 0.24125000000000002 0.8568749999999999 0.26687500000000003 0.8584375 0.28500000000000003 0.8590625 0.29874999999999996 0.8568749999999999 0.31124999999999997 0.851875 0.318125 0.8387499999999999 0.31625000000000003 0.8253125000000001 0.29874999999999996 0.8121875 0.2571875 0.8078125 0.2375 0.8096875000000001 0.22625 0.8278125
0 0.2425 0.82 0.230625 0.83125 0.224375 0.843125 0.22749999999999998 0.8596875 0.2496875 0.86 0.271875 0.8559374999999999 0.286875 0.8487500000000001 0.30281250000000004 0.8365625 0.31437499999999996 0.82125 0.315625 0.81125 0.3146875 0.8018750000000001 0.2996875 0.7971874999999999 0.27625 0.7975 0.259375 0.8053125 0.2425 0.82
0 0.2203125 0.8637499999999999 0.213125 0.875 0.2146875 0.8931250000000001 0.23125 0.9028124999999999 0.2484375 0.9025000000000001 0.265 0.8965624999999999 0.27999999999999997 0.884375 0.29 0.874375 0.29375 0.866875 0.2946875 0.85875 0.276875 0.85 0.2553125 0.8478125000000001 0.2346875 0.8553124999999999 0.2203125 0.8637499999999999
0 0.17124999999999999 0.8496874999999999 0.1628125 0.8709374999999999 0.16312500000000002 0.8846875000000001 0.199375 0.8846875000000001 0.215625 0.8787499999999999 0.22718750000000001 0.8621874999999999 0.23156249999999998 0.84375 0.23343750000000002 0.83125 0.2321875 0.81875 0.21937500000000001 0.8109375 0.19624999999999998 0.8159375000000001 0.1834375 0.835 0.17124999999999999 0.8496874999999999
0 0.1921875 0.9009375000000001 0.19 0.9159375000000001 0.1990625 0.9303125 0.22156250000000002 0.9331250000000001 0.2365625 0.9215625 0.2484375 0.90625 0.2478125 0.889375 0.24874999999999997 0.8834375 0.23531249999999998 0.8653124999999999 0.22218749999999998 0.8659375 0.2078125 0.8787499999999999 0.1921875 0.9009375000000001
0 0.1284375 0.8753125 0.13625 0.890625 0.1471875 0.8978125 0.16 0.9003125000000001 0.17906249999999999 0.900625 0.1940625 0.8978125 0.20375000000000001 0.8890625 0.215 0.8715624999999999 0.2128125 0.8559374999999999 0.205 0.8462500000000001 0.1925 0.8434375 0.17250000000000001 0.8453125 0.1453125 0.851875 0.13187500000000002 0.8640625 0.1284375 0.8753125
0 0.1615625 0.9278124999999999 0.1684375 0.9453125 0.183125 0.9509375 0.1996875 0.95 0.21125 0.938125 0.21156250000000001 0.9268750000000001 0.21156250000000001 0.9168749999999999 0.19593750000000001 0.9046875 0.176875 0.9040625 0.16468750000000001 0.9125 0.1615625 0.9278124999999999
0 0.07125000000000001 0.9434374999999999 0.06593750000000001 0.960625 0.0759375 0.9775 0.09812499999999999 0.9828125 0.11656249999999999 0.9840625 0.138125 0.9834375 0.1590625 0.97875 0.1759375 0.969375 0.181875 0.9546875 0.18 0.94375 0.16625 0.9353125 0.136875 0.929375 0.109375 0.9290625 0.08937500000000001 0.9331250000000001 0.07125000000000001 0.9434374999999999
0 0.1003125 0.88375 0.08687500000000001 0.89875 0.0878125 0.9196875 0.10124999999999999 0.93125 0.1184375 0.9384375 0.14750000000000002 0.938125 0.16343749999999999 0.9356249999999999 0.175 0.9268750000000001 0.1809375 0.914375 0.18062499999999998 0.9021874999999999 0.17093750000000002 0.89 0.153125 0.8834375 0.1278125 0.8821875 0.1003125 0.88375
0 0.044687500000000005 0.9400000000000001 0.0390625 0.9584374999999999 0.044687500000000005 0.9734375 0.078125 0.9737500000000001 0.10625 0.9590624999999999 0.121875 0.9453125 0.12875 0.9296875 0.1325 0.9134375 0.1275 0.9059375 0.09812499999999999 0.9034375000000001 0.07781249999999999 0.9075 0.059375 0.9240625 0.044687500000000005 0.9400000000000001