0 0.559375 0.865625 0.584375 0.86875 0.61875 0.86875 0.64375 0.85625 0.64375 0.8375 0.628125 0.81875 0.56875 0.81875 0.546875 0.821875 0.5375 0.828125 0.534375 0.834375 0.534375 0.84375 0.5375 0.85 0.559375 0.865625
0 0.6125 0.815625 0.61875 0.8125 0.61875 0.79375 0.615625 0.7875 0.596875 0.771875 0.56875 0.771875 0.528125 0.78125 0.515625 0.790625 0.515625 0.809375 0.5375 0.821875 0.6125 0.815625
0 0.521875 0.78125 0.5875 0.76875 0.590625 0.765625 0.590625 0.75 0.578125 0.734375 0.56875 0.73125 0.528125 0.7375 0.490625 0.753125 0.4875 0.765625 0.490625 0.771875 0.503125 0.78125 0.521875 0.78125
0 0.503125 0.74375 0.565625 0.728125 0.565625 0.715625 0.559375 0.7 0.54375 0.690625 0.521875 0.690625 0.478125 0.703125 0.465625 0.7125 0.46875 0.73125 0.478125 0.740625 0.503125 0.74375
0 0.4625 0.70625 0.534375 0.684375 0.534375 0.675 0.53125 0.66875 0.5125 0.653125 0.5 0.653125 0.44375 0.671875 0.440625 0.678125 0.440625 0.690625 0.44375 0.696875 0.4625 0.70625
0 0.509375 0.65 0.503125 0.628125 0.484375 0.6125 0.4375 0.6125 0.421875 0.615625 0.409375 0.63125 0.40625 0.646875 0.415625 0.665625 0.453125 0.66875 0.509375 0.65
0 0.390625 0.615625 0.45 0.609375 0.453125 0.60625 0.453125 0.5875 0.446875 0.578125 0.4375 0.571875 0.39375 0.55625 0.36875 0.55625 0.35625 0.5625 0.353125 0.575 0.3625 0.596875 0.371875 0.60625 0.390625 0.615625
0 0.428125 0.565625 0.440625 0.559375 0.44375 0.55625 0.44375 0.54375 0.421875 0.51875 0.409375 0.515625 0.375 0.5375 0.375 0.55 0.390625 0.5625 0.428125 0.565625
0 0.371875 0.53125 0.384375 0.53125 0.396875 0.528125 0.415625 0.5125 0.415625 0.503125 0.4125 0.496875 0.390625 0.475 0.378125 0.465625 0.3625 0.46875 0.3375 0.48125 0.340625 0.50625 0.346875 0.51875 0.371875 0.53125
0 0.365625 0.49375 0.375 0.490625 0.38125 0.478125 0.38125 0.465625 0.36875 0.440625 0.35625 0.43125 0.346875 0.43125 0.33125 0.44375 0.321875 0.4625 0.325 0.48125 0.3375 0.49375 0.365625 0.49375
0 0.315625 0.465625 0.35 0.425 0.35 0.421875 0.346875 0.409375 0.334375 0.3875 0.328125 0.384375 0.315625 0.384375 0.30625 0.3875 0.3 0.39375 0.29375 0.40625 0.29375 0.440625 0.296875 0.446875 0.315625 0.465625
0 0.296875 0.3875 0.33125 0.38125 0.334375 0.36875 0.328125 0.35625 0.309375 0.3375 0.3 0.33125 0.278125 0.33125 0.2625 0.340625 0.265625 0.3625 0.271875 0.371875 0.296875 0.3875
0 0.2625 0.428125 0.271875 0.4375 0.290625 0.440625 0.296875 0.390625 0.275 0.375 0.2625 0.375 0.25 0.3875 0.25 0.403125 0.253125 0.4125 0.2625 0.428125
0 0.246875 0.4 0.290625 0.3875 0.29375 0.384375 0.271875 0.3375 0.246875 0.33125 0.2375 0.33125 0.221875 0.340625 0.21875 0.35 0.221875 0.36875 0.23125 0.384375 0.246875 0.4
0 0.2665625 0.29312499999999997 0.2534375 0.3 0.24343750000000003 0.31124999999999997 0.24375 0.328125 0.24937499999999999 0.34125 0.2625 0.3484375 0.2778125 0.3471875 0.2925 0.3384375 0.30281250000000004 0.3284375 0.3078125 0.3125 0.30125 0.299375 0.29093749999999996 0.29281250000000003 0.2809375 0.29125 0.2665625 0.29312499999999997
0 0.25875 0.2578125 0.250625 0.2534375 0.2390625 0.25968749999999996 0.22781250000000003 0.274375 0.22218749999999998 0.29125 0.2209375 0.3046875 0.2240625 0.3209375 0.23125 0.33187500000000003 0.23937499999999998 0.3365625 0.2515625 0.33718750000000003 0.25968749999999996 0.33187500000000003 0.27 0.3134375 0.27937500000000004 0.2921875 0.27531249999999996 0.27625 0.270625 0.2628125 0.25875 0.2578125
0 0.205 0.23500000000000001 0.20249999999999999 0.2496875 0.20031249999999998 0.2684375 0.2009375 0.28500000000000003 0.20625 0.2934375 0.2146875 0.299375 0.22749999999999998 0.29500000000000004 0.23625 0.28625 0.24562499999999998 0.2734375 0.2503125 0.258125 0.2503125 0.2440625 0.24937499999999999 0.22374999999999998 0.2390625 0.2140625 0.22718750000000001 0.21187499999999998 0.2140625 0.2203125 0.205 0.23500000000000001
0 0.1953125 0.2028125 0.1734375 0.1990625 0.1640625 0.203125 0.1575 0.21375000000000002 0.1578125 0.2321875 0.16375 0.250625 0.17906249999999999 0.2684375 0.19125 0.2759375 0.20812499999999998 0.2728125 0.2128125 0.2528125 0.2140625 0.2325 0.21125 0.22749999999999998 0.2071875 0.2171875 0.1953125 0.2028125
0 0.1909375 0.14250000000000002 0.1775 0.1390625 0.1640625 0.1440625 0.1559375 0.1565625 0.1534375 0.171875 0.1559375 0.183125 0.1653125 0.198125 0.1915625 0.21000000000000002 0.210625 0.21781250000000002 0.2225 0.2184375 0.23156249999999998 0.210625 0.2346875 0.2071875 0.2359375 0.193125 0.2284375 0.1784375 0.2203125 0.16343749999999999 0.2046875 0.150625 0.1909375 0.14250000000000002
0 0.1171875 0.18562499999999998 0.12375 0.2034375 0.1409375 0.226875 0.15718749999999998 0.2340625 0.1734375 0.2328125 0.18656250000000002 0.22531249999999997 0.18687499999999999 0.21156250000000001 0.183125 0.19343749999999998 0.178125 0.18156250000000002 0.164375 0.16593750000000002 0.1453125 0.1528125 0.1271875 0.15375 0.11875 0.165625 0.1171875 0.18562499999999998
0 0.1828125 0.1075 0.1753125 0.093125 0.1609375 0.0909375 0.1525 0.10187500000000001 0.14656249999999998 0.11875 0.14656249999999998 0.14156249999999998 0.1496875 0.1615625 0.16125 0.1696875 0.17906249999999999 0.170625 0.19 0.1625 0.19624999999999998 0.145625 0.1915625 0.13468750000000002 0.1896875 0.12593749999999998 0.1828125 0.1075
0 0.145625 0.065625 0.135 0.0678125 0.12250000000000001 0.07718749999999999 0.1121875 0.09343749999999999 0.1075 0.10874999999999999 0.10625 0.12437499999999999 0.1075 0.143125 0.113125 0.1546875 0.1203125 0.1653125 0.1303125 0.170625 0.1446875 0.1715625 0.15562499999999999 0.16218749999999998 0.16 0.14875 0.1625 0.1290625 0.16375 0.109375 0.16499999999999998 0.08562499999999999 0.16 0.07718749999999999 0.15531250000000002 0.0684375 0.145625 0.065625
0 0.12062500000000001 0.0359375 0.10625 0.042812499999999996 0.0978125 0.053437500000000006 0.08625000000000001 0.0678125 0.07875 0.08249999999999999 0.0734375 0.09875 0.0740625 0.11625 0.07875 0.129375 0.08375 0.1378125 0.0890625 0.144375 0.10406249999999999 0.144375 0.1103125 0.1340625 0.11875 0.1171875 0.13 0.099375 0.1359375 0.080625 0.14125000000000001 0.0625 0.1384375 0.0478125 0.12875 0.0384375 0.12062500000000001 0.0359375
0 0.0478125 0.0140625 0.042812499999999996 0.028437499999999998 0.040625 0.043437500000000004 0.0415625 0.060625 0.04375 0.076875 0.0471875 0.09 0.05500000000000001 0.0996875 0.06375 0.104375 0.0725 0.103125 0.0803125 0.0953125 0.08499999999999999 0.0865625 0.08625000000000001 0.07781249999999999 0.0896875 0.061875 0.09031249999999999 0.043437500000000004 0.0878125 0.0309375 0.0853125 0.0203125 0.0828125 0.009375 0.07718749999999999 0.0021874999999999998 0.064375 0 0.053125 0.0028125 0.0478125 0.0140625