0 0.020472465625 0.49669352812499995 0.019527584375 0.508032125 0.025196881249999997 0.526929784375 0.040629971875 0.5477172125 0.051023684375 0.557795965625 0.066141815625 0.568504640625 0.08346466875 0.5719692125 0.096378071875 0.56755975625 0.10519698125000002 0.55874085 0.10519698125000002 0.546142409375 0.096378071875 0.5300793968749999 0.07779537187499999 0.5162211125 0.058582749999999996 0.49606360625 0.0481890375 0.49070926875 0.029921296874999996 0.49039430624999997 0.020472465625 0.49669352812499995
0 0.047244153125 0.475276178125 0.048503996875 0.48881950312500005 0.056692984375 0.502047865625 0.075275684375 0.518110878125 0.0932284625 0.526929784375 0.106456825 0.52818963125 0.12283479687500001 0.5240951375 0.131023784375 0.51181165625 0.13354347187499999 0.49606360625 0.13196866875 0.48787461875 0.12251983749999999 0.479055709375 0.0982678375 0.46771711250000003 0.0746457625 0.46393758125 0.059212671875 0.46456750312499995 0.047244153125 0.475276178125
0 0.076220565625 0.485984853125 0.07275599687499999 0.49511872187500006 0.074015840625 0.5105518124999999 0.08125994375 0.52755970625 0.087874125 0.541732953125 0.0982678375 0.557795965625 0.10960643437499999 0.5691345625 0.12661433125 0.571339290625 0.13984269375 0.56504006875 0.141732459375 0.54677233125 0.140787575 0.5348038125000001 0.13795292812499999 0.5250400187500001 0.13669308125 0.5212604875 0.12976394062500002 0.50677228125 0.11527573437500001 0.49669352812499995 0.091338696875 0.48661477499999994 0.076220565625 0.485984853125
0 0.004409453125 0.4784257875 0.00692914375 0.49417384062499997 0.013858284374999998 0.512441578125 0.0239370375 0.52818963125 0.035275634374999996 0.54141799375 0.050393762499999994 0.5505518625 0.064567009375 0.5533865125 0.07842529375 0.549921940625 0.08409459375 0.53574869375 0.08377963125 0.521890409375 0.0796851375 0.5089770062500001 0.06929142499999999 0.49417384062499997 0.0639370875 0.48661477499999994 0.05196856875 0.473701371875 0.043464621875 0.46771711250000003 0.026771687500000002 0.46645726875 0.0103937125 0.468661996875 0.004409453125 0.4784257875
0 0.10677178437499998 0.46677223124999995 0.10582690312500001 0.4815754 0.1114962 0.49732345 0.12125999375 0.5086620468749999 0.137637965625 0.513701421875 0.1540159375 0.510866775 0.161575003125 0.49511872187500006 0.1618899625 0.48472500937499996 0.165039575 0.474331296875 0.153386015625 0.46929191875000004 0.137323003125 0.46519742500000005 0.121574953125 0.461732853125 0.10677178437499998 0.46677223124999995
0 0.131023784375 0.49417384062499997 0.1303938625 0.512441578125 0.13165370625 0.5310242781250001 0.136063159375 0.5470872906250001 0.14519703125 0.56220541875 0.15559074374999998 0.5703944062499999 0.167874221875 0.57070936875 0.18551204062499999 0.55716604375 0.186771884375 0.5448825625 0.187086846875 0.528504590625 0.182992353125 0.508347084375 0.17700809374999998 0.49574864375 0.16724429999999998 0.4815754 0.157795471875 0.47307145000000006 0.14519703125 0.47149664687500004 0.134803315625 0.4784257875 0.131023784375 0.49417384062499997
0 0.17574825 0.5240951375 0.16913406875 0.5335439656250001 0.169763990625 0.5483471343749999 0.17763801562499998 0.56000069375 0.187086846875 0.5688196 0.20220497499999998 0.573858978125 0.21606325937499998 0.57574874375 0.23149635000000002 0.573858978125 0.242834946875 0.568189678125 0.2529137 0.556536121875 0.254803465625 0.544252640625 0.24944912812500003 0.5329140437500001 0.242205025 0.52755970625 0.23527588124999999 0.5247250593749999 0.21448845312499998 0.523465215625 0.1996852875 0.5222053718749999 0.18551204062499999 0.521890409375 0.17574825 0.5240951375
0 0.182677390625 0.45669347812499994 0.1729136 0.4576383625 0.16409469062499998 0.46456750312499995 0.1618899625 0.47685098437500006 0.165039575 0.49165415 0.171023834375 0.5055124375 0.182992353125 0.5162211125 0.19559079375 0.52535498125 0.211023884375 0.5310242781250001 0.223937284375 0.5291345125 0.23527588124999999 0.51748095625 0.238425490625 0.505197475 0.237165646875 0.49921321562500004 0.230866428125 0.49070926875 0.21826798749999998 0.4784257875 0.205669546875 0.46708719062500004 0.19307110624999999 0.45889820625000005 0.182677390625 0.45669347812499994
0 0.234960921875 0.45259898437499996 0.22236248125000002 0.45480371249999996 0.21606325937499998 0.46362262187500003 0.21574829687500002 0.47874074999999994 0.22173255625000002 0.491024228125 0.2311813875 0.5011029812500001 0.245039671875 0.511181734375 0.26204756875 0.51464630625 0.2790554625 0.51464630625 0.29417359374999996 0.509606928125 0.30456730625 0.5007880218749999 0.303622421875 0.48503996875000005 0.300787775 0.476536021875 0.297008240625 0.47149664687500004 0.286299565625 0.46519742500000005 0.26740190625000004 0.459528128125 0.2525987375 0.45448875 0.242205025 0.45259898437499996 0.234960921875 0.45259898437499996
0 0.20598450625 0.47685098437500006 0.195905753125 0.479055709375 0.19023645625000002 0.48661477499999994 0.188346690625 0.501732903125 0.192126221875 0.518110878125 0.20094513125 0.5291345125 0.21543333750000002 0.542992796875 0.23023650624999997 0.554016434375 0.24629951874999997 0.558110928125 0.259842840625 0.5546463562499999 0.2661420625 0.542047915625 0.267716865625 0.5288195531250001 0.266771984375 0.5247250593749999 0.263937334375 0.5133864625 0.2497640875 0.49858329375 0.23527588124999999 0.4869297375 0.21763806562500002 0.48000059375 0.20598450625 0.47685098437500006
0 0.227416621875 0.503305246875 0.22269220625 0.51495880625 0.226156778125 0.5294470125 0.24095994687500003 0.5423604156249999 0.271826125 0.55905335 0.298912775 0.56566753125 0.33103879687500004 0.562202959375 0.333873446875 0.539210803125 0.3265625 0.5228125 0.321904928125 0.5171635343750001 0.29733796875 0.5048800531250001 0.278125346875 0.502675325 0.25261350312499997 0.502675325 0.227416621875 0.503305246875
0 0.2844098 0.5086620468749999 0.277480659375 0.526614825 0.27559089062500003 0.54677233125 0.279370425 0.557795965625 0.29669328125 0.5625203812499999 0.31842559062500003 0.553701471875 0.32755945937500003 0.54645736875 0.334488603125 0.54110303125 0.34677208125000003 0.527244746875 0.35401618749999997 0.5133864625 0.356850834375 0.49763840937500003 0.356850834375 0.485669890625 0.35055161562500003 0.4784257875 0.33637836875 0.477795865625 0.316850784375 0.480630515625 0.29889800625 0.49196911249999997 0.2844098 0.5086620468749999
0 0.2790554625 0.46425254374999997 0.266771984375 0.47685098437500006 0.26362237187500004 0.49511872187500006 0.27275624375 0.508347084375 0.294803515625 0.5130715 0.316850784375 0.512441578125 0.34047286250000003 0.50677228125 0.356535875 0.497953371875 0.362205171875 0.48661477499999994 0.362205171875 0.477795865625 0.360945328125 0.47212656875 0.35937052187499996 0.46425254374999997 0.34110278437499997 0.45574859375 0.3140161375 0.45354386875 0.297008240625 0.455433634375 0.2790554625 0.46425254374999997
0 0.38 0.48375 0.3740625 0.49343750000000003 0.371875 0.505 0.3728125 0.5209374999999999 0.37875000000000003 0.53625 0.3890625 0.5521874999999999 0.41156249999999994 0.5653125 0.428125 0.5675 0.4328125 0.5553125 0.4328125 0.5346875 0.4328125 0.5184375 0.43156249999999996 0.504375 0.425 0.49093749999999997 0.4178125 0.4803125 0.40531249999999996 0.4771875 0.3928125 0.47843749999999996 0.38 0.48375
0 0.43624999999999997 0.5165625 0.428125 0.525625 0.42281250000000004 0.5415625000000001 0.428125 0.5534375 0.4403125 0.56375 0.4571875 0.56875 0.4725 0.56875 0.48968749999999994 0.5634375 0.5 0.5543750000000001 0.5003124999999999 0.5346875 0.48687500000000006 0.5196875000000001 0.4690625 0.5146875 0.4559375 0.5134375 0.43624999999999997 0.5165625
0 0.4803125 0.5328125 0.47906250000000006 0.5506249999999999 0.4915625 0.5599999999999999 0.50625 0.561875 0.5209374999999999 0.561875 0.5346875 0.5587500000000001 0.551875 0.5506249999999999 0.5599999999999999 0.5365624999999999 0.5584374999999999 0.5253125 0.55625 0.52 0.5393749999999999 0.5121875 0.5175 0.5121875 0.499375 0.5153125000000001 0.489375 0.52125 0.4803125 0.5328125
0 0.4025 0.47062499999999996 0.40406250000000005 0.488125 0.4109375 0.5053124999999999 0.43062500000000004 0.5184375 0.44718749999999996 0.52 0.465625 0.50875 0.465625 0.49124999999999996 0.46343750000000006 0.48375 0.44875 0.4603125 0.43562500000000004 0.45437500000000003 0.426875 0.45375 0.40750000000000003 0.4575 0.4025 0.47062499999999996
0 0.44718749999999996 0.48187499999999994 0.46218750000000003 0.509375 0.4815625 0.51875 0.5 0.516875 0.50625 0.504375 0.50625 0.488125 0.504375 0.47781250000000003 0.4971875 0.45375 0.48 0.449375 0.45906250000000004 0.45062499999999994 0.44375 0.46281249999999996 0.44718749999999996 0.48187499999999994
0 0.496875 0.48343749999999996 0.5059375 0.5028125 0.5225 0.5131249999999999 0.5506249999999999 0.5121875 0.553125 0.4971875 0.5509375000000001 0.48187499999999994 0.5431250000000001 0.460625 0.5275000000000001 0.4528125 0.505625 0.4515625 0.496875 0.46375 0.496875 0.48343749999999996
0 0.5490625 0.4828125 0.5553125 0.499375 0.5675 0.515 0.58375 0.526875 0.5984375 0.5337500000000001 0.6121875 0.5337500000000001 0.6209374999999999 0.520625 0.621875 0.505 0.6196875000000001 0.49124999999999996 0.6131249999999999 0.48 0.6046875 0.460625 0.5806250000000001 0.4503125 0.5587500000000001 0.4515625 0.5506249999999999 0.4646875 0.5490625 0.4828125
0 0.5662499999999999 0.50625 0.5565625 0.5134375 0.5540625 0.5296875 0.559375 0.5415625000000001 0.57625 0.5534375 0.5978125000000001 0.5650000000000001 0.6209374999999999 0.5678124999999999 0.6384375 0.5634375 0.646875 0.5546875 0.6475 0.5353125000000001 0.6434375 0.5259375000000001 0.634375 0.52 0.614375 0.5140625 0.5928125 0.5081249999999999 0.57875 0.50625 0.5662499999999999 0.50625
0 0.6653125 0.496875 0.6484375 0.4996875 0.6425 0.51 0.640625 0.5228125 0.650625 0.538125 0.6637500000000001 0.55 0.6775 0.5599999999999999 0.6934375 0.56125 0.708125 0.5543750000000001 0.7125 0.545 0.714375 0.5353125000000001 0.7068749999999999 0.5190625 0.6971875 0.50875 0.6821875000000001 0.4984375 0.6653125 0.496875
0 0.6865625 0.495625 0.685625 0.5103125000000001 0.693125 0.5231250000000001 0.7084374999999999 0.5375 0.7234375 0.548125 0.7365625 0.5506249999999999 0.7537499999999999 0.5453125 0.7575000000000001 0.53625 0.7581249999999999 0.5328125 0.755625 0.52 0.7403125 0.49906249999999996 0.7221875 0.49124999999999996 0.6956249999999999 0.490625 0.6865625 0.495625
0 0.5962500000000001 0.45531249999999995 0.5959375 0.4690625 0.6065625 0.4828125 0.625 0.4871875 0.6475 0.488125 0.6596875 0.4815625 0.6671875 0.47125000000000006 0.663125 0.45531249999999995 0.6584375 0.44875 0.645 0.44375 0.6259375 0.44281249999999994 0.608125 0.44406249999999997 0.5962500000000001 0.45531249999999995
0 0.650625 0.47625 0.6709375 0.4828125 0.6859375 0.48218750000000005 0.7006249999999999 0.47843749999999996 0.7150000000000001 0.47125000000000006 0.7140625 0.4571875 0.704375 0.44625000000000004 0.6993750000000001 0.44343750000000004 0.691875 0.44125 0.6696875 0.44312500000000005 0.6590625 0.45 0.6484375 0.46687500000000004 0.650625 0.47625
0 0.708125 0.465 0.7125 0.475 0.7262500000000001 0.4840625 0.7381249999999999 0.48562500000000003 0.7534375 0.480625 0.7578125 0.46281249999999996 0.7559375 0.45062499999999994 0.7521875 0.4446875 0.745 0.44000000000000006 0.7262500000000001 0.4375 0.71375 0.4403125 0.7075 0.45 0.708125 0.465
0 0.754375 0.45499999999999996 0.764375 0.46968750000000004 0.7765625 0.47406249999999994 0.7940625 0.47406249999999994 0.8099999999999999 0.46624999999999994 0.8184374999999999 0.453125 0.818125 0.4375 0.8115625 0.43 0.80625 0.428125 0.7975 0.43218750000000006 0.7790625 0.43156249999999996 0.765625 0.4325 0.7546875 0.440625 0.754375 0.45499999999999996
0 0.83625 0.46875 0.8534375000000001 0.47531249999999997 0.8731249999999999 0.47562499999999996 0.89125 0.4734375 0.9025000000000001 0.45999999999999996 0.9028124999999999 0.445625 0.891875 0.43624999999999997 0.8803124999999999 0.43156249999999996 0.8709374999999999 0.43093750000000003 0.8550000000000001 0.426875 0.8324999999999999 0.4296875 0.8259375 0.44125 0.8262499999999999 0.456875 0.83625 0.46875
0 0.8971875 0.5175 0.8896875 0.5028125 0.8734375 0.5 0.8403124999999999 0.5034375 0.818125 0.5084375 0.8109375 0.5196875000000001 0.8162499999999999 0.533125 0.8262499999999999 0.5415625000000001 0.8428125 0.54375 0.85875 0.5434375 0.8771875 0.536875 0.8834375 0.53625 0.8921875 0.53 0.8971875 0.5175
0 0.749375 0.515625 0.754375 0.5287499999999999 0.7675 0.5384375 0.7846875 0.54 0.7993750000000001 0.5346875 0.8084374999999999 0.5209374999999999 0.8096875000000001 0.5090625 0.8087500000000001 0.5 0.8 0.4871875 0.7815624999999999 0.48343749999999996 0.7631249999999999 0.488125 0.7525000000000001 0.5003124999999999 0.749375 0.515625
0 0.8731249999999999 0.47843749999999996 0.8778124999999999 0.49468750000000006 0.8896875 0.5059375 0.9046875 0.5125 0.9190625000000001 0.5131249999999999 0.9371875 0.5090625 0.9493750000000001 0.49468750000000006 0.9493750000000001 0.4828125 0.946875 0.4728125 0.9346875000000001 0.46125 0.9178124999999999 0.45437500000000003 0.8931250000000001 0.45375 0.8740625 0.46343750000000006 0.8731249999999999 0.47843749999999996