0 0.86875 0.1125 0.884375 0.1125 0.89375 0.103125 0.896875 0.09375 0.896875 0.075 0.8625 0.05 0.859375 0.05 0.846875 0.0625 0.85 0.078125 0.8625 0.10625 0.86875 0.1125
0 0.84375 0.121875 0.85 0.11875 0.85625 0.1125 0.85625 0.096875 0.8375 0.059375 0.815625 0.05 0.80625 0.06875 0.803125 0.096875 0.8125 0.1125 0.825 0.121875 0.84375 0.121875
0 0.79375 0.159375 0.815625 0.159375 0.821875 0.15625 0.83125 0.134375 0.83125 0.128125 0.803125 0.103125 0.8 0.103125 0.79375 0.109375 0.7875 0.128125 0.7875 0.15 0.790625 0.15625 0.79375 0.159375
0 0.853125 0.196875 0.865625 0.184375 0.878125 0.1625 0.8875 0.140625 0.8875 0.121875 0.859375 0.11875 0.8375 0.134375 0.821875 0.1625 0.81875 0.171875 0.81875 0.190625 0.83125 0.196875 0.853125 0.196875
0 0.803125 0.2 0.815625 0.184375 0.815625 0.165625 0.8125 0.1625 0.790625 0.159375 0.7875 0.159375 0.78125 0.165625 0.775 0.178125 0.775 0.196875 0.778125 0.2 0.803125 0.2
0 0.81875 0.24375 0.840625 0.24375 0.8625 0.225 0.86875 0.2125 0.875 0.190625 0.865625 0.171875 0.8375 0.16875 0.83125 0.171875 0.809375 0.196875 0.80625 0.203125 0.80625 0.221875 0.809375 0.23125 0.81875 0.24375
0 0.7875 0.25625 0.803125 0.25625 0.8125 0.246875 0.8125 0.2375 0.8 0.203125 0.78125 0.203125 0.775 0.20625 0.76875 0.215625 0.765625 0.225 0.765625 0.2375 0.778125 0.253125 0.7875 0.25625
0 0.821875 0.303125 0.83125 0.30625 0.84375 0.303125 0.85625 0.284375 0.859375 0.271875 0.859375 0.24375 0.846875 0.24375 0.81875 0.25 0.8125 0.25625 0.809375 0.2625 0.809375 0.278125 0.815625 0.296875 0.821875 0.303125
0 0.790625 0.3 0.803125 0.290625 0.803125 0.2625 0.771875 0.253125 0.7625 0.253125 0.75625 0.259375 0.753125 0.26875 0.753125 0.284375 0.759375 0.29375 0.790625 0.3
0 0.80625 0.35 0.821875 0.35 0.83125 0.340625 0.8375 0.31875 0.8375 0.309375 0.8125 0.296875 0.803125 0.296875 0.79375 0.30625 0.79375 0.325 0.796875 0.340625 0.80625 0.35
0 0.765625 0.346875 0.778125 0.346875 0.790625 0.3375 0.790625 0.30625 0.765625 0.296875 0.75 0.296875 0.740625 0.30625 0.7375 0.3125 0.7375 0.328125 0.75625 0.34375 0.765625 0.346875
0 0.796875 0.4 0.8125 0.384375 0.821875 0.35625 0.81875 0.353125 0.790625 0.34375 0.78125 0.353125 0.78125 0.359375 0.79375 0.396875 0.796875 0.4
0 0.746875 0.403125 0.7625 0.409375 0.7875 0.403125 0.790625 0.396875 0.790625 0.375 0.78125 0.3625 0.771875 0.353125 0.74375 0.334375 0.73125 0.334375 0.725 0.340625 0.71875 0.353125 0.71875 0.36875 0.728125 0.384375 0.746875 0.403125
0 0.753125 0.453125 0.759375 0.440625 0.759375 0.428125 0.746875 0.415625 0.7375 0.4125 0.721875 0.415625 0.715625 0.41875 0.68125 0.453125 0.675 0.4625 0.665625 0.48125 0.675 0.484375 0.728125 0.475 0.753125 0.453125
0 0.6875 0.575 0.696875 0.571875 0.71875 0.546875 0.728125 0.525 0.73125 0.503125 0.728125 0.4875 0.71875 0.48125 0.678125 0.5 0.65625 0.534375 0.65625 0.559375 0.6625 0.56875 0.6875 0.575
0 0.709375 0.59375 0.71875 0.59375 0.734375 0.575 0.746875 0.546875 0.74375 0.5125 0.740625 0.50625 0.728125 0.5 0.71875 0.503125 0.684375 0.546875 0.68125 0.55625 0.68125 0.56875 0.703125 0.590625 0.709375 0.59375
0 0.68125 0.540625 0.7 0.528125 0.728125 0.5 0.728125 0.4875 0.721875 0.48125 0.709375 0.478125 0.66875 0.478125 0.659375 0.484375 0.65 0.496875 0.64375 0.509375 0.64375 0.528125 0.659375 0.540625 0.68125 0.540625
0 0.65625 0.571875 0.659375 0.565625 0.65625 0.5375 0.646875 0.53125 0.6375 0.53125 0.621875 0.553125 0.61875 0.578125 0.621875 0.584375 0.628125 0.5875 0.65625 0.571875
0 0.6875 0.66875 0.703125 0.653125 0.715625 0.63125 0.71875 0.61875 0.71875 0.603125 0.7125 0.596875 0.7 0.596875 0.64375 0.653125 0.65625 0.675 0.678125 0.675 0.6875 0.66875
0 0.646875 0.646875 0.65625 0.64375 0.6875 0.61875 0.70625 0.59375 0.69375 0.575 0.675 0.56875 0.65 0.575 0.61875 0.590625 0.60625 0.61875 0.60625 0.625 0.621875 0.646875 0.646875 0.646875
0 0.63125 0.6553125 0.6259375 0.6746875 0.6284375 0.68875 0.6334375 0.701875 0.646875 0.713125 0.66125 0.7159375 0.671875 0.71 0.6759375000000001 0.696875 0.680625 0.6725 0.6796875 0.656875 0.6765625 0.6431250000000001 0.6703125 0.630625 0.6509375000000001 0.6278125 0.641875 0.6375 0.63125 0.6553125
0 0.6178125 0.63625 0.5990624999999999 0.6359375 0.5865625 0.6434375 0.5825 0.6621875 0.5862499999999999 0.681875 0.5959375 0.6984375 0.6146874999999999 0.7175 0.6331249999999999 0.7268749999999999 0.6515625 0.7234375 0.6575 0.7053125 0.6571875 0.6950000000000001 0.6521874999999999 0.678125 0.649375 0.6640625 0.6421875 0.6471875 0.63375 0.640625 0.6178125 0.63625
0 0.57875 0.6693749999999999 0.5690625 0.6743750000000001 0.558125 0.6903125 0.555625 0.716875 0.566875 0.7390625 0.58125 0.7528125 0.595625 0.7584375 0.614375 0.7596875 0.6271875 0.7537499999999999 0.6271875 0.74 0.6259375 0.7353125 0.6209374999999999 0.725 0.60625 0.6978125000000001 0.6 0.684375 0.5856250000000001 0.67125 0.57875 0.6693749999999999
0 0.5728125000000001 0.7146874999999999 0.563125 0.725625 0.5578125 0.744375 0.558125 0.77125 0.568125 0.7921875 0.5859375 0.8106249999999999 0.6012500000000001 0.8106249999999999 0.6146874999999999 0.7990625 0.6159375 0.78125 0.6159375 0.7728125 0.6159375 0.7628125 0.6046875 0.735 0.595625 0.718125 0.584375 0.7128125 0.5728125000000001 0.7146874999999999
0 0.5359375 0.714375 0.5240625 0.7325 0.5171875 0.749375 0.5115624999999999 0.7646875 0.509375 0.7775000000000001 0.50875 0.791875 0.5125 0.8040625 0.5221875 0.81125 0.535625 0.8109375 0.5493750000000001 0.8003125000000001 0.5590625 0.7865624999999999 0.5634375 0.7709374999999999 0.5678124999999999 0.7581249999999999 0.5715625 0.7446875000000001 0.56875 0.7240624999999999 0.56375 0.7112499999999999 0.5490625 0.7084374999999999 0.5359375 0.714375
0 0.5753125 0.7653125000000001 0.5525 0.76 0.5403125 0.764375 0.5265625 0.7759375000000001 0.5184375 0.7931250000000001 0.5109375 0.8081250000000001 0.51 0.8240624999999999 0.5165625 0.834375 0.5253125 0.838125 0.5378125 0.8375 0.5515625 0.8303125 0.5759375 0.8153124999999999 0.5856250000000001 0.790625 0.585 0.77625 0.5753125 0.7653125000000001
0 0.5346875 0.8109375 0.528125 0.7993750000000001 0.5125 0.79375 0.4959375 0.795625 0.4871875 0.8078125 0.48125 0.8259375 0.47468750000000004 0.8425 0.4734375 0.8574999999999999 0.47468750000000004 0.8731249999999999 0.4875 0.8846875000000001 0.505 0.8846875000000001 0.5196875000000001 0.8759375 0.5271874999999999 0.8615625 0.535625 0.845 0.534375 0.834375 0.5346875 0.829375 0.5346875 0.8109375
0 0.5806250000000001 0.7784375 0.5678124999999999 0.7721875 0.5571875000000001 0.7821875 0.5484375 0.7934375 0.5390625 0.8074999999999999 0.536875 0.8228125000000001 0.5353125000000001 0.83625 0.5384375 0.8490624999999999 0.5459375 0.8559374999999999 0.5575 0.8571875 0.568125 0.849375 0.5803125 0.8375 0.588125 0.8140625 0.590625 0.8034375 0.5896874999999999 0.79 0.5806250000000001 0.7784375