0 0.2 0.21875 0.215625 0.228125 0.25 0.23125 0.246875 0.1875 0.240625 0.16875 0.215625 0.159375 0.2 0.15625 0.1875 0.15625 0.178125 0.1625 0.175 0.16875 0.175 0.1875 0.184375 0.203125 0.2 0.21875
0 0.253125 0.234375 0.275 0.2375 0.2875 0.23125 0.290625 0.225 0.296875 0.190625 0.25625 0.16875 0.240625 0.165625 0.225 0.16875 0.21875 0.1875 0.225 0.2125 0.2375 0.225 0.253125 0.234375
0 0.284375 0.240625 0.296875 0.240625 0.3125 0.23125 0.328125 0.209375 0.328125 0.203125 0.31875 0.19375 0.290625 0.184375 0.278125 0.184375 0.2625 0.196875 0.259375 0.203125 0.259375 0.215625 0.265625 0.225 0.284375 0.240625
0 0.3375 0.265625 0.34375 0.2625 0.35625 0.25 0.365625 0.228125 0.359375 0.215625 0.35625 0.2125 0.33125 0.20625 0.309375 0.2125 0.284375 0.24375 0.290625 0.253125 0.30625 0.265625 0.3375 0.265625
0 0.365625 0.29375 0.378125 0.284375 0.396875 0.25625 0.396875 0.24375 0.39375 0.2375 0.378125 0.225 0.365625 0.225 0.3625 0.228125 0.340625 0.265625 0.340625 0.275 0.35625 0.290625 0.365625 0.29375
0 0.409375 0.309375 0.41875 0.296875 0.428125 0.275 0.425 0.265625 0.4125 0.253125 0.403125 0.253125 0.4 0.25625 0.378125 0.2875 0.378125 0.29375 0.4 0.309375 0.409375 0.309375
0 0.43125 0.328125 0.440625 0.325 0.459375 0.309375 0.459375 0.29375 0.453125 0.28125 0.446875 0.278125 0.434375 0.275 0.425 0.278125 0.4125 0.309375 0.4125 0.31875 0.41875 0.325 0.43125 0.328125
0 0.478125 0.35625 0.509375 0.309375 0.5 0.3 0.471875 0.3 0.465625 0.303125 0.440625 0.33125 0.4375 0.34375 0.446875 0.353125 0.453125 0.35625 0.478125 0.35625
0 0.515625 0.36875 0.55 0.325 0.5375 0.309375 0.528125 0.30625 0.5125 0.30625 0.503125 0.309375 0.478125 0.34375 0.478125 0.35 0.48125 0.35625 0.515625 0.36875
0 0.546875 0.3875 0.584375 0.359375 0.590625 0.346875 0.590625 0.3375 0.584375 0.33125 0.571875 0.325 0.55 0.325 0.5125 0.353125 0.509375 0.3625 0.5125 0.375 0.528125 0.384375 0.546875 0.3875
0 0.578125 0.415625 0.609375 0.396875 0.628125 0.378125 0.63125 0.359375 0.609375 0.346875 0.59375 0.346875 0.559375 0.365625 0.55 0.384375 0.553125 0.39375 0.575 0.415625 0.578125 0.415625
0 0.603125 0.4375 0.6125 0.434375 0.659375 0.403125 0.665625 0.39375 0.665625 0.384375 0.659375 0.375 0.646875 0.36875 0.63125 0.36875 0.584375 0.40625 0.578125 0.4125 0.578125 0.421875 0.590625 0.434375 0.603125 0.4375
0 0.628125 0.4625 0.671875 0.44375 0.69375 0.421875 0.696875 0.415625 0.69375 0.40625 0.671875 0.39375 0.665625 0.39375 0.621875 0.41875 0.60625 0.43125 0.6 0.44375 0.6 0.45 0.609375 0.459375 0.628125 0.4625
0 0.65 0.49375 0.665625 0.49375 0.6875 0.4875 0.709375 0.478125 0.7125 0.471875 0.7125 0.45625 0.709375 0.446875 0.703125 0.4375 0.696875 0.434375 0.6875 0.434375 0.634375 0.459375 0.625 0.465625 0.625 0.478125 0.634375 0.4875 0.65 0.49375
0 0.740625 0.496875 0.75 0.496875 0.75625 0.49375 0.76875 0.48125 0.76875 0.471875 0.75625 0.45 0.715625 0.41875 0.709375 0.415625 0.7 0.415625 0.6875 0.43125 0.678125 0.446875 0.678125 0.453125 0.690625 0.478125 0.740625 0.496875
0 0.684375 0.521875 0.715625 0.53125 0.73125 0.53125 0.74375 0.5125 0.74375 0.496875 0.734375 0.48125 0.703125 0.465625 0.684375 0.459375 0.678125 0.459375 0.66875 0.465625 0.653125 0.484375 0.653125 0.49375 0.65625 0.5 0.684375 0.521875
0 0.78125 0.5375 0.796875 0.525 0.796875 0.50625 0.79375 0.5 0.775 0.484375 0.765625 0.48125 0.715625 0.48125 0.70625 0.490625 0.703125 0.521875 0.715625 0.53125 0.74375 0.5375 0.78125 0.5375