0 0.3875 0.51875 0.39375 0.521875 0.409375 0.521875 0.421875 0.51875 0.44375 0.509375 0.44375 0.50625 0.45 0.5 0.45 0.490625 0.446875 0.484375 0.440625 0.478125 0.440625 0.475 0.43125 0.471875 0.4 0.475 0.38125 0.48125 0.378125 0.484375 0.375 0.49375 0.378125 0.50625 0.3875 0.515625 0.3875 0.51875
0 0.396875 0.484375 0.421875 0.478125 0.434375 0.471875 0.440625 0.4625 0.4375 0.45 0.421875 0.434375 0.409375 0.43125 0.3875 0.43125 0.384375 0.434375 0.36875 0.434375 0.365625 0.4375 0.3625 0.44375 0.3625 0.4625 0.378125 0.484375 0.396875 0.484375
0 0.359375 0.434375 0.365625 0.440625 0.371875 0.4375 0.390625 0.4375 0.39375 0.440625 0.4 0.440625 0.403125 0.4375 0.41875 0.4375 0.428125 0.434375 0.428125 0.41875 0.425 0.4125 0.409375 0.396875 0.390625 0.390625 0.365625 0.390625 0.353125 0.396875 0.35 0.403125 0.353125 0.428125 0.35625 0.434375 0.359375 0.434375
0 0.35875 0.3465625 0.34875 0.35125 0.3428125 0.36 0.3409375 0.3728125 0.34562499999999996 0.38875000000000004 0.354375 0.40062499999999995 0.3671875 0.4103125 0.378125 0.41312499999999996 0.401875 0.4103125 0.41125 0.4059375 0.42000000000000004 0.393125 0.41593749999999996 0.3821875 0.41281249999999997 0.378125 0.40843749999999995 0.3675 0.39875 0.356875 0.3884375 0.34968750000000004 0.37124999999999997 0.3440625 0.35875 0.3465625
0 0.3421875 0.30343749999999997 0.33375 0.309375 0.33125 0.3175 0.3309375 0.3325 0.334375 0.34750000000000003 0.34750000000000003 0.364375 0.36531250000000004 0.3771875 0.38375 0.3746875 0.39625 0.364375 0.4 0.354375 0.396875 0.3359375 0.390625 0.32937500000000003 0.3875 0.32125 0.3778125 0.3090625 0.369375 0.3015625 0.3571875 0.2990625 0.3421875 0.30343749999999997
0 0.3259375 0.25593750000000004 0.3178125 0.27125 0.31625000000000003 0.289375 0.3228125 0.31 0.3353125 0.328125 0.3471875 0.33781249999999996 0.3609375 0.33781249999999996 0.374375 0.33187500000000003 0.3821875 0.323125 0.38375 0.30656249999999996 0.3834375 0.2940625 0.3825 0.28625 0.3746875 0.27125 0.3678125 0.25906250000000003 0.3559375 0.25406249999999997 0.3375 0.2509375 0.3259375 0.25593750000000004
0 0.311875 0.21125 0.30656249999999996 0.21968749999999998 0.303125 0.238125 0.30375 0.2571875 0.3071875 0.27156250000000004 0.3225 0.2846875 0.3359375 0.2859375 0.35281250000000003 0.2778125 0.3621875 0.26625 0.36875 0.2503125 0.36124999999999996 0.2384375 0.353125 0.2203125 0.3434375 0.2090625 0.3246875 0.205 0.311875 0.21125
0 0.42062499999999997 0.5090625 0.4078125 0.5146875 0.3959375 0.5228125 0.39 0.533125 0.39125 0.5484375 0.396875 0.5587500000000001 0.40875000000000006 0.563125 0.421875 0.5596875 0.440625 0.5528125 0.44625000000000004 0.5484375 0.45625 0.536875 0.4575 0.521875 0.45499999999999996 0.5140625 0.44875 0.5078125 0.43562500000000004 0.50625 0.42062499999999997 0.5090625
0 0.4 0.5725 0.40406250000000005 0.5865625 0.4134375 0.5909375 0.4265625 0.5890625 0.4496875 0.58375 0.464375 0.573125 0.47062499999999996 0.5625 0.46375 0.5459375 0.44781250000000006 0.5421875 0.4290625 0.5465625000000001 0.4103125 0.558125 0.4 0.5725
0 0.410625 0.6178125 0.43968749999999995 0.6325000000000001 0.46125 0.62 0.478125 0.6078125 0.4828125 0.5974999999999999 0.4815625 0.5915625 0.4721875 0.5815625 0.4403125 0.5840625 0.4190625 0.5928125 0.40843749999999995 0.6068749999999999 0.410625 0.6178125
0 0.42062499999999997 0.6396875 0.4221875 0.6515625 0.441875 0.663125 0.459375 0.6671875 0.47562499999999996 0.6621875 0.488125 0.6528125 0.4925 0.6490625 0.49812500000000004 0.6421875 0.4803125 0.6228125 0.458125 0.6174999999999999 0.4328125 0.626875 0.42062499999999997 0.6396875
0 0.446875 0.6715625000000001 0.43968749999999995 0.6825 0.44749999999999995 0.7025 0.47437500000000005 0.7109375 0.4965625 0.7053125 0.515 0.69875 0.5228125 0.6921875 0.525625 0.6778125 0.503125 0.665625 0.48187499999999994 0.6615624999999999 0.4615625 0.6653125 0.446875 0.6715625000000001
0 0.4815625 0.6953125 0.471875 0.7090625 0.47906250000000006 0.7228125000000001 0.510625 0.7328125 0.54 0.733125 0.5549999999999999 0.7246875 0.5615625 0.714375 0.56125 0.7006249999999999 0.5515625 0.690625 0.5253125 0.6853125 0.49812500000000004 0.6865625 0.4815625 0.6953125
0 0.4915625 0.7459374999999999 0.4971875 0.7615624999999999 0.5290625 0.7731250000000001 0.55 0.7675 0.5746875 0.7546875 0.5865625 0.7434375 0.5884375000000001 0.739375 0.5884375000000001 0.72875 0.5650000000000001 0.7146874999999999 0.5340625 0.7184375000000001 0.49874999999999997 0.7303124999999999 0.4915625 0.7459374999999999
0 0.5028125 0.796875 0.5175 0.8096875000000001 0.5415625000000001 0.8115625 0.5625 0.8034375 0.5725 0.7931250000000001 0.5765625 0.7865624999999999 0.5828125 0.775 0.564375 0.76375 0.5315624999999999 0.7646875 0.50625 0.7746875 0.5028125 0.796875
0 0.5349999999999999 0.7925 0.5396875 0.805625 0.558125 0.8134375 0.5909375 0.8153124999999999 0.6125 0.8099999999999999 0.6265625 0.7996875 0.63375 0.788125 0.6334375 0.780625 0.6056250000000001 0.765 0.565625 0.76125 0.5431250000000001 0.7703125 0.5349999999999999 0.7925
0 0.5493750000000001 0.8318749999999999 0.5565625 0.8462500000000001 0.5784374999999999 0.85375 0.6040625000000001 0.851875 0.620625 0.8474999999999999 0.6346875 0.8384375000000001 0.640625 0.8296875 0.639375 0.8087500000000001 0.6131249999999999 0.8046875 0.5803125 0.8078125 0.555625 0.8168749999999999 0.5493750000000001 0.8318749999999999
0 0.576875 0.859375 0.5696875 0.8731249999999999 0.5765625 0.884375 0.595 0.8903125 0.6153125 0.8925000000000001 0.6428125 0.891875 0.6671875 0.8828125 0.673125 0.8753125 0.6759375000000001 0.8653124999999999 0.6740625 0.8556250000000001 0.656875 0.845 0.6174999999999999 0.8428125 0.5934375000000001 0.8490624999999999 0.576875 0.859375
0 0.609375 0.8915625 0.5965625 0.9015625 0.591875 0.911875 0.6018749999999999 0.9228125 0.6153125 0.930625 0.6471875 0.9371875 0.6671875 0.9337500000000001 0.6884375 0.9265625 0.6959375 0.9190625000000001 0.6971875 0.9134375 0.6965625 0.9034375000000001 0.688125 0.8925000000000001 0.6621875 0.8856249999999999 0.6375 0.8859375 0.609375 0.8915625
0 0.625 0.9321875000000001 0.6125 0.9446875 0.610625 0.9581250000000001 0.628125 0.971875 0.650625 0.97875 0.678125 0.9815625000000001 0.70375 0.9815625000000001 0.71375 0.9740624999999999 0.71875 0.9609375 0.718125 0.9506249999999999 0.7125 0.9371875 0.6990624999999999 0.9278124999999999 0.6771874999999999 0.9240625 0.6446875000000001 0.9259375000000001 0.625 0.9321875000000001