0 0.434375 0.66875 0.453125 0.675 0.484375 0.659375 0.503125 0.634375 0.5 0.621875 0.4875 0.615625 0.44375 0.61875 0.428125 0.63125 0.421875 0.640625 0.421875 0.65625 0.425 0.6625 0.434375 0.66875
0 0.4875 0.65 0.5 0.640625 0.53125 0.6 0.5375 0.584375 0.5375 0.565625 0.525 0.55625 0.5 0.55625 0.4875 0.5625 0.459375 0.59375 0.453125 0.6125 0.45625 0.634375 0.471875 0.646875 0.4875 0.65
0 0.55 0.5625 0.5625 0.553125 0.56875 0.540625 0.559375 0.528125 0.54375 0.525 0.51875 0.53125 0.515625 0.534375 0.5 0.553125 0.5 0.55625 0.5375 0.565625 0.55 0.5625
0 0.5625 0.525 0.571875 0.521875 0.5875 0.509375 0.590625 0.503125 0.590625 0.4875 0.584375 0.48125 0.571875 0.475 0.546875 0.475 0.525 0.5 0.521875 0.5125 0.528125 0.521875 0.534375 0.525 0.5625 0.525
0 0.58125 0.471875 0.59375 0.465625 0.615625 0.44375 0.61875 0.4375 0.61875 0.428125 0.58125 0.43125 0.571875 0.434375 0.55 0.453125 0.546875 0.4625 0.546875 0.46875 0.55 0.471875 0.58125 0.471875
0 0.628125 0.353125 0.6375 0.33125 0.6375 0.315625 0.621875 0.3125 0.60625 0.3125 0.6 0.315625 0.59375 0.321875 0.58125 0.346875 0.575 0.371875 0.58125 0.384375 0.609375 0.371875 0.628125 0.353125
0 0.625 0.35625 0.6375 0.334375 0.65625 0.265625 0.65 0.2625 0.6375 0.2625 0.61875 0.284375 0.6125 0.296875 0.603125 0.321875 0.6125 0.34375 0.61875 0.353125 0.625 0.35625
0 0.70625 0.19375 0.70625 0.184375 0.7 0.18125 0.6875 0.18125 0.678125 0.1875 0.6625 0.203125 0.64375 0.234375 0.640625 0.259375 0.65625 0.2625 0.68125 0.234375 0.70625 0.19375
0 0.74375 0.240625 0.75 0.2375 0.7625 0.221875 0.765625 0.203125 0.759375 0.1875 0.7375 0.1875 0.73125 0.196875 0.721875 0.215625 0.721875 0.228125 0.725 0.2375 0.74375 0.240625
0 0.715625 0.3 0.725 0.2875 0.73125 0.275 0.73125 0.259375 0.721875 0.259375 0.709375 0.265625 0.703125 0.28125 0.7 0.29375 0.7 0.309375 0.703125 0.309375 0.715625 0.3
0 0.690829778125 0.17472205937500002 0.68643425625 0.1838794 0.6897309 0.195234503125 0.697056771875 0.20256037500000001 0.716104040625 0.2069559 0.73808165625 0.20732219375 0.75969298125 0.2010952 0.773978434375 0.192304153125 0.78057171875 0.1816816375 0.78276948125 0.168128775 0.78057171875 0.158238846875 0.7750773125 0.153110734375 0.747238996875 0.1501803875 0.7201332687499999 0.154942203125 0.7018185875 0.16519842499999998 0.690829778125 0.17472205937500002
0 0.7131736906249999 0.118312840625 0.7047489375 0.127836475 0.697423065625 0.142854515625 0.698521946875 0.154209615625 0.713539984375 0.158971434375 0.734785015625 0.158971434375 0.75749521875 0.157506259375 0.77544360625 0.15127926875 0.787897590625 0.140290459375 0.7952234625 0.1300342375 0.79705493125 0.120876896875 0.79412458125 0.1113532625 0.78130430625 0.104759978125 0.753099696875 0.104759978125 0.7340524281249999 0.10805661875000001 0.7131736906249999 0.118312840625
0 0.709510753125 0.0919397 0.7128073968749999 0.106225153125 0.72086585625 0.116481371875 0.7391805375 0.11538249375000001 0.76042556875 0.1069577375 0.774344725 0.09523634375 0.7871650031249999 0.0769216625 0.7922931156249999 0.056409218750000004 0.783868359375 0.043588940625 0.7736121406249999 0.0344316 0.76408850625 0.03736195 0.73954683125 0.048350759375 0.7248950875 0.063002503125 0.7131736906249999 0.080218303125 0.709510753125 0.0919397