0 0.34295081875 0.6443749999999999 0.331475409375 0.65 0.326229509375 0.658125 0.32393442499999997 0.6696875 0.32360655625 0.6890625 0.328852459375 0.704375 0.334754096875 0.72 0.34229508124999997 0.73125 0.349180328125 0.7371875 0.361311475 0.743125 0.370163934375 0.74125 0.38032786875 0.7318749999999999 0.385245903125 0.7221875 0.388196721875 0.709375 0.388196721875 0.6959375 0.386229509375 0.6793750000000001 0.37836065625000004 0.6603125000000001 0.3645901625 0.6471875 0.352786884375 0.6434375 0.34295081875 0.6443749999999999
0 0.354754096875 0.641875 0.349836065625 0.6628125 0.349508196875 0.6784375 0.35311475312499996 0.6921875 0.36229508125 0.7 0.37409835937499997 0.7040625 0.386557378125 0.7025 0.39508196875 0.6940625 0.403934425 0.6784375 0.408196721875 0.665 0.412786884375 0.6471875 0.412786884375 0.6303124999999999 0.41147540937500005 0.62 0.407868853125 0.6115625 0.405245903125 0.6071875 0.390491803125 0.608125 0.37901639375 0.6121875 0.365573771875 0.624375 0.354754096875 0.641875
0 0.3180327875 0.6375 0.331147540625 0.64375 0.363934425 0.63125 0.367213115625 0.621875 0.37704918125 0.6125 0.38688524687500003 0.59375 0.38688524687500003 0.578125 0.39016393437499997 0.575 0.38688524687500003 0.5625 0.373770490625 0.553125 0.35737705000000003 0.553125 0.34426229375 0.559375 0.331147540625 0.571875 0.3245901625 0.584375 0.3245901625 0.59375 0.3180327875 0.603125 0.3180327875 0.6125 0.314754096875 0.615625 0.314754096875 0.634375 0.3180327875 0.6375
0 0.365901640625 0.600625 0.36491803125 0.61625 0.368852459375 0.63125 0.37836065625000004 0.6390625 0.39967213125 0.641875 0.412459015625 0.6328125 0.42590164062499997 0.6165625 0.42852459062500003 0.604375 0.429180328125 0.5865625 0.42491803125 0.564375 0.42000000000000004 0.5549999999999999 0.41737704999999997 0.5525 0.408852459375 0.5484375 0.387213115625 0.5590625 0.3793442625 0.5734375 0.371147540625 0.5865625 0.365901640625 0.600625
0 0.370491803125 0.540625 0.373770490625 0.546875 0.39016393437499997 0.559375 0.40655737812500004 0.559375 0.41639344375 0.540625 0.41639344375 0.53125 0.41967213125 0.528125 0.41967213125 0.496875 0.41639344375 0.49375 0.41639344375 0.471875 0.40655737812500004 0.45625 0.38688524687500003 0.440625 0.367213115625 0.44375 0.3606557375 0.45 0.35737705000000003 0.45 0.35081967187499996 0.465625 0.35081967187499996 0.49375 0.363934425 0.50625 0.370491803125 0.540625
0 0.373770490625 0.54375 0.370491803125 0.525 0.3606557375 0.50625 0.354098359375 0.5 0.34426229375 0.5 0.33770491874999997 0.503125 0.32786885312499997 0.5125 0.3245901625 0.521875 0.321311475 0.540625 0.32786885312499997 0.546875 0.32786885312499997 0.56875 0.373770490625 0.54375
0 0.38786894375 0.39656259375 0.382295175 0.402500096875 0.380000090625 0.41312509999999997 0.380000090625 0.4206251 0.382295175 0.43312510312499997 0.38786894375 0.44937510625000004 0.39672140625 0.46281260937499996 0.4098361625 0.47968761562499995 0.421967315625 0.487187615625 0.435082071875 0.485000115625 0.44393453125000004 0.47500011249999996 0.44786895937500004 0.464375109375 0.44885256875 0.453437609375 0.44754109062499997 0.44187510625000004 0.44524600625 0.431250103125 0.44262305625 0.4234376 0.43377059687499997 0.412812596875 0.422623053125 0.40093759687499997 0.40786895 0.39406259375 0.3963935375 0.39343759375 0.38786894375 0.39656259375
0 0.40852468750000004 0.3609375875 0.40327878437500003 0.3712500875 0.40262304687499995 0.381875090625 0.405245996875 0.39531259375 0.413114853125 0.40406259687499996 0.42786895312500006 0.40875009687499997 0.44950830625 0.409062596875 0.46032797812500004 0.40281259687500004 0.46426240625000004 0.39062509375 0.461967325 0.378750090625 0.45540994375 0.3700000875 0.45147551874999997 0.36156258750000003 0.44000010625 0.354375084375 0.43081977499999996 0.353750084375 0.419344359375 0.354062584375 0.40852468750000004 0.3609375875
0 0.42295081874999996 0.353125 0.432786884375 0.353125 0.43934426249999997 0.35625 0.452459015625 0.35 0.46885245937500003 0.33125 0.47213114687499996 0.321875 0.4754098375 0.321875 0.47868852500000003 0.315625 0.47868852500000003 0.29375 0.47213114687499996 0.275 0.45901639375 0.253125 0.44262294999999996 0.25625 0.43606557500000004 0.2625 0.432786884375 0.2625 0.426229509375 0.275 0.41967213125 0.28125 0.413114753125 0.296875 0.413114753125 0.30625 0.40983606562499997 0.309375 0.40983606562499997 0.3375 0.42295081874999996 0.353125
0 0.47147552187499997 0.21156255000000002 0.46622961875 0.22062505312499997 0.46262306249999996 0.23343755625 0.4613115875 0.247500059375 0.461967325 0.2625000625 0.46819683124999995 0.278125065625 0.47573781875 0.28718756875 0.486557490625 0.295000071875 0.5036066781249999 0.297187571875 0.5131148750000001 0.29000006875 0.51967225625 0.273750065625 0.51967225625 0.25937506250000003 0.5180329125 0.248125059375 0.5124591374999999 0.23187505625 0.507868975 0.219687553125 0.502623071875 0.21250005 0.489508315625 0.20781255 0.479672246875 0.20718755 0.47147552187499997 0.21156255000000002
0 0.46557388125 0.171250040625 0.45967224062499995 0.18125004375 0.457705025 0.19156254687500002 0.459344371875 0.19937504687500002 0.470819784375 0.20750005 0.48393454062499996 0.20968755 0.4977050375 0.20906254999999999 0.51016405625 0.20500005 0.5232788125 0.195937546875 0.53442635625 0.18718754375 0.54459029375 0.17656254062500001 0.551147671875 0.164375040625 0.552131278125 0.1534375375 0.548196853125 0.142187534375 0.540327996875 0.13500003124999999 0.5288525843749999 0.13312503125 0.52622963125 0.13468753125 0.500983725 0.143750034375 0.487213228125 0.1512500375 0.474098471875 0.1609375375 0.46557388125 0.171250040625
0 0.45573781249999995 0.12562503125 0.44491813750000003 0.140625034375 0.44032797500000004 0.1584375375 0.4462296125 0.16906254062499998 0.4583607625 0.172812540625 0.47508208124999995 0.170625040625 0.495082084375 0.16218753749999998 0.5131148750000001 0.148750034375 0.5255738937500001 0.138125034375 0.5314755375 0.123125028125 0.529508325 0.112500028125 0.5285247156249999 0.108750025 0.5245902874999999 0.105625025 0.5150820875 0.10187502500000001 0.49245913437500005 0.10312502500000001 0.47114765312499995 0.110625025 0.45573781249999995 0.12562503125
0 0.5213116 0.08375001875 0.5245902874999999 0.112812528125 0.52983619375 0.13781253437500002 0.539344390625 0.149375034375 0.55540996875 0.147500034375 0.56721325 0.138750034375 0.57573784375 0.12000002812499999 0.578032925 0.098125021875 0.5793444 0.08000001875 0.5793444 0.07500001875 0.5721312843749999 0.066562515625 0.558688659375 0.0584375125 0.540000128125 0.0553125125 0.5255738937500001 0.063750015625 0.5213116 0.08375001875
0 0.488196840625 0.0518750125 0.48065585312500003 0.070625015625 0.474098471875 0.10531252499999999 0.47770503125 0.119062528125 0.48754109687499997 0.13343753125 0.5072132375 0.138750034375 0.5232788125 0.13156253125 0.5308198 0.119062528125 0.5373771781250001 0.100937525 0.538032915625 0.08312501875 0.5370493093750001 0.064375015625 0.5324591437499999 0.0537500125 0.5193443875 0.0462500125 0.500983725 0.043750009374999996 0.488196840625 0.0518750125
0 0.517377175 0.01968750625 0.50819684375 0.035312509375 0.510491925 0.0512500125 0.5259017625 0.060000015625 0.544262425 0.059687515625 0.571147678125 0.050937512500000004 0.5832788250000001 0.045312509375 0.60262309375 0.03031250625 0.6095083406249999 0.017187503125 0.6052460468749999 0.007500003125 0.58032800625 0 0.559016528125 0.000625 0.5363935718749999 0.00375 0.517377175 0.01968750625