0 0.8185275624999999 0.48630439062499997 0.829169809375 0.5080515906249999 0.850454303125 0.5071261781249999 0.8740523281250001 0.49879746249999996 0.8911724624999999 0.47936379687499997 0.898575765625 0.46363178125 0.89348599375 0.44789976249999996 0.88608269375 0.43910834374999996 0.856006778125 0.436332103125 0.8384239375 0.44604893749999996 0.8213038031250001 0.46640801875 0.8185275624999999 0.48630439062499997
0 0.90875530625 0.48491627187499997 0.9254127343749999 0.48121462187499997 0.946234521875 0.461318246875 0.9485480531249999 0.44049646249999996 0.939293925 0.42198820625 0.9272635593749999 0.409495134375 0.922173790625 0.408107015625 0.9036655343750001 0.405330778125 0.8805302156250001 0.42106279375 0.871738796875 0.44512352499999996 0.876365859375 0.47473673125 0.90875530625 0.48491627187499997
0 0.75976385625 0.5186938375000001 0.779660228125 0.54090374375 0.81251238125 0.53997833125 0.8425882937500001 0.530261496875 0.851379715625 0.5136040687500001 0.850454303125 0.49139416249999995 0.8444391187500001 0.48121462187499997 0.8388866437500001 0.4724232 0.81251238125 0.46918425625 0.781511053125 0.47843838437499997 0.7639282125 0.49278228124999995 0.75976385625 0.5186938375000001
0 0.67184964375 0.57283048125 0.697761203125 0.5843981406250001 0.747733490625 0.5811591968750001 0.76670445 0.56542718125 0.771794221875 0.5422918625 0.7694806875 0.527022553125 0.75976385625 0.5103651218749999 0.7245981718750001 0.5177684250000001 0.68711895625 0.529336084375 0.670461525 0.551083284375 0.67184964375 0.57283048125
0 0.5797710781250001 0.586711675 0.607533459375 0.5987420375 0.649177034375 0.59735391875 0.66537175625 0.5797710781250001 0.666759875 0.561262821875 0.66259551875 0.553859521875 0.648251621875 0.54182915625 0.615862175 0.54090374375 0.5894879125 0.5450681 0.56912883125 0.564964475 0.5797710781250001 0.586711675
0 0.527485259375 0.601055571875 0.57051695 0.6149367625 0.610772403125 0.603369103125 0.61817570625 0.5769948406250001 0.608921578125 0.56265094375 0.58995061875 0.552934109375 0.564964475 0.549695165625 0.5242463125 0.556635759375 0.5108278281249999 0.5779202531250001 0.527485259375 0.601055571875
0 0.47566214687499997 0.61910111875 0.525171728125 0.629280659375 0.552934109375 0.6112351125 0.557561171875 0.5876370875 0.549695165625 0.57375589375 0.53812750625 0.56727800625 0.49833475624999996 0.56311365 0.460855540625 0.57190506875 0.44789976249999996 0.59735391875 0.47566214687499997 0.61910111875
0 0.409032428125 0.6848054218749999 0.436332103125 0.6792529468749999 0.44836246874999997 0.655654921875 0.45067599999999997 0.626967128125 0.44558623124999996 0.610309696875 0.428466096875 0.590413325 0.386822521875 0.5894879125 0.35628390312499997 0.608921578125 0.379419221875 0.659819278125 0.409032428125 0.6848054218749999
0 0.26744428125 0.637609375 0.2716086375 0.6746258843749999 0.32111821875 0.707015328125 0.34194000625 0.705164503125 0.36276179062499997 0.700074734375 0.376642984375 0.6834173031249999 0.36692615 0.652415978125 0.350731425 0.632982309375 0.347029775 0.628817953125 0.334999409375 0.62141465 0.32019280625 0.61632488125 0.29752019375 0.6149367625 0.27669840625000003 0.62280276875 0.26744428125 0.637609375
0 0.34471624375 0.663058225 0.383583578125 0.6829545968749999 0.41365949375 0.6824918906249999 0.419674675 0.658431159375 0.410420546875 0.632056896875 0.402554540625 0.62187735625 0.39422582500000003 0.612160525 0.36276179062499997 0.602906396875 0.338238353125 0.601980984375 0.32111821875 0.62187735625 0.34471624375 0.663058225
0 0.24384625624999998 0.701000146875 0.27299675625000003 0.7148813374999999 0.30168455 0.706089915625 0.2979829 0.6774021218749999 0.279937353125 0.655192215625 0.270683225 0.648251621875 0.25911556562500004 0.64084831875 0.24153272499999998 0.64362455625 0.22672611874999998 0.656580334375 0.231353184375 0.6834173031249999 0.24384625624999998 0.701000146875