0 0.321875 0.746875 0.328125 0.7625 0.340625 0.778125 0.359375 0.778125 0.371875 0.7625 0.371875 0.746875 0.375 0.74375 0.36875 0.70625 0.353125 0.678125 0.340625 0.66875 0.334375 0.66875 0.328125 0.675 0.325 0.675 0.31875 0.6875 0.31875 0.7 0.315625 0.703125 0.315625 0.709375 0.321875 0.746875
0 0.375 0.7375 0.390625 0.725 0.396875 0.7125 0.4 0.7 0.4 0.678125 0.39375 0.65625 0.384375 0.640625 0.36875 0.628125 0.35625 0.628125 0.346875 0.6375 0.346875 0.671875 0.3625 0.728125 0.375 0.7375
0 0.371875 0.675 0.39375 0.6875 0.403125 0.6875 0.409375 0.678125 0.41875 0.646875 0.41875 0.615625 0.415625 0.609375 0.403125 0.596875 0.396875 0.59375 0.38125 0.59375 0.375 0.6 0.35625 0.63125 0.359375 0.646875 0.36875 0.671875 0.371875 0.675
0 0.375 0.625 0.390625 0.6375 0.4 0.640625 0.415625 0.6375 0.4375 0.6 0.44375 0.58125 0.44375 0.56875 0.43125 0.559375 0.4125 0.55625 0.403125 0.559375 0.3875 0.575 0.38125 0.59375 0.378125 0.59375 0.375 0.6 0.375 0.625
0 0.415625 0.584375 0.4375 0.578125 0.453125 0.5625 0.4625 0.546875 0.4625 0.525 0.45 0.521875 0.428125 0.521875 0.41875 0.525 0.40625 0.534375 0.403125 0.534375 0.378125 0.559375 0.375 0.56875 0.38125 0.58125 0.390625 0.584375 0.415625 0.584375
0 0.475 0.515625 0.48125 0.503125 0.48125 0.490625 0.478125 0.490625 0.471875 0.484375 0.471875 0.48125 0.4375 0.48125 0.41875 0.50625 0.415625 0.515625 0.403125 0.528125 0.4 0.54375 0.403125 0.540625 0.459375 0.53125 0.475 0.515625
0 0.496875 0.471875 0.496875 0.459375 0.5 0.45625 0.5 0.45 0.475 0.446875 0.471875 0.44375 0.459375 0.45 0.459375 0.453125 0.44375 0.46875 0.43125 0.4875 0.465625 0.484375 0.48125 0.4875 0.496875 0.471875
0 0.43499999999999994 0.40437500000000004 0.42406249999999995 0.41531250000000003 0.4259375 0.433125 0.46749999999999997 0.44375 0.49000000000000005 0.4459375 0.50875 0.4425 0.515 0.4325 0.5134375 0.4171875 0.5003124999999999 0.40499999999999997 0.47906250000000006 0.4025 0.4525 0.4021875 0.43499999999999994 0.40437500000000004
0 0.4378125 0.3828125 0.45218749999999996 0.3984375 0.49093749999999997 0.4059375 0.5128125 0.4034375 0.5225 0.399375 0.5284375 0.3896875 0.53 0.3828125 0.5234375 0.3696875 0.49781250000000005 0.36124999999999996 0.46687500000000004 0.3615625 0.4446875 0.36875 0.4378125 0.3828125
0 0.59835981875 0.0897917 0.6096781 0.10488274375 0.6368419750000001 0.10865550312500001 0.6647604031250001 0.09658266875 0.67456958125 0.0762097625 0.680605996875 0.05659140625 0.675324134375 0.045273125 0.65721488125 0.0399912625 0.63382376875 0.042254918749999995 0.612696309375 0.054327749999999994 0.6028871312499999 0.073191553125 0.59835981875 0.0897917
0 0.57119594375 0.12525565 0.570441390625 0.14110124375 0.58025056875 0.149401315625 0.618732725 0.15015586875 0.63910563125 0.1433649 0.65721488125 0.11318281562500002 0.6534421218750001 0.10110998125 0.62929645625 0.09658266875 0.61194175625 0.097337221875 0.594587059375 0.10186453437500001 0.581759671875 0.1116737125 0.57119594375 0.12525565
0 0.543277515625 0.1743015375 0.541013859375 0.19165623437499998 0.5478048281250001 0.20297451562500002 0.5689322875 0.20372906875000002 0.5870415375 0.19391989062499998 0.605905340625 0.17731974374999998 0.613450859375 0.1569468375 0.6164690687500001 0.147137659375 0.620241828125 0.139592140625 0.600623475 0.137328484375 0.5779869125 0.14411945312500002 0.559123109375 0.156192284375 0.543277515625 0.1743015375
0 0.522904609375 0.288238903125 0.55308669375 0.285220696875 0.5749687031249999 0.277675175 0.590814296875 0.25956592500000003 0.5885506406250001 0.24522943437500003 0.57195049375 0.242211225 0.5425229625 0.242211225 0.50856811875 0.24900219375 0.49498618125 0.261075028125 0.49498618125 0.277675175 0.522904609375 0.288238903125
0 0.510831775 0.2331566 0.5191318468749999 0.25805681874999997 0.546295721875 0.26635689375 0.5689322875 0.24522943437500003 0.5772323593750001 0.21278369375 0.5772323593750001 0.2022199625 0.56289586875 0.187883475 0.552332140625 0.180337953125 0.537241096875 0.17882884999999998 0.516113640625 0.19769265 0.510831775 0.2331566