0 0.4 0.23125 0.41875 0.175 0.41875 0.15625 0.4 0.140625 0.39375 0.140625 0.371875 0.15 0.365625 0.159375 0.35625 0.21875 0.3625 0.240625 0.371875 0.246875 0.4 0.23125
0 0.403125 0.275 0.409375 0.278125 0.421875 0.278125 0.446875 0.259375 0.453125 0.221875 0.45 0.21875 0.45 0.2 0.446875 0.190625 0.4375 0.178125 0.43125 0.175 0.41875 0.175 0.4125 0.178125 0.403125 0.1875 0.39375 0.215625 0.396875 0.21875 0.390625 0.2375 0.390625 0.25625 0.403125 0.275
0 0.39375 0.334375 0.40625 0.340625 0.4125 0.3375 0.428125 0.309375 0.428125 0.26875 0.421875 0.253125 0.4 0.234375 0.3875 0.234375 0.375 0.24375 0.371875 0.25 0.371875 0.271875 0.38125 0.3125 0.39375 0.334375
0 0.44281249999999994 0.22156250000000002 0.43218750000000006 0.22749999999999998 0.4246875 0.23531249999999998 0.41937499999999994 0.258125 0.4221875 0.2828125 0.43156249999999996 0.3040625 0.4484375 0.31437499999999996 0.46125 0.31124999999999997 0.4725 0.3 0.47531249999999997 0.29125 0.47531249999999997 0.2734375 0.47781250000000003 0.2484375 0.469375 0.23781249999999998 0.46187500000000004 0.2290625 0.45375 0.22156250000000002 0.44281249999999994 0.22156250000000002
0 0.42437500000000006 0.2765625 0.42406249999999995 0.29 0.43375 0.3115625 0.441875 0.325625 0.45375 0.340625 0.47093749999999995 0.34875 0.480625 0.34625 0.49093749999999997 0.3375 0.4965625 0.328125 0.49749999999999994 0.31906249999999997 0.4925 0.30656249999999996 0.489375 0.30062500000000003 0.48375 0.289375 0.47375 0.2796875 0.4575 0.26749999999999996 0.4378125 0.2659375 0.42437500000000006 0.2765625
0 0.40062499999999995 0.3465625 0.39875 0.3734375 0.40875000000000006 0.40499999999999997 0.4215625 0.406875 0.441875 0.399375 0.45187499999999997 0.3828125 0.459375 0.368125 0.4671875 0.3490625 0.46749999999999997 0.343125 0.469375 0.3353125 0.4578125 0.319375 0.440625 0.3125 0.41624999999999995 0.316875 0.40062499999999995 0.3465625
0 0.4103125 0.3328125 0.415625 0.35562499999999997 0.425 0.370625 0.4375 0.385 0.453125 0.396875 0.46656250000000005 0.4 0.4796875 0.393125 0.485 0.38093750000000004 0.48187499999999994 0.36062500000000003 0.4765625 0.3471875 0.4703125 0.3328125 0.4625 0.31875 0.44625000000000004 0.3103125 0.421875 0.3078125 0.4103125 0.3125 0.4103125 0.3328125
0 0.45999999999999996 0.35531250000000003 0.45062499999999994 0.370625 0.44125 0.40062499999999995 0.441875 0.41593749999999996 0.4546875 0.426875 0.47000000000000003 0.426875 0.4840625 0.41875 0.4971875 0.4034375 0.50625 0.38937499999999997 0.5075000000000001 0.3615625 0.5028125 0.3515625 0.4953125 0.3428125 0.4765625 0.34375 0.45999999999999996 0.35531250000000003
0 0.4721875 0.3875 0.46624999999999994 0.40437500000000004 0.465625 0.4215625 0.4734375 0.438125 0.4846875 0.44749999999999995 0.506875 0.449375 0.5228125 0.44000000000000006 0.5240625 0.4303125 0.5221875 0.414375 0.5171875 0.401875 0.51125 0.39125 0.49906249999999996 0.3825 0.48312499999999997 0.38093750000000004 0.4721875 0.3875
0 0.4653125 0.44718749999999996 0.46281249999999996 0.46125 0.469375 0.47468750000000004 0.4871875 0.48343749999999996 0.5096875 0.48375 0.520625 0.47468750000000004 0.5290625 0.45968749999999997 0.525625 0.45093750000000005 0.515625 0.4371875 0.5 0.43 0.48312499999999997 0.4328125 0.4653125 0.44718749999999996
0 0.41968750000000005 0.41875 0.4221875 0.4415625 0.43 0.45562500000000006 0.4421875 0.469375 0.45999999999999996 0.47750000000000004 0.479375 0.4646875 0.48312499999999997 0.4415625 0.4815625 0.425 0.47906250000000006 0.414375 0.468125 0.4021875 0.4484375 0.3909375 0.4325 0.395 0.4246875 0.40437500000000004 0.41968750000000005 0.41875
0 0.4290625 0.49124999999999996 0.436875 0.5125 0.459375 0.525 0.48343749999999996 0.528125 0.503125 0.525 0.5140625 0.5128125 0.5146875 0.4915625 0.5103125000000001 0.48562500000000003 0.505625 0.48343749999999996 0.480625 0.46875 0.45 0.46781249999999996 0.4346875 0.4771875 0.4290625 0.49124999999999996
0 0.49437499999999995 0.5349999999999999 0.51 0.545625 0.5309375000000001 0.5478125 0.5471874999999999 0.5409375 0.5506249999999999 0.5259375000000001 0.5506249999999999 0.5231250000000001 0.548125 0.5165625 0.5309375000000001 0.5021875 0.5109375 0.4996875 0.49437499999999995 0.5121875 0.49437499999999995 0.5349999999999999
0 0.48875 0.58125 0.5096875 0.5959375 0.524375 0.5928125 0.5453125 0.5671875 0.5431250000000001 0.5521874999999999 0.5315624999999999 0.5428124999999999 0.505 0.538125 0.488125 0.55 0.48875 0.58125
0 0.4925 0.6381249999999999 0.49031250000000004 0.6734375 0.5037499999999999 0.6984375 0.5190625 0.7003125 0.5328125 0.6784375 0.5421875 0.6575 0.545 0.6375 0.545 0.6296875 0.5484375 0.6131249999999999 0.5390625 0.6009375 0.5209374999999999 0.5990624999999999 0.5009375 0.6128125 0.4925 0.6381249999999999
0 0.51625 0.6246875000000001 0.51125 0.6446875000000001 0.5125 0.670625 0.5225 0.6840625 0.5403125 0.684375 0.560625 0.6734375 0.5700000000000001 0.6578125 0.573125 0.6421875 0.571875 0.6212500000000001 0.5690625 0.6056250000000001 0.556875 0.5959375 0.5421875 0.598125 0.525 0.609375 0.51625 0.6246875000000001
0 0.5365624999999999 0.685625 0.5559375 0.6959375 0.575 0.703125 0.6056250000000001 0.6978125000000001 0.6084375 0.6900000000000001 0.6075 0.6734375 0.6018749999999999 0.665625 0.590625 0.6537499999999999 0.56375 0.6453125 0.53625 0.6521874999999999 0.5321875 0.6675 0.5365624999999999 0.685625
0 0.510625 0.69875 0.510625 0.715625 0.5246875 0.728125 0.5403125 0.7325 0.5603125 0.7321875 0.563125 0.7215625 0.5728125000000001 0.7071875000000001 0.568125 0.690625 0.54625 0.6821875000000001 0.5287499999999999 0.6859375 0.510625 0.69875
0 0.5493750000000001 0.7609375 0.5725 0.765625 0.5856250000000001 0.7565625 0.59875 0.7421875 0.6096874999999999 0.7284375 0.6146874999999999 0.7178125 0.6153125 0.7021875 0.6140625 0.6971875 0.6056250000000001 0.6921875 0.5753125 0.7006249999999999 0.5599999999999999 0.7165625 0.54625 0.7403125 0.5493750000000001 0.7609375
0 0.5940624999999999 0.7462500000000001 0.5878125 0.7675 0.5890625 0.796875 0.6034375 0.825 0.6184375 0.835 0.6315625 0.8315625000000001 0.6425 0.8178124999999999 0.6453125 0.80625 0.6440625 0.7871875 0.64 0.7678125 0.631875 0.7465625 0.6234375 0.735625 0.6096874999999999 0.7318749999999999 0.5940624999999999 0.7462500000000001
0 0.55 0.7384375000000001 0.5421875 0.755625 0.5409375 0.7834375 0.5528125 0.8040625 0.571875 0.8078125 0.5856250000000001 0.7940625 0.5959375 0.7790625 0.5984375 0.765 0.6 0.7578125 0.6034375 0.7428125 0.5953125 0.7284375 0.58 0.7215625 0.56375 0.7234375 0.55 0.7384375000000001
0 0.5559375 0.8440625 0.56375 0.8646874999999999 0.5815625 0.8846875000000001 0.6015625 0.899375 0.6146874999999999 0.8896875 0.6196875000000001 0.8643750000000001 0.620625 0.8459375 0.620625 0.83625 0.6053124999999999 0.8099999999999999 0.5871875 0.795625 0.569375 0.7993750000000001 0.5553125 0.8153124999999999 0.5559375 0.8440625
0 0.5859375 0.869375 0.5856250000000001 0.890625 0.6018749999999999 0.9225 0.6174999999999999 0.9268750000000001 0.6381249999999999 0.9165625000000001 0.645625 0.8971875 0.646875 0.8759375 0.6471875 0.8634375000000001 0.6446875000000001 0.8509375 0.6334375 0.83625 0.61625 0.83125 0.5934375000000001 0.843125 0.5859375 0.869375
0 0.6096874999999999 0.8784375000000001 0.6234375 0.898125 0.6381249999999999 0.903125 0.654375 0.8946875000000001 0.6628125 0.8765625 0.6678124999999999 0.8559374999999999 0.6671875 0.8390625 0.6625 0.8253125000000001 0.6596875 0.8203125 0.6440625 0.8078125 0.6259375 0.81375 0.6174999999999999 0.82875 0.6084375 0.8590625 0.6096874999999999 0.8784375000000001
0 0.6353125000000001 0.8878125000000001 0.63 0.913125 0.6403125000000001 0.9334374999999999 0.6640625 0.9393750000000001 0.68125 0.9271874999999999 0.6878124999999999 0.9103125000000001 0.68875 0.9059375 0.6909375 0.8975 0.6837500000000001 0.8775000000000001 0.6709375 0.8643750000000001 0.65 0.8640625 0.6353125000000001 0.8878125000000001
0 0.63192975625 0.9373749968749999 0.62516713125 0.945640428125 0.625542834375 0.95954138125 0.633808265625 0.971939525 0.6465821125 0.985840478125 0.65860455625 0.9941059093750001 0.67175410625 0.996360115625 0.683025146875 0.9967358187500001 0.7003074125000001 0.9941059093750001 0.70556723125 0.9865918812500001 0.706318634375 0.9749451375 0.70556723125 0.9666797062500001 0.6999317125 0.9569114687500001 0.675886821875 0.938877803125 0.661234465625 0.934369384375 0.643952203125 0.9336179843749999 0.63192975625 0.9373749968749999
0 0.6315540562499999 0.9403806093749999 0.6533447375 0.9542815593749999 0.677389628125 0.9614198875 0.6916662812500001 0.9599170812500001 0.698053203125 0.9505245468749999 0.7025616218749999 0.938877803125 0.7025616218749999 0.931739475 0.695798996875 0.9215955375 0.6533447375 0.912203003125 0.6345596687499999 0.9129544062500001 0.62479143125 0.9230983437500001 0.6315540562499999 0.9403806093749999