0 0.61007194375 0.0921875 0.594604315625 0.095625 0.577338128125 0.104375 0.561510790625 0.1203125 0.552158271875 0.1365625 0.544244603125 0.1565625 0.54100719375 0.1775 0.5482014375 0.1890625 0.5712230218750001 0.18687499999999999 0.5938848906249999 0.17375000000000002 0.611151078125 0.16 0.622302159375 0.144375 0.628057553125 0.1325 0.6352518 0.1184375 0.6327338124999999 0.10718749999999999 0.629136690625 0.0996875 0.619424459375 0.09281249999999999 0.61007194375 0.0921875
0 0.60863309375 0.17281249999999998 0.639208634375 0.1721875 0.652517984375 0.15625 0.65791366875 0.1384375 0.65143885 0.1209375 0.63992805625 0.11875 0.6183453250000001 0.12 0.602877696875 0.135 0.595323740625 0.15875 0.60863309375 0.17281249999999998
0 0.57661870625 0.173125 0.55971223125 0.1903125 0.5399280562500001 0.21031249999999999 0.538489209375 0.2290625 0.55971223125 0.23718750000000002 0.584532375 0.23500000000000001 0.612589928125 0.22156250000000002 0.6334532375 0.20406249999999998 0.644964028125 0.1909375 0.6517985625 0.1825 0.65935251875 0.175 0.650719425 0.1625 0.630215828125 0.1590625 0.5978417281249999 0.16312500000000002 0.57661870625 0.173125
0 0.6169064750000001 0.205625 0.602517984375 0.215625 0.587769784375 0.228125 0.57697841875 0.24281250000000001 0.571582734375 0.258125 0.571582734375 0.27 0.577338128125 0.2803125 0.587769784375 0.28250000000000003 0.603956834375 0.280625 0.620143884375 0.27375 0.63992805625 0.25875 0.650719425 0.2484375 0.6604316531250001 0.2365625 0.664388490625 0.23093750000000002 0.668345325 0.2184375 0.6633093531250001 0.20750000000000002 0.6492805749999999 0.2 0.6316546749999999 0.20125 0.6169064750000001 0.205625
0 0.629496403125 0.23875000000000002 0.619424459375 0.250625 0.613669065625 0.2625 0.61007194375 0.27625 0.60863309375 0.30093749999999997 0.615467625 0.3140625 0.627697840625 0.3225 0.6424460437499999 0.32218749999999996 0.65827338125 0.311875 0.66618705 0.2965625 0.6697841718750001 0.2790625 0.6708633093749999 0.254375 0.666906475 0.24281250000000001 0.65719424375 0.23343750000000002 0.646043165625 0.23156249999999998 0.629496403125 0.23875000000000002
0 0.5600719437499999 0.2665625 0.544964028125 0.27531249999999996 0.539208634375 0.2934375 0.539568346875 0.3078125 0.5517985624999999 0.3196875 0.5658273375 0.3225 0.5870503593749999 0.32 0.602877696875 0.31062500000000004 0.6075539562500001 0.29281250000000003 0.594604315625 0.2846875 0.580935253125 0.26875 0.5600719437499999 0.2665625
0 0.5881294968749999 0.31062500000000004 0.59100719375 0.33218749999999997 0.602517984375 0.3596875 0.619784171875 0.36906249999999996 0.643884890625 0.36593749999999997 0.655755396875 0.35625 0.65863309375 0.33968750000000003 0.66007194375 0.3196875 0.66007194375 0.3134375 0.655395684375 0.304375 0.644244603125 0.29281250000000003 0.62697841875 0.2890625 0.6010791375 0.2965625 0.5881294968749999 0.31062500000000004
0 0.535611509375 0.33781249999999996 0.536330934375 0.355 0.5503597124999999 0.3703125 0.5654676249999999 0.37687499999999996 0.5863309343750001 0.374375 0.602877696875 0.36843750000000003 0.612230215625 0.35375 0.6115107906249999 0.338125 0.605755396875 0.32375 0.59172661875 0.313125 0.5676259 0.3128125 0.5489208624999999 0.32156250000000003 0.535611509375 0.33781249999999996
0 0.636690646875 0.415625 0.6510791375 0.4125 0.654676259375 0.409375 0.65827338125 0.396875 0.65827338125 0.36875 0.654676259375 0.3625 0.604316546875 0.365625 0.5503597124999999 0.375 0.546762590625 0.378125 0.54316546875 0.4 0.5503597124999999 0.4125 0.5647482 0.41875 0.636690646875 0.415625
0 0.561151078125 0.459375 0.636690646875 0.4625 0.647482015625 0.45625 0.65827338125 0.440625 0.65827338125 0.421875 0.64028776875 0.409375 0.55755395625 0.4125 0.54316546875 0.421875 0.54316546875 0.440625 0.546762590625 0.45 0.561151078125 0.459375
0 0.654676259375 0.490625 0.654676259375 0.46875 0.64028776875 0.453125 0.5503597124999999 0.453125 0.539568346875 0.46875 0.535971221875 0.478125 0.539568346875 0.496875 0.6510791375 0.496875 0.654676259375 0.490625
0 0.5827338125 0.4996875 0.5517985624999999 0.504375 0.5276978406249999 0.5140625 0.52338129375 0.5278125 0.530935253125 0.545 0.552517984375 0.5503125 0.60971223125 0.5506249999999999 0.630215828125 0.5493750000000001 0.65 0.5434375 0.66007194375 0.5315624999999999 0.655755396875 0.516875 0.647122303125 0.5053124999999999 0.6312949625 0.49906249999999996 0.611870503125 0.49812500000000004 0.5827338125 0.4996875
0 0.5327338125 0.563125 0.529496403125 0.575 0.54316546875 0.58875 0.5658273375 0.5940624999999999 0.60791366875 0.595 0.6327338124999999 0.591875 0.645683453125 0.584375 0.653956834375 0.5700000000000001 0.652877696875 0.566875 0.647122303125 0.5540625 0.620503596875 0.5459375 0.5802158281249999 0.545625 0.5517985624999999 0.55125 0.5327338125 0.563125
0 0.55755395625 0.5903125 0.5402877687500001 0.6025 0.539208634375 0.620625 0.552517984375 0.6331249999999999 0.57517985625 0.6375 0.603956834375 0.6378125 0.634532375 0.6303124999999999 0.6489208625 0.6184375 0.6489208625 0.6059375 0.647841728125 0.5984375 0.630575540625 0.589375 0.606115109375 0.5856250000000001 0.580935253125 0.5856250000000001 0.55755395625 0.5903125
0 0.54064748125 0.675 0.54064748125 0.6884375 0.5600719437499999 0.7009375 0.5938848906249999 0.6965625 0.6172661875000001 0.6837500000000001 0.6330935249999999 0.6665625000000001 0.6384892093750001 0.6509375000000001 0.6352518 0.635 0.60647481875 0.6321875 0.577338128125 0.6371875 0.554676259375 0.651875 0.54064748125 0.675
0 0.530575540625 0.9262499999999999 0.511870503125 0.9428124999999999 0.50791366875 0.9625 0.520143884375 0.9784375000000001 0.543884890625 0.9846875 0.5654676249999999 0.9778125 0.581654675 0.965625 0.588848921875 0.95625 0.5996402875 0.9378125 0.59028776875 0.9268750000000001 0.57517985625 0.9171875 0.554316546875 0.9181250000000001 0.530575540625 0.9262499999999999
0 0.513309353125 0.8925000000000001 0.5 0.9109375 0.50143885 0.9284375 0.520503596875 0.9378125 0.5435251812499999 0.9353125 0.57661870625 0.9275 0.59172661875 0.9193749999999999 0.6007194250000001 0.903125 0.597482015625 0.8859375 0.583093525 0.8765625 0.560431653125 0.8753125 0.535971221875 0.8821875 0.513309353125 0.8925000000000001
0 0.55755395625 0.925 0.583093525 0.9396875 0.6172661875000001 0.9309375 0.629496403125 0.91375 0.6312949625 0.9021874999999999 0.62446043125 0.88125 0.597482015625 0.8790625000000001 0.5629496406250001 0.8825 0.55647481875 0.8996875 0.55755395625 0.925
0 0.5812949625 0.8887499999999999 0.59172661875 0.9046875 0.612230215625 0.905 0.6341726624999999 0.89375 0.63992805625 0.8775000000000001 0.64172661875 0.8715624999999999 0.64280575625 0.8540625000000001 0.62302158125 0.849375 0.6007194250000001 0.8509375 0.584532375 0.8631249999999999 0.5812949625 0.8887499999999999
0 0.5712230218750001 0.8237500000000001 0.571942446875 0.8421875 0.5834532375 0.8578125 0.606115109375 0.8618750000000001 0.62553956875 0.8553124999999999 0.639208634375 0.8425 0.64316546875 0.8259375 0.64316546875 0.8234375 0.64208633125 0.8078125 0.62553956875 0.796875 0.59316546875 0.798125 0.5794964031250001 0.8074999999999999 0.5712230218750001 0.8237500000000001
0 0.536330934375 0.8309374999999999 0.5165467625 0.8446875 0.50719424375 0.8634375000000001 0.50935251875 0.8778124999999999 0.52553956875 0.8884375 0.55 0.89 0.5820143875 0.8840625 0.59856115 0.87375 0.605035971875 0.8596875 0.605035971875 0.85125 0.60647481875 0.8418749999999999 0.5996402875 0.8334374999999999 0.5791366906250001 0.825 0.555395684375 0.8246874999999999 0.536330934375 0.8309374999999999
0 0.560431653125 0.77 0.55647481875 0.7890625 0.564028778125 0.8081250000000001 0.5841726625 0.815625 0.610791365625 0.8159375000000001 0.6262589937499999 0.8074999999999999 0.637410071875 0.7928124999999999 0.636690646875 0.7778125 0.637050359375 0.7659374999999999 0.6176259 0.7578125 0.5989208625 0.7571875 0.57446043125 0.75875 0.560431653125 0.77
0 0.55647481875 0.7453125 0.55755395625 0.764375 0.57446043125 0.7775000000000001 0.602158271875 0.7790625 0.620503596875 0.7728125 0.635611509375 0.7653125000000001 0.646043165625 0.75625 0.646043165625 0.7453125 0.644964028125 0.74125 0.637410071875 0.7296875 0.619784171875 0.7221875 0.5881294968749999 0.7209375 0.568345325 0.725 0.55647481875 0.7453125
0 0.500719425 0.7396874999999999 0.5017985625 0.7640625 0.50683453125 0.785625 0.5172661875 0.8021874999999999 0.536690646875 0.8059375 0.561151078125 0.7884375 0.5658273375 0.7709374999999999 0.56618705 0.7509375 0.56618705 0.7459374999999999 0.568345325 0.7334375 0.5492805749999999 0.7203125 0.527338128125 0.7175 0.510791365625 0.7224999999999999 0.500719425 0.7396874999999999
0 0.513669065625 0.805625 0.5125899281249999 0.825 0.5172661875 0.84375 0.537050359375 0.8528125 0.55827338125 0.8453125 0.5665467625 0.82875 0.568345325 0.8125 0.5687050375 0.8099999999999999 0.570863309375 0.798125 0.560431653125 0.786875 0.54172661875 0.784375 0.52446043125 0.7896875 0.513669065625 0.805625