0 0.6228125 0.15375 0.6209374999999999 0.16625 0.625 0.1825 0.6328125 0.20031249999999998 0.646875 0.2190625 0.6578125 0.2265625 0.6681250000000001 0.22875 0.67625 0.22749999999999998 0.681875 0.21937500000000001 0.6828125 0.2109375 0.6834374999999999 0.19437500000000002 0.6809375 0.18031250000000001 0.6740625 0.16375 0.6643749999999999 0.15 0.6528125 0.1428125 0.6409374999999999 0.1403125 0.6275000000000001 0.1459375 0.6228125 0.15375
0 0.6215625 0.18875 0.6115625 0.1875 0.5965625 0.1928125 0.5921875 0.20187499999999997 0.5925 0.21968749999999998 0.6018749999999999 0.23875000000000002 0.6134375000000001 0.25375000000000003 0.6259375 0.2653125 0.6403125000000001 0.2725 0.6503125 0.27375 0.6603125000000001 0.26937500000000003 0.6675 0.2609375 0.6681250000000001 0.2525 0.6681250000000001 0.2478125 0.66625 0.2365625 0.6559375000000001 0.2184375 0.6484375 0.210625 0.634375 0.2 0.6215625 0.18875
0 0.605 0.2396875 0.5946875 0.24093749999999997 0.5878125 0.24718749999999998 0.5825 0.25875 0.58375 0.2690625 0.5909375 0.2821875 0.5990624999999999 0.2934375 0.6125 0.305625 0.6290625000000001 0.31625000000000003 0.6453125 0.31875 0.6565624999999999 0.31437499999999996 0.6628125 0.306875 0.665 0.2940625 0.6634375 0.2828125 0.659375 0.2759375 0.646875 0.2603125 0.6315625 0.2509375 0.618125 0.24312499999999998 0.605 0.2396875
0 0.5815625 0.2890625 0.571875 0.299375 0.5715625 0.3159375 0.58125 0.334375 0.5974999999999999 0.36 0.6131249999999999 0.37312500000000004 0.630625 0.375625 0.6428125 0.36843750000000003 0.6487499999999999 0.3540625 0.6471875 0.3325 0.6465625 0.330625 0.640625 0.32125 0.6240625 0.30375 0.6103125 0.2934375 0.594375 0.2875 0.5815625 0.2890625
0 0.44781250000000006 0.73875 0.4640625 0.7496875000000001 0.48375 0.7474999999999999 0.4959375 0.7381249999999999 0.505625 0.7240624999999999 0.5075000000000001 0.7078125 0.5071875 0.691875 0.50125 0.6834374999999999 0.4890625 0.67875 0.48312499999999997 0.6784375 0.476875 0.67875 0.46375 0.6875 0.4496875 0.7068749999999999 0.4459375 0.723125 0.44781250000000006 0.73875
0 0.4603125 0.6793750000000001 0.464375 0.696875 0.47125000000000006 0.7053125 0.48562500000000003 0.709375 0.50125 0.7053125 0.51125 0.6950000000000001 0.5178125 0.6828125 0.5171875 0.6671875 0.5115624999999999 0.65625 0.5040625000000001 0.6471875 0.4915625 0.641875 0.47874999999999995 0.6431250000000001 0.4703125 0.65 0.46343750000000006 0.665 0.4603125 0.6793750000000001
0 0.47906250000000006 0.6118750000000001 0.4771875 0.6265625 0.47906250000000006 0.64375 0.4878125 0.6596875 0.5 0.67125 0.5140625 0.6771874999999999 0.5287499999999999 0.6784375 0.5425 0.6681250000000001 0.545 0.651875 0.5396875 0.6365624999999999 0.5346875 0.6287499999999999 0.5240625 0.61875 0.509375 0.60875 0.496875 0.60375 0.4878125 0.6053124999999999 0.47906250000000006 0.6118750000000001
0 0.49343750000000003 0.57625 0.4871875 0.59375 0.495625 0.6121875 0.5059375 0.6259375 0.5215625 0.6368750000000001 0.5393749999999999 0.6403125000000001 0.5525 0.6375 0.5615625 0.6275000000000001 0.5634375 0.621875 0.5615625 0.6053124999999999 0.541875 0.575 0.52125 0.5659375 0.5034375 0.5665625000000001 0.49343750000000003 0.57625
0 0.5184375 0.5309375000000001 0.5081249999999999 0.5378125 0.501875 0.5478125 0.5025000000000001 0.564375 0.51125 0.57875 0.5246875 0.5896874999999999 0.5390625 0.5978125000000001 0.5559375 0.6003125 0.5703125 0.5946875 0.5756249999999999 0.5890625 0.5771875 0.5840625 0.578125 0.575 0.569375 0.5553125 0.55125 0.5384375 0.53125 0.53125 0.5184375 0.5309375000000001
0 0.541875 0.551875 0.5628124999999999 0.5599999999999999 0.58125 0.5587500000000001 0.593125 0.5465625000000001 0.5921875 0.5296875 0.5775 0.5121875 0.558125 0.5009375 0.5415625000000001 0.49625 0.5287499999999999 0.4965625 0.52 0.5003124999999999 0.5190625 0.500625 0.50875 0.5128125 0.5109375 0.526875 0.5193749999999999 0.538125 0.541875 0.551875
0 0.532349553125 0.49365454062499997 0.5429027375000001 0.519451215625 0.56283653125 0.5370398562500001 0.58863320625 0.5370398562500001 0.599186390625 0.52414151875 0.603876696875 0.505380303125 0.603876696875 0.49482711874999996 0.6003589687499999 0.479583628125 0.583942903125 0.46668529062499997 0.551110771875 0.45730468125 0.533522128125 0.46199498749999995 0.532349553125 0.49365454062499997
0 0.553455921875 0.453786953125 0.5686994125 0.48192878125 0.592150934375 0.504207725 0.609739575 0.50772545625 0.6261556406250001 0.49365454062499997 0.62850079375 0.479583628125 0.62850079375 0.46434013749999997 0.6226379125 0.45613210625 0.60270411875 0.4373708875 0.5722171406250001 0.41743709375 0.551110771875 0.42329997500000005 0.553455921875 0.453786953125