0 0.59375 0.825 0.6 0.828125 0.634375 0.834375 0.653125 0.821875 0.653125 0.809375 0.65 0.8 0.628125 0.78125 0.590625 0.775 0.578125 0.778125 0.565625 0.790625 0.565625 0.79375 0.571875 0.80625 0.59375 0.825
0 0.5625 0.778125 0.625 0.778125 0.628125 0.771875 0.628125 0.7625 0.61875 0.746875 0.6 0.734375 0.575 0.728125 0.5625 0.728125 0.54375 0.7375 0.5375 0.746875 0.5375 0.75625 0.546875 0.76875 0.5625 0.778125
0 0.59375 0.73125 0.596875 0.728125 0.596875 0.721875 0.590625 0.709375 0.575 0.696875 0.5625 0.69375 0.51875 0.69375 0.50625 0.703125 0.503125 0.715625 0.509375 0.73125 0.53125 0.746875 0.59375 0.73125
0 0.50625 0.703125 0.5375 0.709375 0.55625 0.709375 0.578125 0.7 0.565625 0.675 0.55 0.659375 0.50625 0.640625 0.49375 0.64375 0.484375 0.653125 0.484375 0.678125 0.4875 0.684375 0.50625 0.703125
0 0.525 0.646875 0.53125 0.646875 0.534375 0.64375 0.534375 0.625 0.53125 0.61875 0.50625 0.6 0.478125 0.590625 0.46875 0.590625 0.45625 0.59375 0.453125 0.596875 0.45 0.60625 0.453125 0.621875 0.478125 0.640625 0.525 0.646875
0 0.459375 0.5875 0.50625 0.590625 0.50625 0.571875 0.484375 0.546875 0.44375 0.546875 0.4375 0.553125 0.4375 0.575 0.44375 0.58125 0.459375 0.5875
0 0.453125 0.553125 0.4875 0.54375 0.490625 0.53125 0.484375 0.515625 0.475 0.50625 0.46875 0.503125 0.434375 0.503125 0.428125 0.50625 0.41875 0.515625 0.41875 0.534375 0.428125 0.546875 0.453125 0.553125
0 0.4375 0.51875 0.45 0.515625 0.46875 0.50625 0.475 0.496875 0.471875 0.48125 0.455512896875 0.46671665625000003 0.44654988749999996 0.464475903125 0.42542279687500006 0.464475903125 0.4 0.4625 0.396875 0.465625 0.39375 0.475 0.39375 0.490625 0.4125 0.515625 0.4375 0.51875
0 0.384375 0.434375 0.4125 0.428125 0.425 0.4125 0.425 0.403125 0.409375 0.35625 0.4 0.346875 0.384375 0.346875 0.375 0.35625 0.365625 0.375 0.3625 0.390625 0.371875 0.41875 0.378125 0.428125 0.384375 0.434375
0 0.440625 0.45 0.440625 0.434375 0.41875 0.390625 0.4 0.390625 0.3875 0.39375 0.378125 0.403125 0.375 0.409375 0.375 0.421875 0.3875 0.45 0.440625 0.45
0 0.378125 0.390625 0.384375 0.3875 0.40625 0.35625 0.390625 0.309375 0.378125 0.3 0.365625 0.3 0.35 0.3125 0.346875 0.325 0.34375 0.35 0.353125 0.384375 0.3625 0.390625 0.378125 0.390625