0 0.7375 0.375 0.759375 0.375 0.765625 0.371875 0.7875 0.353125 0.796875 0.340625 0.796875 0.325 0.79375 0.315625 0.7875 0.309375 0.778125 0.30625 0.746875 0.309375 0.71875 0.325 0.7 0.34375 0.709375 0.359375 0.71875 0.36875 0.7375 0.375
0 0.6887719406249999 0.372396509375 0.70026344375 0.387119996875 0.720373571875 0.392865746875 0.7465885625 0.39178841875 0.7641849281249999 0.379578696875 0.769212459375 0.36377788125 0.7677760218749999 0.35120904999999997 0.765980475 0.34618151875000003 0.75484808125 0.3393584375 0.7275557625 0.33576734375 0.7024180999999999 0.34007665625 0.69128570625 0.348695284375 0.6887719406249999 0.372396509375
0 0.65465654375 0.384965340625 0.6456788062500001 0.38747910625 0.645319696875 0.40435725 0.6492699 0.419439846875 0.65286099375 0.429135803125 0.665070715625 0.438113540625 0.686617284375 0.44206374375 0.70780474375 0.43847265 0.7171415875 0.429135803125 0.71498693125 0.41548964374999997 0.70313631875 0.40507546874999995 0.68553995625 0.397175059375 0.6668662656250001 0.38747910625 0.65465654375 0.384965340625
0 0.6582476374999999 0.37993780625 0.662916059375 0.39322485625 0.67943509375 0.41189855 0.705650084375 0.417285190625 0.724323778125 0.416566971875 0.735456171875 0.40794834375000005 0.739406375 0.39466129375 0.739406375 0.386401778125 0.727914871875 0.374551165625 0.705650084375 0.36772808437500004 0.684462628125 0.364136990625 0.669020921875 0.367009865625 0.6582476374999999 0.37993780625
0 0.6277233343749999 0.412975878125 0.62341401875 0.42662203749999994 0.6277233343749999 0.440986415625 0.6341873031249999 0.455709903125 0.6449605875 0.466124078125 0.659324965625 0.47079250000000006 0.67656221875 0.47007428124999995 0.6858990656249999 0.461455653125 0.68841283125 0.45140059062500004 0.6858990656249999 0.441345525 0.667225375 0.42590381875 0.653579215625 0.41584875312499997 0.6399330562500001 0.41118033125000003 0.6277233343749999 0.412975878125
0 0.60007190625 0.430572240625 0.587862184375 0.438113540625 0.584630196875 0.45211880937500004 0.592171496875 0.4722289375 0.6108451875 0.4883888625 0.6237731281250001 0.494134615625 0.6399330562500001 0.49557105312500005 0.6478334625 0.488029753125 0.646397025 0.466842296875 0.6420877125 0.450323259375 0.6313144281249999 0.4366771 0.6180273781250001 0.43093135 0.60007190625 0.430572240625
0 0.603125 0.559375 0.609375 0.559375 0.625 0.55 0.63125 0.53125 0.60625 0.49375 0.59375 0.484375 0.590625 0.484375 0.584375 0.490625 0.58125 0.496875 0.58125 0.521875 0.596875 0.553125 0.603125 0.559375
0 0.6043812187500001 0.46325120000000003 0.5957625906249999 0.48300222187499997 0.600790125 0.503471459375 0.6108451875 0.518194946875 0.627364225 0.5304046687499999 0.637778396875 0.532559328125 0.6420877125 0.5246589187499999 0.6420877125 0.511012759375 0.6428059312500001 0.4898253 0.641010384375 0.47617914062500005 0.63382819375 0.465405859375 0.61335895625 0.4589418875 0.6043812187500001 0.46325120000000003
0 0.56875 0.51875 0.578125 0.51875 0.59375 0.5125 0.603125 0.496875 0.590625 0.465625 0.58125 0.459375 0.565625 0.4625 0.553125 0.46875 0.5375 0.48125 0.53125 0.490625 0.53125 0.496875 0.546875 0.5125 0.56875 0.51875
0 0.591453278125 0.53184110625 0.58498930625 0.5178358375000001 0.571343146875 0.506703446875 0.5526694562500001 0.501316803125 0.526454465625 0.501316803125 0.507421665625 0.508139884375 0.49772570937499994 0.5171176187500001 0.49197995937499994 0.528609121875 0.5063443375000001 0.54081884375 0.5253771375 0.5497965812500001 0.54548726875 0.5526694562500001 0.573856915625 0.55626055 0.5824755406250001 0.55123301875 0.587862184375 0.54512815625 0.591453278125 0.53184110625
0 0.5625 0.58125 0.584375 0.58125 0.59375 0.571875 0.596875 0.5625 0.590625 0.540625 0.578125 0.515625 0.553125 0.503125 0.5375 0.503125 0.534375 0.5125 0.534375 0.528125 0.55 0.565625 0.5625 0.58125
0 0.46576496875 0.5329184375 0.45966010625 0.542614390625 0.458582778125 0.5584152062500001 0.4722289375 0.5770889 0.49233906875000005 0.59396704375 0.505267009375 0.5993536875000001 0.526454465625 0.5918123875 0.5339957656250001 0.58211643125 0.5368686406250001 0.56739294375 0.5332775468750001 0.556619659375 0.52322248125 0.5429735 0.5045487875 0.53184110625 0.49197995937499994 0.528609121875 0.481206675 0.5282500125 0.46576496875 0.5329184375
0 0.53125 0.603125 0.546875 0.603125 0.553125 0.6 0.559375 0.59375 0.5625 0.584375 0.534375 0.528125 0.521875 0.51875 0.496875 0.521875 0.490625 0.528125 0.490625 0.55 0.50625 0.58125 0.53125 0.603125
0 0.44278196249999996 0.5659565062499999 0.43308600625000004 0.575293353125 0.43236778749999993 0.593248825 0.440986415625 0.6072540937500001 0.45822366875 0.6209002531250001 0.47653825000000005 0.627364225 0.48910708124999996 0.625927784375 0.49664838125 0.615872721875 0.49844392812500005 0.6015083437500001 0.4973666 0.59683991875 0.4898253 0.58498930625 0.4779746875 0.570624928125 0.464328528125 0.5630836312499999 0.45247791875 0.56164719375 0.44278196249999996 0.5659565062499999
0 0.461455653125 0.569188490625 0.46504675000000006 0.58678485625 0.48300222187499997 0.6086905312499999 0.500239475 0.62341401875 0.51568118125 0.625568675 0.526454465625 0.61623183125 0.5282500125 0.5989945750000001 0.52609535625 0.5860666375 0.51137186875 0.5681111624999999 0.49808481875000005 0.5555423312500001 0.48407954999999997 0.54836014375 0.474024484375 0.5494374718749999 0.461455653125 0.569188490625
0 0.440625 0.65 0.453125 0.640625 0.45625 0.63125 0.453125 0.6125 0.4375 0.596875 0.409375 0.5875 0.39375 0.590625 0.3875 0.596875 0.3875 0.603125 0.425 0.65 0.440625 0.65
0 0.40625 0.671875 0.421875 0.659375 0.425 0.65 0.421875 0.6375 0.3875 0.6 0.371875 0.6 0.35625 0.609375 0.353125 0.6125 0.35625 0.621875 0.39375 0.671875 0.40625 0.671875
0 0.375 0.69375 0.38125 0.690625 0.4 0.671875 0.390625 0.65625 0.353125 0.61875 0.340625 0.61875 0.321875 0.63125 0.31875 0.640625 0.35625 0.690625 0.3625 0.69375 0.375 0.69375
0 0.34375 0.709375 0.35 0.703125 0.35625 0.690625 0.346875 0.66875 0.31875 0.64375 0.303125 0.64375 0.296875 0.646875 0.284375 0.659375 0.284375 0.671875 0.325 0.7125 0.34375 0.709375
0 0.30625 0.734375 0.321875 0.715625 0.321875 0.70625 0.3125 0.69375 0.278125 0.659375 0.265625 0.6625 0.253125 0.671875 0.25 0.678125 0.259375 0.703125 0.2875 0.734375 0.30625 0.734375
0 0.25625 0.759375 0.275 0.75 0.284375 0.740625 0.2875 0.734375 0.265625 0.7 0.246875 0.678125 0.225 0.684375 0.215625 0.690625 0.2125 0.69375 0.2125 0.7 0.25 0.759375 0.25625 0.759375
0 0.25 0.765625 0.25 0.753125 0.246875 0.746875 0.2375 0.73125 0.2125 0.703125 0.2 0.703125 0.18125 0.715625 0.175 0.728125 0.209375 0.775 0.234375 0.775 0.25 0.765625
0 0.1875 0.796875 0.196875 0.796875 0.209375 0.790625 0.215625 0.784375 0.215625 0.778125 0.203125 0.753125 0.175 0.728125 0.1625 0.728125 0.15625 0.73125 0.134375 0.753125 0.153125 0.78125 0.165625 0.790625 0.1875 0.796875
0 0.1375 0.821875 0.1625 0.821875 0.175 0.81875 0.184375 0.8125 0.1875 0.80625 0.1875 0.79375 0.134375 0.75625 0.1125 0.765625 0.1 0.778125 0.1 0.79375 0.11875 0.8125 0.1375 0.821875
0 0.125 0.84375 0.1625 0.828125 0.1625 0.809375 0.159375 0.80625 0.1 0.784375 0.090625 0.7875 0.078125 0.8 0.071875 0.809375 0.075 0.83125 0.109375 0.846875 0.125 0.84375