0 0.4028125 0.29125 0.3928125 0.3021875 0.395625 0.315625 0.41218750000000004 0.325 0.4328125 0.32687499999999997 0.45499999999999996 0.32125 0.47781250000000003 0.3071875 0.48687500000000006 0.29281250000000003 0.4803125 0.2796875 0.4528125 0.2790625 0.4340625 0.2803125 0.418125 0.28375 0.4028125 0.29125
0 0.3596875 0.3309375 0.3578125 0.34375 0.36593749999999997 0.353125 0.418125 0.3640625 0.43937499999999996 0.36343749999999997 0.45437500000000003 0.35750000000000004 0.45187499999999997 0.3403125 0.428125 0.32218749999999996 0.409375 0.3171875 0.3896875 0.31656249999999997 0.36875 0.3209375 0.3596875 0.3309375
0 0.335625 0.3621875 0.3421875 0.380625 0.3678125 0.4 0.38 0.4078125 0.43187499999999995 0.4028125 0.4265625 0.3859375 0.4253125 0.374375 0.398125 0.36875 0.364375 0.35531250000000003 0.3446875 0.35531250000000003 0.335625 0.3621875
0 0.34187500000000004 0.4265625 0.3546875 0.43531250000000005 0.3703125 0.4325 0.38656250000000003 0.4178125 0.3803125 0.40531249999999996 0.36312500000000003 0.4021875 0.34750000000000003 0.41 0.34187500000000004 0.4265625
0 0.29281250000000003 0.42750000000000005 0.276875 0.438125 0.2834375 0.4503125 0.299375 0.45999999999999996 0.3228125 0.4571875 0.34187500000000004 0.4446875 0.330625 0.4328125 0.32 0.42874999999999996 0.29281250000000003 0.42750000000000005
0 0.256875 0.4565625 0.2440625 0.46968750000000004 0.248125 0.4803125 0.2759375 0.4809375 0.28781249999999997 0.4771875 0.2946875 0.46375 0.288125 0.45125000000000004 0.2815625 0.45062499999999994 0.256875 0.4565625
0 0.2234375 0.4625 0.19437500000000002 0.46218750000000003 0.176875 0.4771875 0.1828125 0.49406249999999996 0.19624999999999998 0.5084375 0.21187499999999998 0.5115624999999999 0.2446875 0.504375 0.2553125 0.48624999999999996 0.2496875 0.478125 0.2421875 0.4715625 0.2234375 0.4625
0 0.160625 0.49406249999999996 0.14625 0.499375 0.1365625 0.51625 0.13968750000000002 0.526875 0.15531250000000002 0.5371875 0.17093750000000002 0.5384375 0.193125 0.5359375 0.200625 0.5284375 0.2028125 0.5109375 0.18562499999999998 0.49343750000000003 0.17625 0.4925 0.160625 0.49406249999999996
0 0.133125 0.5181250000000001 0.12156249999999999 0.5178125 0.0959375 0.5290625 0.075625 0.5384375 0.07875 0.5475 0.09281249999999999 0.559375 0.10625 0.5640625 0.133125 0.5662499999999999 0.14875 0.559375 0.15875 0.5496875 0.15562499999999999 0.5346875 0.1459375 0.5228125 0.133125 0.5181250000000001
0 0.128125 0.5625 0.1134375 0.5540625 0.1003125 0.5540625 0.0878125 0.55625 0.071875 0.5650000000000001 0.056874999999999995 0.579375 0.044687500000000005 0.5921875 0.0496875 0.6056250000000001 0.05437499999999999 0.6146874999999999 0.0709375 0.6171875 0.0840625 0.6184375 0.0953125 0.609375 0.1015625 0.6053124999999999 0.12562500000000001 0.589375 0.13218749999999999 0.5809375 0.1340625 0.5743750000000001 0.128125 0.5625
0 0.0725 0.5403125 0.060625 0.5390625 0.0465625 0.540625 0.030625000000000003 0.5503125 0.026875 0.5628124999999999 0.0290625 0.5778125000000001 0.0409375 0.588125 0.0540625 0.5965625 0.06937499999999999 0.6 0.0828125 0.596875 0.0865625 0.58375 0.08937500000000001 0.5671875 0.088125 0.5590625 0.0853125 0.5509375000000001 0.0725 0.5403125
0 0.060625 0.5946875 0.0478125 0.5856250000000001 0.0340625 0.57875 0.023125 0.5771875 0.0071874999999999994 0.5818749999999999 0.003125 0.59375 0 0.6075 0.008125 0.6203125 0.0209375 0.628125 0.0321875 0.6328125 0.046875 0.6390625 0.0684375 0.6368750000000001 0.0759375 0.6253124999999999 0.074375 0.61125 0.0678125 0.6009375 0.060625 0.5946875
0 0.2953125 0.133125 0.28250000000000003 0.134375 0.2640625 0.1371875 0.2421875 0.145 0.2246875 0.1528125 0.2125 0.1690625 0.21375000000000002 0.1840625 0.2203125 0.19624999999999998 0.2390625 0.1975 0.2634375 0.1953125 0.27875 0.1875 0.2925 0.1746875 0.3090625 0.14937499999999998 0.3078125 0.1403125 0.30593750000000003 0.1375 0.2953125 0.133125
0 0.3134375 0.1496875 0.2953125 0.16343749999999999 0.2821875 0.175625 0.27468750000000003 0.1909375 0.27749999999999997 0.205625 0.28625 0.21375000000000002 0.299375 0.216875 0.31875 0.2109375 0.338125 0.20031249999999998 0.3540625 0.18625 0.3578125 0.16999999999999998 0.36124999999999996 0.1590625 0.3559375 0.1434375 0.35 0.140625 0.33125 0.14125000000000001 0.3134375 0.1496875
0 0.29031250000000003 0.13343750000000001 0.27531249999999996 0.143125 0.27156250000000004 0.16 0.2734375 0.1740625 0.285625 0.185 0.299375 0.1859375 0.321875 0.17875000000000002 0.33999999999999997 0.169375 0.35562499999999997 0.15437499999999998 0.3628125 0.13343750000000001 0.3546875 0.12562500000000001 0.333125 0.12281249999999999 0.3090625 0.1271875 0.29031250000000003 0.13343750000000001
0 0.3275 0.1784375 0.334375 0.1890625 0.35125 0.19718750000000002 0.375 0.1965625 0.3896875 0.1890625 0.403125 0.1809375 0.4090625 0.16593750000000002 0.40843749999999995 0.155 0.40031249999999996 0.14656249999999998 0.3821875 0.1378125 0.36312500000000003 0.1434375 0.3409375 0.1546875 0.328125 0.16593750000000002 0.3275 0.1784375
0 0.3628125 0.12156249999999999 0.3628125 0.135 0.36906249999999996 0.151875 0.38468749999999996 0.1665625 0.41875 0.17781249999999998 0.4325 0.178125 0.44375 0.1715625 0.4484375 0.1609375 0.445 0.145625 0.4403125 0.1375 0.43156249999999996 0.12687500000000002 0.4109375 0.115625 0.3878125 0.1125 0.374375 0.1140625 0.3628125 0.12156249999999999
0 0.48125 0.165625 0.4875 0.159375 0.490625 0.146875 0.484375 0.13125 0.453125 0.096875 0.428125 0.090625 0.415625 0.09375 0.409375 0.1 0.40625 0.10625 0.409375 0.115625 0.453125 0.165625 0.48125 0.165625
0 0.528125 0.15625 0.534375 0.15 0.5375 0.1375 0.5125 0.09375 0.484375 0.075 0.471875 0.075 0.459375 0.08125 0.453125 0.09375 0.49375 0.15 0.50625 0.15625 0.528125 0.15625
0 0.553125 0.15 0.575 0.15 0.58125 0.146875 0.584375 0.1375 0.575 0.10625 0.55625 0.078125 0.5375 0.065625 0.51875 0.065625 0.50625 0.078125 0.50625 0.084375 0.5375 0.140625 0.553125 0.15
0 0.621875 0.140625 0.63125 0.128125 0.63125 0.1125 0.628125 0.103125 0.6125 0.08125 0.5875 0.05625 0.565625 0.05625 0.559375 0.0625 0.55625 0.075 0.5875 0.14375 0.609375 0.146875 0.621875 0.140625
0 0.640625 0.128125 0.66875 0.1 0.66875 0.0875 0.6625 0.075 0.634375 0.05 0.625 0.046875 0.615625 0.046875 0.609375 0.05 0.6 0.059375 0.6 0.065625 0.6375 0.128125 0.640625 0.128125
0 0.6875 0.09375 0.703125 0.06875 0.7 0.053125 0.69375 0.046875 0.675 0.046875 0.665625 0.053125 0.659375 0.059375 0.6625 0.071875 0.675 0.09375 0.6875 0.09375
0 0.790625 0.128125 0.80625 0.125 0.815625 0.1125 0.815625 0.0875 0.8125 0.078125 0.796875 0.05 0.784375 0.0375 0.7625 0.0375 0.753125 0.046875 0.753125 0.05625 0.771875 0.115625 0.790625 0.128125
0 0.7121875 0.04625 0.70875 0.061875 0.7084374999999999 0.07843750000000001 0.716875 0.09468750000000001 0.7278125 0.1134375 0.7421875 0.12437499999999999 0.75875 0.12687500000000002 0.775 0.1171875 0.77625 0.10500000000000001 0.7703125 0.0859375 0.7581249999999999 0.060312500000000005 0.7424999999999999 0.0403125 0.73125 0.033437499999999995 0.719375 0.0365625 0.7121875 0.04625
0 0.80625 0.0671875 0.8003125000000001 0.08562499999999999 0.79875 0.10187500000000001 0.8009375000000001 0.11656249999999999 0.805 0.13125 0.8146875 0.1403125 0.8262499999999999 0.1453125 0.8387499999999999 0.144375 0.849375 0.1365625 0.85125 0.12625 0.8496874999999999 0.1109375 0.8471875000000001 0.09343749999999999 0.844375 0.080625 0.8409375000000001 0.061250000000000006 0.8321875000000001 0.0540625 0.81875 0.050624999999999996 0.8106249999999999 0.05625 0.80625 0.0671875
0 0.8553124999999999 0.06999999999999999 0.8478125000000001 0.0996875 0.8474999999999999 0.11468750000000001 0.85 0.13343750000000001 0.858125 0.148125 0.8768750000000001 0.15531250000000002 0.891875 0.1509375 0.89625 0.1353125 0.896875 0.11656249999999999 0.8949999999999999 0.10187500000000001 0.8940625000000001 0.08125 0.8856249999999999 0.065625 0.8740625 0.0578125 0.8609375 0.060625 0.8553124999999999 0.06999999999999999
0 0.884375 0.095625 0.8859375 0.11781250000000001 0.8928125 0.1365625 0.90625 0.14875 0.91875 0.1496875 0.9340624999999999 0.1403125 0.938125 0.1203125 0.938125 0.095 0.9353125 0.07875 0.9240625 0.0653125 0.9071875 0.058125 0.8959374999999999 0.0609375 0.8887499999999999 0.0753125 0.884375 0.095625
0 0.9309375 0.103125 0.9331250000000001 0.12593749999999998 0.9393750000000001 0.139375 0.9574999999999999 0.14250000000000002 0.9771875 0.136875 0.983125 0.1190625 0.98125 0.09718750000000001 0.9775 0.08249999999999999 0.9662499999999999 0.06875 0.9493750000000001 0.065625 0.938125 0.0690625 0.9328125 0.0821875 0.9309375 0.103125
0 0.770625 0.08937500000000001 0.754375 0.0921875 0.7428125 0.10874999999999999 0.743125 0.1284375 0.7521875 0.1434375 0.7640625 0.14875 0.7875 0.14937499999999998 0.798125 0.141875 0.8 0.12875 0.795 0.11687499999999999 0.781875 0.0984375 0.770625 0.08937500000000001