0 0.134375 0.6625 0.16875 0.66875 0.190625 0.665625 0.203125 0.659375 0.2125 0.646875 0.2125 0.6375 0.20625 0.621875 0.19375 0.6125 0.16875 0.60625 0.1375 0.60625 0.11875 0.6125 0.10625 0.625 0.10625 0.640625 0.115625 0.653125 0.134375 0.6625
0 0.03125 0.578125 0.04375 0.58125 0.08125 0.58125 0.09375 0.575 0.1 0.5625 0.1 0.55 0.09375 0.5375 0.071875 0.525 0.046875 0.51875 0.03125 0.51875 0.0125 0.525 0.00625 0.53125 0.003125 0.5375 0.003125 0.55625 0.015625 0.571875 0.03125 0.578125
0 0.88125 0.375 0.890625 0.384375 0.89375 0.384375 0.909375 0.375 0.90625 0.315625 0.9 0.284375 0.89375 0.278125 0.871875 0.284375 0.8625 0.29375 0.8625 0.321875 0.878125 0.36875 0.88125 0.375
0 0.921875 0.378125 0.93125 0.378125 0.946875 0.365625 0.95 0.359375 0.95 0.346875 0.946875 0.309375 0.940625 0.2875 0.9375 0.284375 0.925 0.28125 0.909375 0.2875 0.909375 0.365625 0.915625 0.375 0.921875 0.378125
0 0.921875 0.321875 0.934375 0.321875 0.95 0.309375 0.96875 0.271875 0.971875 0.259375 0.96875 0.240625 0.965625 0.2375 0.95 0.2375 0.928125 0.246875 0.90625 0.265625 0.903125 0.271875 0.903125 0.284375 0.9125 0.315625 0.921875 0.321875
0 0.846875 0.41875 0.865625 0.41875 0.871875 0.415625 0.884375 0.403125 0.8875 0.390625 0.865625 0.340625 0.846875 0.33125 0.81875 0.325 0.8125 0.334375 0.8125 0.35625 0.815625 0.36875 0.846875 0.41875
0 0.853125 0.396875 0.88125 0.38125 0.859375 0.303125 0.85625 0.3 0.84375 0.3 0.834375 0.303125 0.81875 0.31875 0.815625 0.325 0.815625 0.340625 0.84375 0.396875 0.853125 0.396875
0 0.825 0.446875 0.83125 0.44375 0.84375 0.428125 0.84375 0.4125 0.840625 0.4 0.80625 0.35625 0.8 0.353125 0.78125 0.35625 0.778125 0.390625 0.796875 0.428125 0.809375 0.446875 0.825 0.446875
0 0.8 0.4125 0.809375 0.421875 0.821875 0.421875 0.840625 0.415625 0.840625 0.396875 0.8375 0.38125 0.809375 0.33125 0.796875 0.33125 0.790625 0.334375 0.78125 0.34375 0.78125 0.365625 0.784375 0.378125 0.8 0.4125
0 0.7125 0.45625 0.715625 0.459375 0.7375 0.465625 0.746875 0.465625 0.753125 0.45625 0.753125 0.434375 0.740625 0.384375 0.73125 0.378125 0.715625 0.384375 0.709375 0.390625 0.703125 0.403125 0.703125 0.4125 0.70625 0.4375 0.7125 0.45625
0 0.7 0.5 0.70625 0.465625 0.70625 0.44375 0.7 0.40625 0.690625 0.40625 0.678125 0.4125 0.671875 0.41875 0.665625 0.43125 0.6625 0.44375 0.665625 0.4875 0.68125 0.503125 0.7 0.5
0 0.721875 0.50625 0.740625 0.5 0.765625 0.48125 0.76875 0.475 0.759375 0.45 0.753125 0.440625 0.734375 0.440625 0.709375 0.446875 0.703125 0.45625 0.696875 0.48125 0.7 0.5 0.709375 0.50625 0.721875 0.50625
0 0.778125 0.471875 0.790625 0.471875 0.796875 0.46875 0.809375 0.453125 0.80625 0.43125 0.803125 0.425 0.765625 0.384375 0.740625 0.384375 0.740625 0.4125 0.765625 0.465625 0.778125 0.471875
0 0.759375 0.428125 0.771875 0.440625 0.784375 0.44375 0.803125 0.44375 0.80625 0.440625 0.80625 0.425 0.775 0.35625 0.759375 0.35625 0.746875 0.365625 0.740625 0.375 0.740625 0.38125 0.746875 0.409375 0.759375 0.428125
0 0.6 0.5875 0.625 0.575 0.640625 0.559375 0.646875 0.546875 0.646875 0.521875 0.6375 0.5125 0.621875 0.5125 0.60625 0.51875 0.59375 0.528125 0.584375 0.55625 0.584375 0.575 0.59375 0.5875 0.6 0.5875
0 0.615625 0.50625 0.65 0.5 0.659375 0.490625 0.6625 0.459375 0.653125 0.446875 0.6375 0.44375 0.621875 0.446875 0.59375 0.4625 0.590625 0.465625 0.5825 0.4871875 0.59375 0.5109375 0.615625 0.50625
0 0.6375 0.54375 0.65 0.546875 0.671875 0.540625 0.68125 0.528125 0.68125 0.515625 0.675 0.503125 0.65625 0.4875 0.6375 0.484375 0.603125 0.490625 0.609375 0.525 0.621875 0.5375 0.6375 0.54375
0 0.5875 0.559375 0.59375 0.559375 0.609375 0.54375 0.6125 0.5375 0.6125 0.5125 0.603125 0.490625 0.5875 0.471875 0.575 0.471875 0.56875 0.475 0.55625 0.4875 0.5625 0.525 0.578125 0.553125 0.5875 0.559375
0 0.5625 0.6 0.584375 0.5875 0.5875 0.584375 0.5875 0.578125 0.575 0.540625 0.559375 0.50625 0.55 0.496875 0.534375 0.496875 0.525 0.503125 0.53125 0.553125 0.553125 0.6 0.5625 0.6
0 0.525 0.634375 0.546875 0.6125 0.55 0.60625 0.55 0.590625 0.546875 0.584375 0.5225 0.56375 0.4925 0.5834374999999999 0.47406249999999994 0.6121875 0.4734375 0.6315625 0.4875 0.640625 0.490625 0.64375 0.503125 0.64375 0.525 0.634375
0 0.47625 0.5559375 0.46624999999999994 0.564375 0.45375 0.575 0.446875 0.5856250000000001 0.44343750000000004 0.596875 0.44625000000000004 0.6084375 0.45625 0.614375 0.47062499999999996 0.615625 0.4875 0.6159375 0.5046875 0.6159375 0.5184375 0.6109375 0.5340625 0.600625 0.545 0.5834374999999999 0.545 0.5709375 0.5431250000000001 0.5587500000000001 0.5359375 0.5578125 0.52 0.5543750000000001 0.5015625 0.5521874999999999 0.488125 0.5521874999999999 0.47625 0.5559375
0 0.45968749999999997 0.530625 0.45125000000000004 0.54625 0.453125 0.5678124999999999 0.4659375 0.5825 0.49312500000000004 0.578125 0.51125 0.5678124999999999 0.524375 0.5571875000000001 0.53 0.5409375 0.5303125 0.5271874999999999 0.528125 0.52125 0.509375 0.5131249999999999 0.488125 0.5125 0.4728125 0.516875 0.45968749999999997 0.530625
0 0.3921875 0.596875 0.3896875 0.6190625 0.39625 0.63375 0.41281249999999997 0.6346875 0.434375 0.6240625 0.44781250000000006 0.6075 0.459375 0.5871875 0.465 0.5703125 0.46125 0.5521874999999999 0.458125 0.545 0.44875 0.54625 0.43093750000000003 0.5496875 0.4140625 0.5603125 0.398125 0.57875 0.3921875 0.596875
0 0.459375 0.5890625 0.4453125 0.604375 0.43843750000000004 0.6246875000000001 0.43624999999999997 0.6428125 0.44625000000000004 0.6565624999999999 0.46218750000000003 0.655625 0.47437500000000005 0.6490625 0.495 0.6325000000000001 0.5034375 0.61875 0.5096875 0.609375 0.5096875 0.603125 0.5071875 0.5846875 0.495 0.57625 0.47625 0.578125 0.459375 0.5890625
0 0.3884375 0.6409374999999999 0.3725 0.6534375 0.36 0.6637500000000001 0.348125 0.6775 0.3453125 0.6900000000000001 0.35375 0.70125 0.3675 0.703125 0.3928125 0.6971875 0.4096875 0.6900000000000001 0.4234375 0.673125 0.4325 0.656875 0.43562500000000004 0.6428125 0.43531250000000005 0.6371875 0.43968749999999995 0.6353125000000001 0.43156249999999996 0.6275000000000001 0.42125 0.6271875 0.40374999999999994 0.631875 0.3884375 0.6409374999999999
0 0.26968749999999997 0.6984375 0.2740625 0.7184375000000001 0.28531249999999997 0.7284375 0.3125 0.7268749999999999 0.335625 0.7159375 0.35562499999999997 0.7006249999999999 0.37 0.6865625 0.3734375 0.6734375 0.366875 0.6599999999999999 0.36124999999999996 0.6578125 0.336875 0.6565624999999999 0.3128125 0.660625 0.29125 0.67125 0.274375 0.6837500000000001 0.26968749999999997 0.6984375
0 0.2934375 0.686875 0.2728125 0.70375 0.2678125 0.7228125000000001 0.273125 0.7403125 0.29812500000000003 0.745625 0.3196875 0.7424999999999999 0.340625 0.73125 0.3615625 0.7196875 0.3771875 0.7009375 0.378125 0.6909375 0.37374999999999997 0.6837500000000001 0.370625 0.676875 0.3578125 0.67 0.339375 0.6684375 0.3078125 0.673125 0.2934375 0.686875
0 0.23781249999999998 0.6621875 0.2265625 0.67375 0.21875 0.685625 0.2134375 0.6975 0.2146875 0.7109375 0.22531249999999997 0.723125 0.2403125 0.724375 0.25906250000000003 0.7140625 0.2734375 0.7028125000000001 0.2875 0.6871875000000001 0.2971875 0.6709375 0.29812500000000003 0.659375 0.296875 0.651875 0.2915625 0.641875 0.27999999999999997 0.6409374999999999 0.2646875 0.6421875 0.253125 0.6496875 0.23781249999999998 0.6621875
0 0.2496875 0.6690625 0.24093749999999997 0.680625 0.230625 0.6975 0.228125 0.7128125 0.22875 0.7259375 0.2403125 0.7321875 0.256875 0.7340625000000001 0.27531249999999996 0.7259375 0.2865625 0.71 0.296875 0.69375 0.3046875 0.6765625 0.30843750000000003 0.6643749999999999 0.3078125 0.6553125 0.3021875 0.6484375 0.2925 0.645625 0.280625 0.64625 0.265625 0.6546875 0.2496875 0.6690625
0 0.2915625 0.64625 0.2915625 0.6628125 0.30343749999999997 0.6771874999999999 0.32437499999999997 0.6793750000000001 0.3434375 0.6746875 0.36124999999999996 0.660625 0.3746875 0.6443749999999999 0.3796875 0.610625 0.37312500000000004 0.598125 0.37093750000000003 0.5962500000000001 0.35750000000000004 0.599375 0.339375 0.6040625000000001 0.315 0.615 0.3021875 0.628125 0.2915625 0.64625
0 0.309375 0.6415625 0.30375 0.66125 0.31 0.67625 0.32406250000000003 0.6821875000000001 0.344375 0.6778125 0.3665625 0.66125 0.3821875 0.645625 0.39 0.6253124999999999 0.39 0.608125 0.3775 0.5962500000000001 0.3590625 0.5990624999999999 0.33999999999999997 0.6103125 0.3225 0.62625 0.309375 0.6415625