0 0.115625 0.41875 0.140625 0.41875 0.146875 0.409375 0.15 0.403125 0.15 0.375 0.140625 0.3625 0.125 0.35625 0.090625 0.353125 0.075 0.359375 0.06875 0.365625 0.065625 0.371875 0.065625 0.384375 0.08125 0.403125 0.115625 0.41875
0 0.128125 0.41875 0.140625 0.421875 0.1875 0.428125 0.19375 0.41875 0.203125 0.378125 0.190625 0.36875 0.16875 0.3625 0.14375 0.359375 0.128125 0.359375 0.125 0.3625 0.115625 0.378125 0.115625 0.396875 0.11875 0.4125 0.128125 0.41875
0 0.209375 0.446875 0.246875 0.396875 0.246875 0.390625 0.24375 0.384375 0.2375 0.38125 0.20625 0.38125 0.196875 0.390625 0.19375 0.421875 0.196875 0.44375 0.2 0.446875 0.209375 0.446875
0 0.234375 0.465625 0.246875 0.465625 0.259375 0.45625 0.2875 0.40625 0.278125 0.39375 0.25 0.39375 0.240625 0.4 0.228125 0.415625 0.215625 0.4375 0.215625 0.45 0.225 0.4625 0.234375 0.465625
0 0.296875 0.471875 0.325 0.421875 0.325 0.4125 0.315625 0.40625 0.290625 0.409375 0.26875 0.434375 0.2625 0.453125 0.2625 0.465625 0.265625 0.46875 0.296875 0.471875
0 0.371875 0.434375 0.359375 0.421875 0.346875 0.41875 0.3375 0.41875 0.33125 0.421875 0.31875 0.434375 0.3 0.471875 0.303125 0.478125 0.334375 0.478125 0.371875 0.434375
0 0.3875 0.471875 0.415625 0.446875 0.41875 0.440625 0.409375 0.43125 0.4 0.428125 0.384375 0.428125 0.375 0.43125 0.359375 0.44375 0.346875 0.4625 0.34375 0.478125 0.35625 0.484375 0.365625 0.484375 0.3875 0.471875
0 0.434375 0.484375 0.446875 0.48125 0.48125 0.45 0.471875 0.4375 0.446875 0.4375 0.421875 0.44375 0.4 0.459375 0.39375 0.465625 0.396875 0.478125 0.4125 0.484375 0.434375 0.484375
0 0.509375 0.490625 0.540625 0.459375 0.5375 0.453125 0.525 0.446875 0.509375 0.446875 0.490625 0.45 0.46875 0.459375 0.45625 0.46875 0.453125 0.475 0.45625 0.478125 0.496875 0.49375 0.509375 0.490625
0 0.5625 0.5125 0.590625 0.475 0.590625 0.46875 0.584375 0.4625 0.575 0.459375 0.553125 0.459375 0.525 0.475 0.51875 0.48125 0.521875 0.49375 0.540625 0.5125 0.5625 0.5125
0 0.58125 0.528125 0.60625 0.51875 0.63125 0.4875 0.63125 0.478125 0.61875 0.471875 0.596875 0.471875 0.575 0.4875 0.56875 0.5 0.56875 0.509375 0.575 0.528125 0.58125 0.528125
0 0.640625 0.53125 0.665625 0.503125 0.671875 0.490625 0.65625 0.48125 0.646875 0.48125 0.6375 0.484375 0.61875 0.5 0.6125 0.509375 0.609375 0.51875 0.615625 0.528125 0.621875 0.53125 0.640625 0.53125
0 0.7108968 0.5210030125 0.71668036875 0.50847195 0.7171623312500001 0.499314634375 0.689208425 0.49449499374999994 0.6829428937500001 0.505580165625 0.6954739562500001 0.5243767593750001 0.7108968 0.5210030125
0 0.72101804375 0.574501009375 0.71668036875 0.581730465625 0.72101804375 0.5894418906250001 0.73162125 0.5985992062500001 0.7566833749999999 0.594261528125 0.753791590625 0.58655010625 0.736922853125 0.5802845750000001 0.72101804375 0.574501009375
0 0.77114229375 0.5296783625 0.76728658125 0.53787175 0.778853715625 0.5436553156249999 0.795722453125 0.5460651375000001 0.80969940625 0.5455831718749999 0.8111453 0.541727459375 0.80102405625 0.5296783625 0.79234870625 0.5267865781250001 0.782709428125 0.526304615625 0.77114229375 0.5296783625
0 0.7455982031249999 0.5103998062499999 0.735958925 0.51088176875 0.730657321875 0.518593190625 0.736922853125 0.530160325 0.74993588125 0.5369078218750001 0.763912834375 0.5359438937500001 0.766322653125 0.5296783625 0.7658406906249999 0.51907515625 0.764394796875 0.5171473 0.756201409375 0.512327659375 0.7455982031249999 0.5103998062499999