0 0.40625 0.1678125 0.40125 0.1753125 0.40093750000000006 0.18812500000000001 0.41 0.2034375 0.4296875 0.2203125 0.44406249999999997 0.23093750000000002 0.46281249999999996 0.2403125 0.48624999999999996 0.23875000000000002 0.49375 0.22625 0.49437499999999995 0.2234375 0.48968749999999994 0.206875 0.458125 0.178125 0.441875 0.17124999999999999 0.4175 0.16593750000000002 0.40625 0.1678125
0 0.44312500000000005 0.20593750000000002 0.43562500000000004 0.21937500000000001 0.4459375 0.241875 0.48187499999999994 0.25906250000000003 0.5009375 0.26437499999999997 0.5234375 0.263125 0.5253125 0.254375 0.525625 0.2421875 0.5015625 0.2146875 0.4771875 0.206875 0.4528125 0.20218750000000002 0.44312500000000005 0.20593750000000002
0 0.4171875 0.22875 0.41156249999999994 0.24375 0.415625 0.26375000000000004 0.44000000000000006 0.28125 0.45968749999999997 0.2921875 0.48250000000000004 0.2978125 0.500625 0.29125 0.50125 0.2815625 0.499375 0.27375 0.496875 0.2621875 0.4809375 0.24625 0.45843749999999994 0.2325 0.4375 0.22749999999999998 0.4171875 0.22875
0 0.456875 0.2525 0.4484375 0.260625 0.44749999999999995 0.278125 0.45906250000000004 0.2890625 0.47468750000000004 0.2975 0.5046875 0.3078125 0.526875 0.309375 0.535625 0.3025 0.5421875 0.28781249999999997 0.5421875 0.285625 0.533125 0.268125 0.51 0.254375 0.4921875 0.24937499999999999 0.471875 0.24874999999999997 0.456875 0.2525
0 0.4603125 0.299375 0.45218749999999996 0.318125 0.46312499999999995 0.33718750000000003 0.49124999999999996 0.3509375 0.5109375 0.355 0.5337500000000001 0.356875 0.5496875 0.3540625 0.5525 0.3471875 0.5540625 0.34125 0.551875 0.328125 0.5349999999999999 0.315625 0.5065625 0.3040625 0.476875 0.2984375 0.4603125 0.299375
0 0.49124999999999996 0.29500000000000004 0.49437499999999995 0.31906249999999997 0.506875 0.34125 0.515 0.36 0.53125 0.37875000000000003 0.5475 0.37906249999999997 0.5559375 0.364375 0.5575 0.344375 0.5543750000000001 0.3303125 0.548125 0.32218749999999996 0.5359375 0.3015625 0.520625 0.289375 0.5037499999999999 0.2865625 0.49124999999999996 0.29500000000000004
0 0.44312500000000005 0.3121875 0.445625 0.3303125 0.4640625 0.3625 0.480625 0.38156249999999997 0.4959375 0.385625 0.5115624999999999 0.37625000000000003 0.5118750000000001 0.35812499999999997 0.505 0.3384375 0.4984375 0.32437499999999997 0.49124999999999996 0.31375000000000003 0.47781250000000003 0.3 0.45843749999999994 0.2940625 0.4484375 0.2975 0.44312500000000005 0.3121875
0 0.480625 0.3546875 0.4759375 0.370625 0.4828125 0.38406250000000003 0.49749999999999994 0.40093750000000006 0.51625 0.41187500000000005 0.531875 0.4171875 0.5543750000000001 0.4203125 0.5725 0.41218750000000004 0.5753125 0.40031249999999996 0.5740624999999999 0.3909375 0.5728125000000001 0.3884375 0.5628124999999999 0.37687499999999996 0.5396875 0.36062500000000003 0.5178125 0.35281250000000003 0.491875 0.3509375 0.480625 0.3546875
0 0.5040625000000001 0.37687499999999996 0.49312500000000004 0.395 0.49781250000000005 0.414375 0.5134375 0.4296875 0.536875 0.4415625 0.560625 0.44656250000000003 0.58 0.44406249999999997 0.5825 0.42437500000000006 0.5784374999999999 0.4140625 0.5615625 0.393125 0.5440625 0.38093750000000004 0.5184375 0.3734375 0.5040625000000001 0.37687499999999996
0 0.4884375 0.379375 0.476875 0.38625 0.47000000000000003 0.401875 0.47562499999999996 0.4234375 0.49031250000000004 0.44875 0.5009375 0.459375 0.52125 0.46312499999999995 0.5365624999999999 0.45437500000000003 0.541875 0.4446875 0.545 0.4403125 0.5371875 0.41500000000000004 0.5215625 0.396875 0.5090625 0.38625 0.4884375 0.379375
0 0.5065625 0.43156249999999996 0.5003124999999999 0.44375 0.4996875 0.46125 0.5125 0.4815625 0.5315624999999999 0.4915625 0.555625 0.50125 0.5796875 0.5040625000000001 0.595 0.491875 0.5959375 0.47531249999999997 0.595 0.464375 0.585 0.4484375 0.558125 0.4346875 0.538125 0.4290625 0.5181250000000001 0.42781250000000004 0.5065625 0.43156249999999996
0 0.535625 0.5425 0.54125 0.5596875 0.5615625 0.575 0.5818749999999999 0.578125 0.6009375 0.5746875 0.6128125 0.5671875 0.621875 0.553125 0.62 0.541875 0.614375 0.5337500000000001 0.5996875 0.524375 0.5809375 0.5165625 0.56125 0.516875 0.54625 0.52625 0.535625 0.5425
0 0.5128125 0.48250000000000004 0.5075000000000001 0.49874999999999997 0.5228125 0.5221875 0.536875 0.5349999999999999 0.563125 0.5403125 0.5743750000000001 0.525625 0.5809375 0.51875 0.585 0.5059375 0.5671875 0.48687500000000006 0.55 0.47562499999999996 0.5349999999999999 0.47437500000000005 0.5128125 0.48250000000000004
0 0.5471874999999999 0.57125 0.5493750000000001 0.58875 0.5650000000000001 0.603125 0.58125 0.6146874999999999 0.61 0.6246875000000001 0.625 0.6228125 0.63875 0.6109375 0.6409374999999999 0.599375 0.6371875 0.5862499999999999 0.635625 0.5834374999999999 0.6253124999999999 0.57375 0.5962500000000001 0.5575 0.57625 0.55625 0.5571875000000001 0.5609375 0.5471874999999999 0.57125
0 0.60625 0.6875 0.6125 0.684375 0.625 0.66875 0.634375 0.63125 0.634375 0.61875 0.625 0.615625 0.609375 0.615625 0.60625 0.6125 0.590625 0.615625 0.58125 0.621875 0.575 0.634375 0.575 0.671875 0.584375 0.6875 0.60625 0.6875
0 0.65625 0.696875 0.671875 0.684375 0.675 0.671875 0.675 0.63125 0.671875 0.621875 0.659375 0.6125 0.64375 0.6125 0.63125 0.625 0.628125 0.63125 0.625 0.684375 0.63125 0.696875 0.6375 0.7 0.65625 0.696875
0 0.5959375 0.6759375000000001 0.588125 0.6884375 0.5859375 0.70875 0.593125 0.7262500000000001 0.6025 0.7415625 0.6165625 0.7459374999999999 0.6315625 0.7424999999999999 0.641875 0.7315625 0.6446875000000001 0.7165625 0.64625 0.704375 0.6465625 0.6915625000000001 0.641875 0.6796875 0.6334375 0.67125 0.6190625 0.6678124999999999 0.6090625000000001 0.6671875 0.5959375 0.6759375000000001
0 0.64125 0.73625 0.650625 0.750625 0.665 0.75625 0.68125 0.7534375 0.691875 0.7375 0.6915625000000001 0.7103125 0.6878124999999999 0.6871875000000001 0.680625 0.67375 0.671875 0.6646875 0.6565624999999999 0.6659375 0.6443749999999999 0.6759375000000001 0.6346875 0.6912499999999999 0.63375 0.7140625 0.64125 0.73625
0 0.665625 0.7275 0.6534375 0.7390625 0.6515625 0.7540625000000001 0.6587500000000001 0.778125 0.673125 0.7990625 0.688125 0.8106249999999999 0.7028125000000001 0.8140625 0.7146874999999999 0.8074999999999999 0.7190624999999999 0.795625 0.7175 0.7821875 0.714375 0.7709374999999999 0.7090625 0.7565625 0.703125 0.7434375 0.6878124999999999 0.73125 0.67625 0.7265625 0.665625 0.7275
0 0.6040625000000001 0.7334375 0.6012500000000001 0.7496875000000001 0.6056250000000001 0.76625 0.6178125 0.7890625 0.6328125 0.8025 0.6478125 0.80625 0.663125 0.8006249999999999 0.6703125 0.785625 0.6684375 0.770625 0.6646875 0.7540625000000001 0.658125 0.7381249999999999 0.6459374999999999 0.7234375 0.631875 0.7196875 0.6190625 0.7234375 0.6040625000000001 0.7334375
0 0.656875 0.781875 0.6496875 0.7928124999999999 0.6481250000000001 0.8090624999999999 0.6509375000000001 0.8256249999999999 0.6565624999999999 0.8453125 0.6671875 0.8646874999999999 0.673125 0.8768750000000001 0.684375 0.8881249999999999 0.6993750000000001 0.8887499999999999 0.7065625 0.8803124999999999 0.7125 0.866875 0.7175 0.8490624999999999 0.7184375000000001 0.8359375 0.7115625 0.8178124999999999 0.6975 0.8 0.6796875 0.7875 0.6693749999999999 0.7840625 0.656875 0.781875
0 0.6146874999999999 0.8009375000000001 0.609375 0.8165625000000001 0.6109375 0.838125 0.619375 0.86625 0.626875 0.8828125 0.645625 0.8959374999999999 0.6584375 0.8965624999999999 0.67125 0.8865624999999999 0.673125 0.8721875000000001 0.67125 0.8521875 0.6665625000000001 0.8359375 0.66125 0.8221875000000001 0.6496875 0.8025 0.6359375 0.79375 0.6240625 0.795 0.6146874999999999 0.8009375000000001
0 0.690625 0.8853125000000001 0.6884375 0.9078125 0.6884375 0.9284375 0.69625 0.9465625 0.7150000000000001 0.9534375 0.728125 0.95 0.7396874999999999 0.9328125 0.7418750000000001 0.9203125 0.7424999999999999 0.9 0.7418750000000001 0.8821875 0.739375 0.8675 0.7353125 0.85875 0.724375 0.850625 0.7171875 0.8521875 0.7009375 0.8637499999999999 0.690625 0.8853125000000001
0 0.6559375000000001 0.85875 0.6481250000000001 0.8815625 0.6471875 0.9084375 0.6509375000000001 0.931875 0.6715625000000001 0.9478125000000001 0.686875 0.9465625 0.6946875 0.9262499999999999 0.698125 0.9115624999999999 0.69875 0.89375 0.698125 0.871875 0.694375 0.8515625 0.6721874999999999 0.8487500000000001 0.6559375000000001 0.85875
0 0.7025 0.899375 0.6934375 0.9125 0.6921875 0.9284375 0.6975 0.9465625 0.7040625 0.9637499999999999 0.7125 0.976875 0.7303124999999999 0.9865625 0.74125 0.985625 0.7496875000000001 0.975 0.75125 0.9662499999999999 0.7515625 0.9546875 0.7521875 0.93875 0.750625 0.9284375 0.749375 0.928125 0.7359375 0.905625 0.7262500000000001 0.8990625 0.7146874999999999 0.8959374999999999 0.7025 0.899375