0 0.6184375 0.4615625 0.6178125 0.4765625 0.6224999999999999 0.4984375 0.646875 0.5037499999999999 0.6825 0.49812500000000004 0.7009375 0.489375 0.7159375 0.47375 0.718125 0.4615625 0.718125 0.4490625 0.6990624999999999 0.4403125 0.6540625 0.4409375 0.63375 0.44749999999999995 0.6184375 0.4615625
0 0.5909375 0.46125 0.5909375 0.47874999999999995 0.6028125 0.4915625 0.625625 0.49312500000000004 0.6484375 0.490625 0.666875 0.479375 0.6746875 0.46781249999999996 0.6875 0.449375 0.6599999999999999 0.4346875 0.6275000000000001 0.43656249999999996 0.60625 0.44406249999999997 0.5909375 0.46125
0 0.61875 0.5046875 0.6174999999999999 0.5178125 0.623125 0.533125 0.63625 0.5421875 0.65625 0.5421875 0.67125 0.5384375 0.68875 0.526875 0.694375 0.515 0.6909375 0.5015625 0.6728125 0.49124999999999996 0.6487499999999999 0.4921875 0.630625 0.4971875 0.61875 0.5046875
0 0.564375 0.5015625 0.5634375 0.5153125000000001 0.5803125 0.534375 0.61 0.5425 0.6331249999999999 0.53 0.6381249999999999 0.5140625 0.6371875 0.503125 0.634375 0.49812500000000004 0.6153125 0.490625 0.605 0.49000000000000005 0.579375 0.49124999999999996 0.564375 0.5015625
0 0.5934375000000001 0.5434375 0.5884375000000001 0.561875 0.5984375 0.5806250000000001 0.62 0.5865625 0.6403125000000001 0.584375 0.6584375 0.5703125 0.6671875 0.553125 0.6678124999999999 0.5484375 0.6628125 0.5396875 0.6471875 0.529375 0.62625 0.528125 0.6075 0.533125 0.5934375000000001 0.5434375
0 0.5703125 0.5625 0.56875 0.5890625 0.58125 0.61375 0.5974999999999999 0.62375 0.610625 0.61875 0.6209374999999999 0.6028125 0.6275000000000001 0.584375 0.6271875 0.5646875 0.6228125 0.5534375 0.6168750000000001 0.5459375 0.6075 0.5403125 0.591875 0.5378125 0.58 0.5425 0.5703125 0.5625
0 0.54 0.5409375 0.54 0.5753125 0.548125 0.593125 0.5653125 0.600625 0.5834374999999999 0.5859375 0.589375 0.5646875 0.589375 0.5509375000000001 0.585 0.53 0.573125 0.515 0.5615625 0.51375 0.5493750000000001 0.52125 0.54 0.5409375
0 0.5115624999999999 0.568125 0.500625 0.5875 0.4953125 0.6071875 0.5046875 0.6196875000000001 0.533125 0.624375 0.55375 0.6121875 0.561875 0.5953125 0.5634375 0.5834374999999999 0.5662499999999999 0.5743750000000001 0.5603125 0.561875 0.5421875 0.555625 0.52625 0.5584374999999999 0.5115624999999999 0.568125
0 0.5287499999999999 0.5978125000000001 0.5131249999999999 0.603125 0.5059375 0.624375 0.53125 0.6431250000000001 0.559375 0.651875 0.589375 0.655 0.6034375 0.6465625 0.6078125 0.6334375 0.61 0.625 0.603125 0.6125 0.5828125 0.6015625 0.5603125 0.598125 0.5287499999999999 0.5978125000000001
0 0.514375 0.658125 0.5146875 0.680625 0.524375 0.6903125 0.5428124999999999 0.69875 0.5587500000000001 0.6959375 0.5706249999999999 0.680625 0.5803125 0.6665625000000001 0.5790625 0.6546875 0.5659375 0.6446875000000001 0.5421875 0.6421875 0.5259375000000001 0.6459374999999999 0.514375 0.658125
0 0.48968749999999994 0.60875 0.475 0.6309375 0.4759375 0.6637500000000001 0.49031250000000004 0.6828125 0.5096875 0.68625 0.5234375 0.673125 0.530625 0.659375 0.5325 0.6525000000000001 0.5284375 0.6403125000000001 0.5221875 0.619375 0.51375 0.608125 0.50125 0.60375 0.48968749999999994 0.60875
0 0.47468750000000004 0.6809375 0.4690625 0.693125 0.47531249999999997 0.7065625 0.490625 0.7190624999999999 0.5115624999999999 0.7309375 0.529375 0.73375 0.5459375 0.7290625000000001 0.556875 0.7162499999999999 0.5571875000000001 0.708125 0.556875 0.6990624999999999 0.5446875 0.6834374999999999 0.5165625 0.6765625 0.491875 0.6765625 0.47468750000000004 0.6809375
0 0.434375 0.68875 0.43499999999999994 0.70875 0.44749999999999995 0.7240624999999999 0.46749999999999997 0.7234375 0.485 0.7028125000000001 0.490625 0.6846875 0.49124999999999996 0.6578125 0.48125 0.6496875 0.46125 0.650625 0.4515625 0.6553125 0.445 0.665625 0.434375 0.68875
0 0.4446875 0.711875 0.436875 0.7303124999999999 0.459375 0.7546875 0.4796875 0.7659374999999999 0.4984375 0.7709374999999999 0.515625 0.76125 0.525625 0.7474999999999999 0.5284375 0.73125 0.5209374999999999 0.7234375 0.49781250000000005 0.718125 0.48531250000000004 0.715625 0.45999999999999996 0.7096875 0.4446875 0.711875
0 0.42843749999999997 0.7403125 0.41218750000000004 0.744375 0.40625 0.7590625 0.41531250000000003 0.7787499999999999 0.43499999999999994 0.7943749999999999 0.4646875 0.803125 0.488125 0.7990625 0.4965625 0.784375 0.49781250000000005 0.770625 0.4965625 0.76125 0.478125 0.750625 0.4603125 0.7453125 0.44375 0.7415625 0.42843749999999997 0.7403125
0 0.39249999999999996 0.7403125 0.379375 0.7571875 0.381875 0.7734375 0.393125 0.783125 0.41156249999999994 0.780625 0.43875000000000003 0.7671875 0.45375 0.7596875 0.46781249999999996 0.7453125 0.46875 0.73375 0.468125 0.729375 0.4603125 0.7221875 0.4378125 0.7178125 0.4221875 0.719375 0.4096875 0.7268749999999999 0.39249999999999996 0.7403125
0 0.3740625 0.78125 0.3696875 0.7928124999999999 0.3740625 0.8053125 0.385625 0.815625 0.40499999999999997 0.8259375 0.42874999999999996 0.8309374999999999 0.45437500000000003 0.8309374999999999 0.46749999999999997 0.8178124999999999 0.4734375 0.8034375 0.471875 0.7959375 0.43875000000000003 0.7825 0.4103125 0.7759375000000001 0.388125 0.7759375000000001 0.3740625 0.78125
0 0.35375 0.8546875 0.3421875 0.86875 0.33625 0.8928125 0.34249999999999997 0.9125 0.3565625 0.9184374999999999 0.3803125 0.9084375 0.40093750000000006 0.89375 0.41 0.8800000000000001 0.42281250000000004 0.8659375 0.4146875 0.8471875000000001 0.4015625 0.840625 0.381875 0.8434375 0.35375 0.8546875
0 0.29562499999999997 0.8403124999999999 0.29312499999999997 0.86 0.3046875 0.878125 0.3234375 0.8809374999999999 0.3525 0.8709374999999999 0.37124999999999997 0.8615625 0.38125 0.8412499999999999 0.3803125 0.8365625 0.378125 0.820625 0.36 0.815625 0.33781249999999996 0.8162499999999999 0.3125 0.8265625 0.29562499999999997 0.8403124999999999
0 0.27718750000000003 0.865 0.2646875 0.880625 0.271875 0.8975 0.29500000000000004 0.9115624999999999 0.32625000000000004 0.9221875 0.35031249999999997 0.9256249999999999 0.366875 0.9203125 0.37124999999999997 0.9059375 0.36625 0.8890625 0.35343749999999996 0.880625 0.33218749999999997 0.8678125 0.313125 0.8596875 0.2896875 0.8596875 0.27718750000000003 0.865
0 0.2665625 0.8909375 0.2553125 0.8959374999999999 0.24656250000000002 0.906875 0.24625 0.9168749999999999 0.253125 0.9303125 0.2678125 0.9415625000000001 0.289375 0.9521875 0.3128125 0.95625 0.330625 0.9556250000000001 0.343125 0.9490624999999999 0.3471875 0.9400000000000001 0.3465625 0.9303125 0.3271875 0.9109375 0.3021875 0.8996875 0.284375 0.891875 0.2665625 0.8909375
0 0.2384375 0.9265625 0.22156250000000002 0.930625 0.21000000000000002 0.9409375000000001 0.2084375 0.953125 0.21812499999999999 0.969375 0.2390625 0.9800000000000001 0.274375 0.9818749999999999 0.29625 0.98125 0.308125 0.9737500000000001 0.3128125 0.9646874999999999 0.3159375 0.9590624999999999 0.3015625 0.9412499999999999 0.278125 0.9328125 0.25656249999999997 0.9259375000000001 0.2384375 0.9265625
0 0.019375 0.786875 0.01625 0.7946875 0.013750000000000002 0.8146875 0.0203125 0.8324999999999999 0.03625 0.840625 0.055937499999999994 0.8384375000000001 0.0775 0.8275 0.09625 0.8109375 0.105625 0.7953125 0.109375 0.775625 0.0909375 0.7690625 0.05437499999999999 0.7681250000000001 0.03375 0.7737499999999999 0.019375 0.786875
0 0.010624999999999999 0.8315625000000001 0.0128125 0.8490624999999999 0.02375 0.8671875 0.0421875 0.86875 0.058750000000000004 0.8528125 0.0678125 0.8246874999999999 0.0709375 0.7965625000000001 0.06937499999999999 0.7759375000000001 0.04375 0.7653125000000001 0.01875 0.788125 0.015625 0.7975 0.013125000000000001 0.8128125 0.010624999999999999 0.8315625000000001
0 0.0571875 0.779375 0.059375 0.7943749999999999 0.0709375 0.8009375000000001 0.091875 0.7978125 0.110625 0.79 0.12281249999999999 0.7790625 0.1325 0.75625 0.1325 0.7415625 0.12468749999999999 0.7290625000000001 0.104375 0.7271875 0.08375 0.7371875 0.06999999999999999 0.7509375 0.0571875 0.779375
0 0.04875 0.7025 0.034375 0.7175 0.018437500000000002 0.7428125 0.0140625 0.765625 0.019375 0.7849999999999999 0.0340625 0.7943749999999999 0.0515625 0.7896875 0.06937499999999999 0.7675 0.079375 0.748125 0.0878125 0.7368750000000001 0.0846875 0.715625 0.078125 0.7021875 0.06218749999999999 0.6956249999999999 0.04875 0.7025
0 0.033125 0.6946875 0.031875 0.7209375 0.034999999999999996 0.743125 0.045 0.7575000000000001 0.061875 0.7631249999999999 0.075 0.7490625 0.0809375 0.7271875 0.0821875 0.6984375 0.07718749999999999 0.6796875 0.06343750000000001 0.6678124999999999 0.0484375 0.6678124999999999 0.0390625 0.6756249999999999 0.033125 0.6946875
0 0.0696875 0.7034374999999999 0.074375 0.73 0.095 0.73375 0.11499999999999999 0.7265625 0.13187500000000002 0.711875 0.1440625 0.6875 0.14656249999999998 0.6715625000000001 0.14656249999999998 0.6578125 0.135625 0.650625 0.118125 0.6503125 0.0978125 0.6599999999999999 0.076875 0.6815625 0.0696875 0.7034374999999999
0 0.056874999999999995 0.630625 0.0471875 0.6465625 0.042812499999999996 0.6640625 0.05625 0.6759375000000001 0.0875 0.676875 0.1234375 0.66625 0.135625 0.655 0.139375 0.63875 0.135 0.625625 0.11875 0.6184375 0.100625 0.6168750000000001 0.080625 0.619375 0.056874999999999995 0.630625
0 0.10187500000000001 0.5928125 0.099375 0.6090625000000001 0.10124999999999999 0.6234375 0.11374999999999999 0.6340625 0.13093749999999998 0.63375 0.14250000000000002 0.62625 0.1534375 0.6134375000000001 0.15437499999999998 0.599375 0.1546875 0.5846875 0.15031250000000002 0.5703125 0.13874999999999998 0.5653125 0.12437499999999999 0.5665625000000001 0.10906249999999999 0.5778125000000001 0.10187500000000001 0.5928125
0 0.0475 0.5974999999999999 0.045 0.6159375 0.049062499999999995 0.6315625 0.0703125 0.6390625 0.091875 0.635625 0.10375000000000001 0.619375 0.10500000000000001 0.595625 0.1034375 0.585 0.096875 0.57625 0.08562499999999999 0.57375 0.0590625 0.5825 0.0475 0.5974999999999999
0 0.068125 0.561875 0.06625 0.579375 0.09343749999999999 0.593125 0.13093749999999998 0.5884375000000001 0.144375 0.5775 0.160625 0.559375 0.16218749999999998 0.5543750000000001 0.1590625 0.54 0.13374999999999998 0.5337500000000001 0.09375 0.5346875 0.08125 0.5440625 0.068125 0.561875
0 0.0975 0.5028125 0.10375000000000001 0.5209374999999999 0.1278125 0.5334375 0.15687500000000001 0.5337500000000001 0.1775 0.525 0.1878125 0.5078125 0.18875 0.499375 0.1775 0.48624999999999996 0.1565625 0.4803125 0.125 0.478125 0.10874999999999999 0.48343749999999996 0.0975 0.5028125
0 0.095 0.49906249999999996 0.080625 0.5071875 0.075 0.5231250000000001 0.0765625 0.53625 0.09281249999999999 0.5446875 0.11468750000000001 0.5453125 0.1421875 0.5431250000000001 0.1559375 0.5334375 0.1578125 0.524375 0.16218749999999998 0.5109375 0.1515625 0.49375 0.1315625 0.4921875 0.11499999999999999 0.49343750000000003 0.095 0.49906249999999996
0 0.11281250000000001 0.45218749999999996 0.11656249999999999 0.471875 0.1403125 0.4875 0.1840625 0.488125 0.20031249999999998 0.47750000000000004 0.20031249999999998 0.465625 0.1890625 0.4403125 0.16593750000000002 0.4334375 0.13999999999999999 0.4328125 0.12125 0.44125 0.11281250000000001 0.45218749999999996
0 0.09718750000000001 0.465625 0.09812499999999999 0.4828125 0.1153125 0.495625 0.16218749999999998 0.5025000000000001 0.183125 0.4921875 0.184375 0.48218750000000005 0.174375 0.46281249999999996 0.14781249999999999 0.4515625 0.11968749999999999 0.45 0.10625 0.4525 0.09718750000000001 0.465625
0 0.10375000000000001 0.43062500000000004 0.109375 0.44406249999999997 0.133125 0.453125 0.1715625 0.4559375 0.1953125 0.4515625 0.2 0.43937499999999996 0.19375 0.42718749999999994 0.1821875 0.409375 0.15562499999999999 0.40437500000000004 0.1340625 0.40812499999999996 0.11625 0.416875 0.10375000000000001 0.43062500000000004
0 0.1359375 0.36593749999999997 0.13093749999999998 0.37625000000000003 0.1325 0.3921875 0.1459375 0.41 0.173125 0.414375 0.1928125 0.39656250000000004 0.19437500000000002 0.383125 0.1940625 0.36625 0.18062499999999998 0.356875 0.16218749999999998 0.3546875 0.1484375 0.35750000000000004 0.1359375 0.36593749999999997
0 0.138125 0.339375 0.13968750000000002 0.3525 0.159375 0.3615625 0.18375 0.3625 0.20249999999999999 0.3609375 0.216875 0.34968750000000004 0.2165625 0.33999999999999997 0.2078125 0.323125 0.1775 0.31656249999999997 0.1540625 0.31906249999999997 0.1428125 0.3265625 0.138125 0.339375
0 0.14625 0.30281250000000004 0.145625 0.315625 0.15375 0.3271875 0.17250000000000001 0.330625 0.1940625 0.32687499999999997 0.20875 0.31656249999999997 0.21968749999999998 0.30062500000000003 0.220625 0.2915625 0.22000000000000003 0.2840625 0.198125 0.27875 0.1696875 0.2796875 0.153125 0.29093749999999996 0.14625 0.30281250000000004
0 0.16499999999999998 0.24562499999999998 0.1590625 0.2546875 0.1609375 0.270625 0.1703125 0.2809375 0.19125 0.2859375 0.221875 0.2865625 0.24312499999999998 0.281875 0.250625 0.2703125 0.24937499999999999 0.2553125 0.24656250000000002 0.2484375 0.2359375 0.24562499999999998 0.213125 0.241875 0.1925 0.2403125 0.1784375 0.24 0.16499999999999998 0.24562499999999998
0 0.17906249999999999 0.22749999999999998 0.1853125 0.2384375 0.20031249999999998 0.248125 0.21875 0.2515625 0.24156249999999999 0.24281250000000001 0.2475 0.23125 0.246875 0.21531250000000002 0.2421875 0.20750000000000002 0.2321875 0.20406249999999998 0.21218750000000003 0.203125 0.19375 0.205625 0.1825 0.2134375 0.17906249999999999 0.22749999999999998
0 0.18843749999999998 0.193125 0.1984375 0.2053125 0.2284375 0.21218750000000003 0.2584375 0.20593750000000002 0.26187499999999997 0.184375 0.25187499999999996 0.1665625 0.2521875 0.165625 0.238125 0.1609375 0.2203125 0.160625 0.20249999999999999 0.16625 0.19125 0.178125 0.18843749999999998 0.193125
0 0.19437500000000002 0.14375 0.1940625 0.1559375 0.2053125 0.16593750000000002 0.2240625 0.170625 0.2496875 0.17093750000000002 0.27999999999999997 0.16375 0.285625 0.14250000000000002 0.27468750000000003 0.12437499999999999 0.2709375 0.121875 0.2621875 0.123125 0.23562500000000003 0.1221875 0.22125 0.12375 0.20437500000000003 0.1328125 0.19437500000000002 0.14375
0 0.22000000000000003 0.16343749999999999 0.2475 0.1834375 0.2659375 0.18156250000000002 0.28125 0.1609375 0.285625 0.1390625 0.28125 0.1278125 0.2725 0.12375 0.25625 0.1190625 0.2328125 0.12281249999999999 0.21812499999999999 0.13218749999999999 0.2171875 0.1471875 0.22000000000000003 0.16343749999999999
0 0.265 0.0896875 0.26375000000000004 0.10906249999999999 0.265625 0.1315625 0.27 0.1428125 0.2815625 0.1453125 0.30062500000000003 0.1315625 0.3115625 0.1159375 0.3178125 0.094375 0.3203125 0.07781249999999999 0.315625 0.0690625 0.30281250000000004 0.0578125 0.28250000000000003 0.06218749999999999 0.27156250000000004 0.0728125 0.265 0.0896875
0 0.2090625 0.12375 0.234375 0.1265625 0.2603125 0.12250000000000001 0.27156250000000004 0.10500000000000001 0.2678125 0.0865625 0.2584375 0.0775 0.241875 0.0725 0.2284375 0.08156250000000001 0.20968749999999997 0.096875 0.2034375 0.1125 0.2090625 0.12375
0 0.23093750000000002 0.128125 0.2609375 0.1325 0.27625 0.1253125 0.2921875 0.1103125 0.2940625 0.08499999999999999 0.2859375 0.07062500000000001 0.27218749999999997 0.0678125 0.260625 0.0653125 0.24156249999999999 0.07875 0.22718750000000001 0.0959375 0.224375 0.11687499999999999 0.23093750000000002 0.128125
0 0.2234375 0.0765625 0.24125000000000002 0.0828125 0.25656249999999997 0.0828125 0.27875 0.073125 0.2921875 0.057499999999999996 0.29500000000000004 0.034375 0.27937500000000004 0.028749999999999998 0.26875 0.026875 0.26187499999999997 0.027500000000000004 0.244375 0.034687499999999996 0.22749999999999998 0.0521875 0.22312500000000002 0.065 0.2234375 0.0765625
0 0.255625 0.0696875 0.2578125 0.080625 0.27 0.0909375 0.2815625 0.09281249999999999 0.2940625 0.09 0.3140625 0.0678125 0.32125 0.053125 0.32156250000000003 0.034375 0.31906249999999997 0.020624999999999998 0.3103125 0.006562500000000001 0.30593750000000003 0.0028125 0.2978125 0.0043749999999999995 0.2778125 0.014374999999999999 0.268125 0.03375 0.26125 0.052500000000000005 0.255625 0.0696875