0 0.47437500000000005 0.1775 0.4625 0.1921875 0.4640625 0.2140625 0.47843749999999996 0.2325 0.5 0.24 0.51625 0.2425 0.5315624999999999 0.24125000000000002 0.538125 0.2359375 0.5393749999999999 0.2284375 0.540625 0.2109375 0.5246875 0.1940625 0.5059375 0.1784375 0.4921875 0.1734375 0.47437500000000005 0.1775
0 0.4646875 0.21812499999999999 0.45218749999999996 0.22749999999999998 0.4515625 0.248125 0.4534375 0.2690625 0.460625 0.28875 0.475 0.304375 0.4915625 0.3071875 0.506875 0.29 0.5084375 0.27999999999999997 0.5090625 0.268125 0.5090625 0.25406249999999997 0.5075000000000001 0.23781249999999998 0.49781250000000005 0.22156250000000002 0.48624999999999996 0.2171875 0.4646875 0.21812499999999999
0 0.4815625 0.27125 0.47625 0.2940625 0.475 0.3140625 0.47781250000000003 0.328125 0.49468750000000006 0.333125 0.5046875 0.32999999999999996 0.5175 0.316875 0.5284375 0.3 0.535625 0.28500000000000003 0.545625 0.2584375 0.545625 0.25593750000000004 0.545 0.25125000000000003 0.54 0.244375 0.52 0.23374999999999999 0.4971875 0.2384375 0.48875 0.2478125 0.4815625 0.27125
0 0.4925 0.28625 0.478125 0.30874999999999997 0.471875 0.33781249999999996 0.4728125 0.35531250000000003 0.4846875 0.37 0.503125 0.371875 0.5225 0.3559375 0.5349999999999999 0.33875 0.5421875 0.3225 0.54125 0.315625 0.5403125 0.2971875 0.535625 0.284375 0.5190625 0.2809375 0.4925 0.28625
0 0.4878125 0.340625 0.4971875 0.3675 0.5131249999999999 0.3834375 0.528125 0.39125 0.5534375 0.39625 0.56375 0.3928125 0.57125 0.3775 0.5709375 0.365 0.566875 0.355 0.548125 0.32937500000000003 0.521875 0.318125 0.499375 0.3146875 0.4878125 0.340625
0 0.52625 0.4609375 0.55 0.45999999999999996 0.560625 0.4421875 0.556875 0.41968750000000005 0.545 0.396875 0.5246875 0.3784375 0.5065625 0.3734375 0.49749999999999994 0.3740625 0.4846875 0.3853125 0.48624999999999996 0.4078125 0.4959375 0.43187499999999995 0.51 0.453125 0.52625 0.4609375
0 0.58125 0.57875 0.58 0.595 0.5859375 0.61625 0.599375 0.6378125 0.6196875000000001 0.653125 0.6509375000000001 0.6484375 0.6525000000000001 0.6409374999999999 0.6515625 0.6271875 0.6484375 0.610625 0.6431250000000001 0.5990624999999999 0.63 0.5865625 0.6103125 0.5753125 0.5925 0.5734375 0.58125 0.57875
0 0.58 0.6521874999999999 0.5765625 0.6690625 0.5862499999999999 0.6903125 0.603125 0.7034374999999999 0.628125 0.7196875 0.6528125 0.725625 0.6640625 0.7234375 0.6675 0.69625 0.665 0.6765625 0.6646875 0.6753125 0.6596875 0.671875 0.639375 0.6509375000000001 0.615 0.6390625 0.5971875 0.6390625 0.58 0.6521874999999999
0 0.5896874999999999 0.6975 0.6 0.7224999999999999 0.619375 0.744375 0.6537499999999999 0.7609375 0.67875 0.765625 0.683125 0.754375 0.6756249999999999 0.7271875 0.6634375 0.704375 0.653125 0.693125 0.6403125000000001 0.685625 0.6253124999999999 0.676875 0.608125 0.67375 0.591875 0.6815625 0.5896874999999999 0.6975
0 0.5990624999999999 0.7103125 0.590625 0.716875 0.586875 0.72875 0.5915625 0.7490625 0.6090625000000001 0.7671875 0.631875 0.7787499999999999 0.6587500000000001 0.788125 0.6728125 0.7853125000000001 0.6778125 0.7678125 0.66875 0.74875 0.6675 0.74375 0.663125 0.735 0.6425 0.7184375000000001 0.6287499999999999 0.7109375 0.6128125 0.709375 0.5990624999999999 0.7103125
0 0.6240625 0.7525000000000001 0.61125 0.78 0.6131249999999999 0.7925 0.620625 0.8134375 0.6331249999999999 0.8237500000000001 0.656875 0.8253125000000001 0.6690625 0.8168749999999999 0.671875 0.8028124999999999 0.670625 0.7971874999999999 0.66625 0.774375 0.6575 0.7578125 0.64375 0.7496875000000001 0.6240625 0.7525000000000001
0 0.6209374999999999 0.821875 0.6196875000000001 0.8353125 0.62375 0.8528125 0.6321875 0.8646874999999999 0.6487499999999999 0.875625 0.661875 0.875 0.6753125 0.8637499999999999 0.6784375 0.8474999999999999 0.678125 0.8403124999999999 0.675 0.8296875 0.6646875 0.81125 0.6475 0.80625 0.6340625 0.8099999999999999 0.6209374999999999 0.821875
0 0.6259375 0.8853125000000001 0.6284375 0.903125 0.6378125 0.9178124999999999 0.658125 0.9275 0.67375 0.9221875 0.681875 0.9078125 0.685625 0.8896875 0.6771874999999999 0.8709374999999999 0.6637500000000001 0.8612500000000001 0.645 0.8615625 0.629375 0.8703125 0.6259375 0.8853125000000001
0 0.6371875 0.9112500000000001 0.6368750000000001 0.9159375000000001 0.6265625 0.9309375 0.6271875 0.9568749999999999 0.6353125000000001 0.9706250000000001 0.6487499999999999 0.975 0.6634375 0.9721875000000001 0.6746875 0.9615625 0.684375 0.943125 0.6871875000000001 0.9290625 0.6753125 0.9106249999999999 0.650625 0.905 0.6390625 0.9090624999999999 0.6371875 0.9112500000000001