0 0.044687500000000005 0.5234375 0.030625000000000003 0.5321875 0.026250000000000002 0.5434375 0.0309375 0.5615625 0.04375 0.571875 0.0625 0.57625 0.0884375 0.5771875 0.096875 0.5746875 0.1109375 0.5659375 0.11499999999999999 0.5565625 0.1153125 0.5465625000000001 0.11468750000000001 0.5359375 0.1015625 0.525 0.083125 0.521875 0.0609375 0.5215625 0.044687500000000005 0.5234375
0 0.0703125 0.54375 0.079375 0.5650000000000001 0.09875 0.5743750000000001 0.11687499999999999 0.578125 0.13468750000000002 0.578125 0.14375 0.5753125 0.1525 0.5662499999999999 0.15375 0.5553125 0.153125 0.5434375 0.1521875 0.5340625 0.14125000000000001 0.5228125 0.11937500000000001 0.516875 0.0925 0.5175 0.074375 0.528125 0.0703125 0.54375
0 0.12437499999999999 0.52125 0.12156249999999999 0.5359375 0.129375 0.5540625 0.14375 0.5650000000000001 0.175625 0.579375 0.19125 0.57875 0.2 0.56875 0.199375 0.5543750000000001 0.19468749999999999 0.5387500000000001 0.1875 0.528125 0.18562499999999998 0.5246875 0.174375 0.5134375 0.1628125 0.5065625 0.15125 0.505625 0.13468750000000002 0.5115624999999999 0.12437499999999999 0.52125
0 0.17781249999999998 0.5171875 0.178125 0.5290625 0.1846875 0.5465625000000001 0.19593750000000001 0.5609375 0.20593750000000002 0.568125 0.22000000000000003 0.5759375 0.231875 0.57625 0.24093749999999997 0.5662499999999999 0.24093749999999997 0.55125 0.234375 0.5321875 0.22875 0.520625 0.2234375 0.5103125000000001 0.21375000000000002 0.5021875 0.19718750000000002 0.50125 0.1859375 0.50625 0.17781249999999998 0.5171875
0 0.22218749999999998 0.5040625000000001 0.21968749999999998 0.5190625 0.2265625 0.54125 0.236875 0.5575 0.2484375 0.5684375 0.2634375 0.575 0.2740625 0.5715625 0.28125 0.5575 0.28125 0.545625 0.2803125 0.5359375 0.2765625 0.5240625 0.2678125 0.5103125000000001 0.2475 0.4984375 0.2290625 0.49812500000000004 0.22218749999999998 0.5040625000000001
0 0.2621875 0.51125 0.265625 0.528125 0.2784375 0.5496875 0.29093749999999996 0.5615625 0.308125 0.5690625 0.31656249999999997 0.5690625 0.3265625 0.5590625 0.3275 0.545 0.3234375 0.5328125 0.32218749999999996 0.526875 0.31843750000000004 0.5178125 0.305625 0.504375 0.2834375 0.49625 0.26625 0.49749999999999994 0.2621875 0.51125
0 0.3146875 0.50625 0.311875 0.515625 0.313125 0.531875 0.31906249999999997 0.545625 0.32687499999999997 0.555625 0.3421875 0.559375 0.349375 0.556875 0.35625 0.5493750000000001 0.3603125 0.5378125 0.3603125 0.5303125 0.35750000000000004 0.516875 0.35031249999999997 0.5046875 0.33999999999999997 0.4984375 0.3271875 0.49781250000000005 0.3146875 0.50625
0 0.349375 0.5065625 0.3434375 0.51625 0.34562499999999996 0.5337500000000001 0.3565625 0.5478125 0.3725 0.5534375 0.3859375 0.5540625 0.39718749999999997 0.5493750000000001 0.40093750000000006 0.5421875 0.40125 0.531875 0.40125 0.5246875 0.3915625 0.514375 0.3784375 0.5071875 0.3625 0.504375 0.349375 0.5065625
0 0.42843749999999997 0.5337500000000001 0.416875 0.5228125 0.40625 0.51625 0.3975 0.5193749999999999 0.393125 0.5284375 0.39625 0.5446875 0.4021875 0.556875 0.410625 0.56375 0.42750000000000005 0.5634375 0.438125 0.55625 0.43562500000000004 0.5496875 0.4346875 0.5415625000000001 0.42843749999999997 0.5337500000000001
0 0.465625 0.5625 0.471875 0.559375 0.475 0.55 0.459375 0.546875 0.440625 0.546875 0.440625 0.559375 0.45 0.5625 0.465625 0.5625
0 0.5 0.571875 0.509375 0.56875 0.515625 0.559375 0.515625 0.55 0.5 0.54375 0.484375 0.54375 0.46875 0.55 0.46875 0.559375 0.484375 0.571875 0.5 0.571875
0 0.53125 0.575 0.54375 0.571875 0.553125 0.559375 0.54375 0.553125 0.51875 0.546875 0.5125 0.553125 0.5125 0.559375 0.51875 0.571875 0.53125 0.575
0 0.723125 0.4715625 0.7212500000000001 0.48531250000000004 0.7275 0.49749999999999994 0.735 0.5034375 0.7546875 0.4996875 0.7631249999999999 0.49375 0.7665625 0.48312499999999997 0.7621875 0.47531249999999997 0.7525000000000001 0.4653125 0.74375 0.46218750000000003 0.7309375 0.4640625 0.723125 0.4715625
0 0.6934375 0.49000000000000005 0.7003125 0.496875 0.7150000000000001 0.5015625 0.7303124999999999 0.5037499999999999 0.739375 0.499375 0.735625 0.4878125 0.7296875 0.4803125 0.724375 0.475 0.719375 0.47093749999999995 0.709375 0.46875 0.6950000000000001 0.47062499999999996 0.6903125 0.478125 0.6934375 0.49000000000000005
0 0.650625 0.480625 0.6546875 0.49312500000000004 0.66125 0.499375 0.6809375 0.5028125 0.694375 0.49468750000000006 0.6928124999999999 0.48250000000000004 0.6865625 0.47625 0.6799999999999999 0.469375 0.6815625 0.46968750000000004 0.6715625000000001 0.46656250000000005 0.66125 0.46624999999999994 0.6534375 0.47125000000000006 0.650625 0.480625
0 0.654375 0.503125 0.6640625 0.4953125 0.658125 0.4803125 0.65 0.47437500000000005 0.644724690625 0.46933947500000006 0.6353125000000001 0.468125 0.625 0.471875 0.620625 0.4796875 0.6234375 0.4928125 0.6359375 0.5021875 0.654375 0.503125