0 0.0459375 0.6509375000000001 0.0328125 0.6509375000000001 0.0240625 0.656875 0.02 0.6684375 0.02 0.6796875 0.0246875 0.690625 0.041249999999999995 0.7021875 0.05500000000000001 0.7103125 0.0675 0.720625 0.075625 0.7265625 0.088125 0.7275 0.09812499999999999 0.725 0.10406249999999999 0.7140625 0.1025 0.7 0.100625 0.68875 0.0890625 0.6728125 0.07781249999999999 0.6643749999999999 0.06875 0.658125 0.058437499999999996 0.6521874999999999 0.0459375 0.6509375000000001
0 0.0571875 0.6693749999999999 0.048125 0.6775 0.043437500000000004 0.6871875000000001 0.03875 0.7 0.036875000000000005 0.7112499999999999 0.035625000000000004 0.7303124999999999 0.04 0.743125 0.048125 0.7503124999999999 0.055625 0.750625 0.0684375 0.746875 0.07625 0.7418750000000001 0.07843750000000001 0.733125 0.091875 0.7209375 0.095 0.7125 0.0959375 0.70375 0.0965625 0.69375 0.09375 0.68125 0.0846875 0.67 0.0775 0.6646875 0.0678125 0.6643749999999999 0.0571875 0.6693749999999999
0 0.0671875 0.6334375 0.057499999999999996 0.6396875 0.0540625 0.6487499999999999 0.0546875 0.66125 0.059375 0.6765625 0.07125000000000001 0.6900000000000001 0.083125 0.7006249999999999 0.0915625 0.70625 0.1003125 0.711875 0.11281250000000001 0.715625 0.12687500000000002 0.7153125 0.135625 0.7059375 0.1371875 0.696875 0.13625 0.680625 0.1271875 0.665 0.11687499999999999 0.655 0.1015625 0.641875 0.093125 0.634375 0.0834375 0.6309375 0.076875 0.6315625 0.0671875 0.6334375
0 0.09875 0.620625 0.088125 0.624375 0.08375 0.6365624999999999 0.08375 0.655 0.095 0.6709375 0.105625 0.685625 0.115625 0.6978125000000001 0.1290625 0.70875 0.13874999999999998 0.7096875 0.1575 0.70125 0.159375 0.6912499999999999 0.159375 0.678125 0.15812500000000002 0.6725 0.145 0.6571875 0.1340625 0.64375 0.12625 0.628125 0.1140625 0.6212500000000001 0.09875 0.620625
0 0.1375 0.5974999999999999 0.12625 0.6034375 0.12250000000000001 0.6146874999999999 0.12375 0.630625 0.1315625 0.6503125 0.15 0.671875 0.16468750000000001 0.686875 0.173125 0.688125 0.184375 0.6849999999999999 0.191875 0.6759375000000001 0.1928125 0.665 0.1903125 0.654375 0.173125 0.6215625 0.1603125 0.60625 0.146875 0.5984375 0.1375 0.5974999999999999
0 0.221875 0.65 0.240625 0.65 0.24375 0.646875 0.25 0.621875 0.228125 0.56875 0.215625 0.559375 0.196875 0.559375 0.1875 0.565625 0.184375 0.56875 0.184375 0.575 0.209375 0.646875 0.221875 0.65
0 0.159375 0.653125 0.159375 0.65625 0.1625 0.65625 0.16875 0.6625 0.190625 0.6625 0.2 0.653125 0.203125 0.653125 0.20625 0.646875 0.20625 0.6375 0.203125 0.634375 0.203125 0.621875 0.184375 0.58125 0.178125 0.575 0.159375 0.575 0.146875 0.584375 0.14375 0.590625 0.14375 0.625 0.153125 0.646875 0.159375 0.653125
0 0.259375 0.63125 0.278125 0.63125 0.284375 0.61875 0.2875 0.603125 0.271875 0.553125 0.2625 0.54375 0.246875 0.5375 0.228125 0.546875 0.225 0.559375 0.240625 0.609375 0.246875 0.621875 0.259375 0.63125
0 0.2646875 0.5625 0.26187499999999997 0.57625 0.2640625 0.5953125 0.2690625 0.615 0.278125 0.63125 0.289375 0.6415625 0.3040625 0.63875 0.31375000000000003 0.62625 0.31875 0.6146874999999999 0.3203125 0.6003125 0.32 0.5840625 0.31062500000000004 0.56125 0.299375 0.54875 0.2846875 0.54625 0.275 0.55 0.2646875 0.5625
0 0.296875 0.621875 0.3125 0.621875 0.325 0.6125 0.328125 0.6125 0.328125 0.6 0.33125 0.596875 0.33125 0.578125 0.321875 0.540625 0.309375 0.525 0.284375 0.525 0.275 0.534375 0.271875 0.54375 0.278125 0.58125 0.290625 0.61875 0.296875 0.621875
0 0.319375 0.5296875 0.315625 0.5453125 0.3153125 0.5609375 0.3153125 0.5784374999999999 0.32218749999999996 0.6015625 0.32875 0.6131249999999999 0.33968750000000003 0.6168750000000001 0.34781249999999997 0.615 0.35625 0.60625 0.3615625 0.5940624999999999 0.36312500000000003 0.5771875 0.3621875 0.5587500000000001 0.359375 0.5475 0.3515625 0.5315624999999999 0.343125 0.520625 0.33718750000000003 0.5196875000000001 0.3259375 0.5234375 0.319375 0.5296875
0 0.340625 0.603125 0.35625 0.60625 0.36875 0.6 0.375 0.5875 0.375 0.5625 0.371875 0.559375 0.371875 0.540625 0.365625 0.521875 0.35625 0.509375 0.334375 0.509375 0.328125 0.5125 0.321875 0.51875 0.321875 0.534375 0.334375 0.590625 0.340625 0.603125
0 0.1928125 0.5925 0.1796875 0.6009375 0.170625 0.61 0.1684375 0.621875 0.1721875 0.6390625 0.18031250000000001 0.655 0.1903125 0.673125 0.20406249999999998 0.6793750000000001 0.21781250000000002 0.678125 0.2303125 0.66625 0.24 0.6546875 0.2440625 0.6431250000000001 0.2359375 0.6259375 0.22312500000000002 0.6090625000000001 0.20812499999999998 0.596875 0.1928125 0.5925
0 0.216875 0.5709375 0.21218750000000003 0.5846875 0.2140625 0.6018749999999999 0.2209375 0.6209374999999999 0.22999999999999998 0.6381249999999999 0.241875 0.6534375 0.25187499999999996 0.6578125 0.2646875 0.656875 0.275 0.6487499999999999 0.2759375 0.6371875 0.273125 0.6190625 0.259375 0.595625 0.2521875 0.5809375 0.24125000000000002 0.5696875 0.22937500000000002 0.5659375 0.216875 0.5709375
0 0.37124999999999997 0.506875 0.3628125 0.5165625 0.3621875 0.5346875 0.3621875 0.558125 0.3621875 0.5806250000000001 0.3621875 0.5946875 0.370625 0.6040625000000001 0.3796875 0.6056250000000001 0.3915625 0.598125 0.40437500000000004 0.5834374999999999 0.4125 0.5690625 0.4134375 0.559375 0.41125 0.5428124999999999 0.40499999999999997 0.531875 0.39625 0.51875 0.385 0.5078125 0.37124999999999997 0.506875
0 0.410625 0.47750000000000004 0.409375 0.491875 0.4109375 0.5128125 0.41656250000000006 0.5375 0.4234375 0.5546875 0.43125 0.56875 0.4421875 0.57375 0.4546875 0.566875 0.4609375 0.5459375 0.46125 0.525625 0.45906250000000004 0.5109375 0.4559375 0.49437499999999995 0.45062499999999994 0.4728125 0.4328125 0.4625 0.425625 0.46312499999999995 0.41531250000000003 0.46968750000000004 0.410625 0.47750000000000004
0 0.4375 0.4703125 0.436875 0.484375 0.4415625 0.5065625 0.4490625 0.524375 0.45499999999999996 0.5378125 0.469375 0.5509375000000001 0.4828125 0.55375 0.49312500000000004 0.54875 0.4965625 0.5378125 0.496875 0.5225 0.49312500000000004 0.5071875 0.4878125 0.4959375 0.48343749999999996 0.480625 0.47843749999999996 0.4690625 0.4684375 0.4603125 0.46312499999999995 0.456875 0.45375 0.4565625 0.44343750000000004 0.4603125 0.4375 0.4703125
0 0.4615625 0.47375 0.4640625 0.49343750000000003 0.47375 0.510625 0.48343749999999996 0.51875 0.501875 0.51125 0.506875 0.49343750000000003 0.5071875 0.47375 0.5003124999999999 0.45531249999999995 0.4953125 0.44656250000000003 0.490625 0.43875000000000003 0.48343749999999996 0.438125 0.47062499999999996 0.44406249999999997 0.4640625 0.45437500000000003 0.4615625 0.47375
0 0.48968749999999994 0.45843749999999994 0.48125 0.46875 0.48 0.479375 0.48312499999999997 0.4928125 0.49031250000000004 0.516875 0.4965625 0.5340625 0.5059375 0.5428124999999999 0.5165625 0.5484375 0.5246875 0.5484375 0.5340625 0.5425 0.5371875 0.5337500000000001 0.5359375 0.5259375000000001 0.536875 0.5121875 0.5359375 0.49906249999999996 0.5325 0.4925 0.53 0.48250000000000004 0.5184375 0.46343750000000006 0.5103125000000001 0.4559375 0.49874999999999997 0.45437500000000003 0.48968749999999994 0.45843749999999994
0 0.499375 0.4409375 0.49906249999999996 0.45406250000000004 0.4971875 0.47062499999999996 0.5015625 0.49406249999999996 0.50875 0.5153125000000001 0.5215625 0.5265625 0.5365624999999999 0.52625 0.5503125 0.5190625 0.5515625 0.5053124999999999 0.55125 0.4871875 0.546875 0.4725 0.535625 0.449375 0.526875 0.43531250000000005 0.5184375 0.43156249999999996 0.5084375 0.43062500000000004 0.499375 0.4409375
0 0.5434375 0.4246875 0.5378125 0.428125 0.534375 0.43656249999999996 0.533125 0.44875 0.535625 0.4684375 0.5396875 0.48687500000000006 0.5478125 0.5028125 0.5590625 0.5140625 0.5746875 0.520625 0.585 0.5203125 0.5946875 0.51125 0.6009375 0.49874999999999997 0.5990624999999999 0.48875 0.5890625 0.46624999999999994 0.566875 0.43499999999999994 0.5534375 0.42625 0.5434375 0.4246875
0 0.53125 0.441875 0.5228125 0.4490625 0.5175 0.45843749999999994 0.5184375 0.473125 0.52625 0.49375 0.5421875 0.5178125 0.5546875 0.5315624999999999 0.568125 0.5321875 0.576875 0.5246875 0.5806250000000001 0.5109375 0.5806250000000001 0.49343750000000003 0.578125 0.47531249999999997 0.5634375 0.45406250000000004 0.5534375 0.445 0.545 0.4403125 0.53125 0.441875
0 0.5756249999999999 0.4325 0.5665625000000001 0.438125 0.5603125 0.448125 0.5609375 0.459375 0.57125 0.47406249999999994 0.586875 0.4846875 0.6059375 0.48968749999999994 0.625625 0.49124999999999996 0.6421875 0.4884375 0.6534375 0.4803125 0.6578125 0.46656250000000005 0.6587500000000001 0.4528125 0.6578125 0.44749999999999995 0.653125 0.43937499999999996 0.6365624999999999 0.43218750000000006 0.61125 0.42874999999999996 0.591875 0.42874999999999996 0.5756249999999999 0.4325
0 0.594311028125 0.418432765625 0.60323619375 0.43890814375 0.6200365062500001 0.456233465625 0.63683681875 0.47093373749999995 0.644186953125 0.48090892500000004 0.670437440625 0.48090892500000004 0.6851377125 0.47145875000000004 0.68408769375 0.454133428125 0.67253748125 0.435233075 0.65573716875 0.42315785312500004 0.6405118843750001 0.408457578125 0.628961671875 0.397432375 0.6074362718749999 0.396907365625 0.5948360375 0.405307521875 0.594311028125 0.418432765625
0 0.59375 0.388125 0.5818749999999999 0.39718749999999997 0.5734375 0.4103125 0.5728125000000001 0.42312500000000003 0.5825 0.43375 0.6053124999999999 0.43843750000000004 0.623125 0.43968749999999995 0.64375 0.44125 0.658125 0.43968749999999995 0.671875 0.434375 0.67875 0.4225 0.678125 0.4096875 0.675 0.403125 0.6634375 0.396875 0.6431250000000001 0.388125 0.6240625 0.38468749999999996 0.6071875 0.38468749999999996 0.59375 0.388125
0 0.6775 0.41624999999999995 0.665625 0.42312500000000003 0.6546875 0.4334375 0.6525000000000001 0.44406249999999997 0.655 0.45499999999999996 0.6665625000000001 0.46125 0.68125 0.46312499999999995 0.7021875 0.46187500000000004 0.7175 0.459375 0.7315625 0.45437500000000003 0.7418750000000001 0.445625 0.7453125 0.4346875 0.7462500000000001 0.4234375 0.743125 0.414375 0.7378125 0.40531249999999996 0.7234375 0.4015625 0.708125 0.40406250000000005 0.6921875 0.409375 0.6775 0.41624999999999995
0 0.7290625000000001 0.374375 0.7140625 0.3725 0.7003125 0.371875 0.6878124999999999 0.37374999999999997 0.6765625 0.38 0.6678124999999999 0.39 0.66625 0.399375 0.6671875 0.41125 0.6765625 0.4225 0.708125 0.429375 0.719375 0.43062500000000004 0.733125 0.43156249999999996 0.7540625000000001 0.43093750000000003 0.7628125 0.42625 0.770625 0.4146875 0.7728125 0.40499999999999997 0.7690625 0.39718749999999997 0.760625 0.3875 0.7509375 0.3784375 0.740625 0.375625 0.7290625000000001 0.374375
0 0.748125 0.35750000000000004 0.733125 0.3646875 0.7253125 0.37374999999999997 0.7209375 0.38687499999999997 0.723125 0.4025 0.7334375 0.41500000000000004 0.7503124999999999 0.4225 0.7834375 0.421875 0.7993750000000001 0.4140625 0.815625 0.39625 0.82 0.380625 0.8196875 0.369375 0.8109375 0.355 0.8 0.3484375 0.7849999999999999 0.34781249999999997 0.7659374999999999 0.35125 0.748125 0.35750000000000004
0 0.650625 0.35875 0.64 0.37 0.6384375 0.3825 0.65 0.39968750000000003 0.6809375 0.406875 0.718125 0.4021875 0.729375 0.38656250000000003 0.72875 0.374375 0.7221875 0.3603125 0.71375 0.35031249999999997 0.69375 0.34968750000000004 0.676875 0.35125 0.650625 0.35875
0 0.8109375 0.34781249999999997 0.813125 0.339375 0.8025 0.333125 0.786875 0.334375 0.753125 0.348125 0.7253125 0.348125 0.6925 0.3484375 0.690625 0.3546875 0.7003125 0.36843750000000003 0.7209375 0.37093750000000003 0.7465625 0.3696875 0.77125 0.3640625 0.7887500000000001 0.355 0.79375 0.35562499999999997 0.8006249999999999 0.35375 0.8109375 0.34781249999999997