0 0.634375 0.975 0.65625 0.96875 0.68125 0.953125 0.69375 0.940625 0.7 0.925 0.690625 0.9125 0.68125 0.909375 0.640625 0.909375 0.621875 0.91875 0.60625 0.940625 0.603125 0.95 0.60625 0.9625 0.621875 0.975 0.634375 0.975
0 0.609375 0.990625 0.61875 0.9875 0.646875 0.96875 0.653125 0.94375 0.653125 0.925 0.65 0.915625 0.6375 0.90625 0.621875 0.9 0.603125 0.921875 0.590625 0.94375 0.5875 0.95 0.5875 0.98125 0.596875 0.990625 0.609375 0.990625
0 0.6809375 0.875 0.6690625 0.8771875 0.6578125 0.8803124999999999 0.641875 0.8878125000000001 0.6331249999999999 0.8971875 0.63 0.9053125 0.6331249999999999 0.915625 0.6381249999999999 0.92125 0.649375 0.9278124999999999 0.6621875 0.93125 0.6793750000000001 0.9334374999999999 0.703125 0.9334374999999999 0.7165625 0.92875 0.7306250000000001 0.9175000000000001 0.7359375 0.9084375 0.7381249999999999 0.899375 0.735625 0.8953125 0.7234375 0.8821875 0.711875 0.8759375 0.6996875 0.875 0.6809375 0.875
0 0.654375 0.8646874999999999 0.6459374999999999 0.8703125 0.6359375 0.8800000000000001 0.629375 0.8887499999999999 0.626875 0.8984375 0.6309375 0.9128125 0.64 0.9193749999999999 0.656875 0.921875 0.6725 0.9196875 0.6950000000000001 0.9159375000000001 0.7106250000000001 0.9090624999999999 0.723125 0.9025000000000001 0.7318749999999999 0.8934374999999999 0.7384375000000001 0.883125 0.7381249999999999 0.87375 0.7340625000000001 0.865625 0.7265625 0.8596875 0.7125 0.8565625000000001 0.691875 0.8568749999999999 0.6690625 0.86 0.654375 0.8646874999999999
0 0.67625 0.8275 0.665 0.8384375000000001 0.6587500000000001 0.8474999999999999 0.654375 0.859375 0.6528125 0.8724999999999999 0.6546875 0.878125 0.663125 0.88125 0.6771874999999999 0.88125 0.69625 0.8778124999999999 0.7109375 0.8721875000000001 0.721875 0.86625 0.73125 0.8550000000000001 0.739375 0.8384375000000001 0.7434375 0.828125 0.7421875 0.8162499999999999 0.7353125 0.8109375 0.7209375 0.809375 0.703125 0.8115625 0.6875 0.8175000000000001 0.67625 0.8275
0 0.72875 0.7996875 0.713125 0.81125 0.703125 0.8231249999999999 0.6946875 0.840625 0.69375 0.86 0.69625 0.8775000000000001 0.7046875 0.8896875 0.7221875 0.8943749999999999 0.7390625 0.8884375 0.751875 0.8731249999999999 0.764375 0.8490624999999999 0.7693749999999999 0.8256249999999999 0.7690625 0.8134375 0.77 0.8034375 0.7631249999999999 0.7931250000000001 0.754375 0.788125 0.74375 0.79 0.72875 0.7996875
0 0.7603125000000001 0.796875 0.75125 0.803125 0.7421875 0.8159375000000001 0.7334375 0.8331250000000001 0.7284375 0.850625 0.7271875 0.8696875000000001 0.7275 0.8834375 0.7303124999999999 0.8959374999999999 0.73625 0.9009375000000001 0.7515625 0.9 0.7618750000000001 0.8943749999999999 0.77125 0.884375 0.7775000000000001 0.8734375 0.7825 0.8596875 0.7859375 0.844375 0.7865624999999999 0.8371875 0.7887500000000001 0.8284375 0.7878125 0.8150000000000001 0.78125 0.804375 0.7709374999999999 0.7993750000000001 0.7603125000000001 0.796875
0 0.76875 0.875 0.7875 0.86875 0.809375 0.85 0.821875 0.828125 0.821875 0.8 0.815625 0.790625 0.8 0.78125 0.784375 0.784375 0.765625 0.8 0.753125 0.828125 0.753125 0.85 0.759375 0.865625 0.76875 0.875
0 0.840625 0.828125 0.853125 0.815625 0.853125 0.8 0.828125 0.784375 0.778125 0.771875 0.7625 0.778125 0.759375 0.7875 0.7875 0.828125 0.815625 0.8375 0.840625 0.828125
0 0.78 0.7340625000000001 0.770625 0.7453125 0.7737499999999999 0.7631249999999999 0.78125 0.7740625 0.8006249999999999 0.7859375 0.8240624999999999 0.7940625 0.8540625000000001 0.7984375 0.8706250000000001 0.7893749999999999 0.8778124999999999 0.7790625 0.87625 0.7696875000000001 0.8699999999999999 0.76375 0.844375 0.7474999999999999 0.82 0.735 0.7996875 0.7296875 0.78 0.7340625000000001
0 0.859375 0.803125 0.86875 0.8 0.8875 0.78125 0.890625 0.775 0.890625 0.76875 0.884375 0.75625 0.875 0.75 0.85625 0.74375 0.81875 0.740625 0.796875 0.759375 0.79375 0.765625 0.79375 0.778125 0.825 0.796875 0.859375 0.803125
0 0.8271875 0.70375 0.8121875 0.7106250000000001 0.8087500000000001 0.72 0.809375 0.73625 0.82125 0.7503124999999999 0.843125 0.7615624999999999 0.86 0.7678125 0.8815625 0.7715625 0.8965624999999999 0.7696875000000001 0.9046875 0.7534375 0.9046875 0.7418750000000001 0.9040625 0.7396874999999999 0.8959374999999999 0.7340625000000001 0.8740625 0.71875 0.8543749999999999 0.7106250000000001 0.8396874999999999 0.7046875 0.8271875 0.70375
0 0.8465624999999999 0.698125 0.83375 0.7068749999999999 0.8265625 0.7184375000000001 0.8290625 0.73125 0.8384375000000001 0.7434375 0.8528125 0.750625 0.8753125 0.755 0.8934374999999999 0.7575000000000001 0.906875 0.7571875 0.920625 0.7509375 0.9268750000000001 0.7428125 0.9275 0.7321875 0.920625 0.7196875 0.9053125 0.7075 0.8815625 0.7009375 0.8646874999999999 0.69875 0.8465624999999999 0.698125
0 0.89375 0.6553125 0.889375 0.6681250000000001 0.9009375000000001 0.6878124999999999 0.9237500000000001 0.708125 0.9421875 0.7184375000000001 0.9640625 0.7234375 0.9740624999999999 0.713125 0.976875 0.6978125000000001 0.9712500000000001 0.685625 0.9668749999999999 0.680625 0.96125 0.6746875 0.9459375 0.6603125000000001 0.923125 0.6487499999999999 0.9106249999999999 0.646875 0.89375 0.6553125
0 0.8875 0.6653125 0.8731249999999999 0.6703125 0.8659375 0.6825 0.8721875000000001 0.7015625 0.8856249999999999 0.7140625 0.9106249999999999 0.7234375 0.9359375 0.72875 0.9487500000000001 0.7275 0.96 0.711875 0.96125 0.701875 0.95625 0.694375 0.9353125 0.680625 0.9171875 0.67125 0.903125 0.666875 0.8875 0.6653125
0 0.94375 0.6353125000000001 0.9256249999999999 0.6296875 0.9159375000000001 0.6334375 0.9084375 0.6434375 0.9115624999999999 0.66125 0.91875 0.6746875 0.9334374999999999 0.6890625 0.9521875 0.7015625 0.9803124999999999 0.7071875000000001 0.9896874999999999 0.6990624999999999 0.9946875000000001 0.684375 0.993125 0.67625 0.9903124999999999 0.6678124999999999 0.969375 0.6540625 0.9553125 0.6425 0.946875 0.6353125000000001 0.94375 0.6353125000000001
0 0.10625 0.725 0.1375 0.721875 0.153125 0.715625 0.159375 0.70625 0.15625 0.678125 0.146875 0.671875 0.128125 0.665625 0.0875 0.665625 0.065625 0.675 0.05625 0.684375 0.0625 0.7 0.090625 0.721875 0.10625 0.725
0 0.184375 0.74375 0.190625 0.746875 0.221875 0.75 0.234375 0.746875 0.24375 0.740625 0.24375 0.7375 0.2 0.6875 0.178125 0.68125 0.1625 0.68125 0.159375 0.684375 0.159375 0.71875 0.1625 0.725 0.184375 0.74375
0 0.246875 0.740625 0.265625 0.74375 0.290625 0.740625 0.296875 0.734375 0.3 0.715625 0.29375 0.703125 0.28125 0.690625 0.240625 0.671875 0.215625 0.671875 0.209375 0.678125 0.203125 0.6875 0.20625 0.70625 0.228125 0.728125 0.246875 0.740625
0 0.203125 0.690625 0.21875 0.690625 0.240625 0.675 0.2125 0.64375 0.19375 0.6375 0.16875 0.634375 0.140625 0.640625 0.13125 0.659375 0.1375 0.665625 0.165625 0.678125 0.203125 0.690625
0 0.13125 0.68125 0.15 0.671875 0.165625 0.646875 0.165625 0.6375 0.0875 0.6375 0.05 0.65 0.040625 0.659375 0.04375 0.671875 0.059375 0.678125 0.13125 0.68125
0 0.2625 0.6875 0.29375 0.703125 0.3 0.7 0.3 0.6625 0.28125 0.6375 0.259375 0.63125 0.23125 0.63125 0.221875 0.634375 0.215625 0.6375 0.215625 0.64375 0.23125 0.665625 0.2625 0.6875
0 0.321875 0.71875 0.328125 0.715625 0.334375 0.7 0.334375 0.66875 0.33125 0.653125 0.3125 0.634375 0.30625 0.63125 0.28125 0.63125 0.278125 0.6375 0.29375 0.696875 0.309375 0.71875 0.321875 0.71875
0 0.35 0.746875 0.359375 0.73125 0.35625 0.665625 0.340625 0.65625 0.33125 0.65625 0.328125 0.659375 0.31875 0.725 0.31875 0.74375 0.321875 0.746875 0.35 0.746875
0 0.45625 0.68125 0.459375 0.653125 0.43125 0.646875 0.40625 0.65625 0.39375 0.675 0.3875 0.69375 0.384375 0.721875 0.396875 0.7375 0.440625 0.734375 0.45625 0.68125
0 0.440625 0.7375 0.4875 0.734375 0.503125 0.6875 0.5 0.653125 0.4875 0.64375 0.475 0.640625 0.453125 0.653125 0.434375 0.68125 0.43125 0.7 0.43125 0.725 0.434375 0.734375 0.440625 0.7375
0 0.546875 0.715625 0.575 0.725 0.596875 0.7 0.59375 0.675 0.5875 0.665625 0.5625 0.6375 0.55625 0.634375 0.546875 0.63125 0.521875 0.63125 0.5125 0.6375 0.5 0.653125 0.5 0.659375 0.515625 0.6875 0.546875 0.715625
0 0.49375 0.7375 0.521875 0.7375 0.534375 0.734375 0.540625 0.7 0.540625 0.675 0.534375 0.653125 0.515625 0.64375 0.509375 0.64375 0.496875 0.65 0.49375 0.665625 0.4875 0.71875 0.4875 0.728125 0.490625 0.734375 0.49375 0.7375
0 0.571875 0.635 0.5659375 0.645 0.5625 0.6671875 0.5659375 0.6884375 0.5765625 0.71 0.5965625 0.7290625000000001 0.6131249999999999 0.73 0.618125 0.7115625 0.61875 0.69375 0.6174999999999999 0.6765625 0.6109375 0.6565624999999999 0.6040625000000001 0.64125 0.5928125 0.6309375 0.5815625 0.629375 0.571875 0.635
0 0.663125 0.6431250000000001 0.656875 0.6609375 0.655625 0.6793750000000001 0.660625 0.69375 0.685625 0.7134375000000001 0.7228125000000001 0.7284375 0.7509375 0.729375 0.76875 0.7262500000000001 0.7784375 0.711875 0.7734375 0.6921875 0.7621875 0.6796875 0.7478125 0.6696875 0.7306250000000001 0.6571875 0.7090625 0.6434375 0.690625 0.6384375 0.671875 0.6371875 0.663125 0.6431250000000001
0 0.5984375 0.6534375 0.5974999999999999 0.675 0.6071875 0.7071875000000001 0.619375 0.719375 0.64125 0.7265625 0.65625 0.718125 0.661875 0.7006249999999999 0.6621875 0.6871875000000001 0.656875 0.6690625 0.6515625 0.6599999999999999 0.6421875 0.640625 0.63 0.631875 0.6196875000000001 0.6303124999999999 0.6071875 0.63625 0.5984375 0.6534375