0 0.959375 0.203125 0.975 0.19375 0.978125 0.1875 0.978125 0.165625 0.975 0.153125 0.96875 0.14375 0.959375 0.1375 0.953125 0.134375 0.940625 0.134375 0.928125 0.140625 0.934375 0.1875 0.95 0.203125 0.959375 0.203125
0 0.928125 0.184375 0.928125 0.165625 0.925 0.15 0.90625 0.1375 0.9 0.1375 0.8875 0.146875 0.884375 0.159375 0.896875 0.203125 0.90625 0.203125 0.928125 0.184375
0 0.85 0.253125 0.865625 0.25 0.875 0.24375 0.878125 0.234375 0.875 0.221875 0.840625 0.16875 0.825 0.19375 0.834375 0.23125 0.840625 0.25 0.85 0.253125
0 0.890625 0.21875 0.89375 0.209375 0.890625 0.16875 0.88125 0.153125 0.859375 0.15625 0.84375 0.1625 0.840625 0.165625 0.840625 0.196875 0.871875 0.228125 0.890625 0.21875
0 0.946875 0.228125 0.946875 0.2125 0.934375 0.190625 0.928125 0.190625 0.9 0.20625 0.8875 0.225 0.884375 0.23125 0.890625 0.240625 0.921875 0.240625 0.946875 0.228125
0 0.975 0.23125 0.996875 0.225 0.996875 0.19375 0.984375 0.1875 0.965625 0.203125 0.953125 0.21875 0.953125 0.228125 0.95625 0.23125 0.975 0.23125
0 0.825 0.259375 0.840625 0.25 0.840625 0.24375 0.828125 0.20625 0.815625 0.19375 0.809375 0.190625 0.79375 0.196875 0.790625 0.2 0.790625 0.20625 0.809375 0.259375 0.825 0.259375
0 0.790625 0.265625 0.803125 0.25625 0.803125 0.24375 0.796875 0.221875 0.784375 0.209375 0.778125 0.20625 0.76875 0.20625 0.765625 0.209375 0.765625 0.2625 0.76875 0.265625 0.790625 0.265625
0 0.709375 0.28125 0.725 0.234375 0.728125 0.209375 0.7125 0.203125 0.7 0.203125 0.690625 0.20625 0.68125 0.21875 0.66875 0.275 0.66875 0.2875 0.690625 0.2875 0.709375 0.28125
0 0.703125 0.28125 0.7125 0.275 0.75 0.196875 0.740625 0.190625 0.721875 0.190625 0.69375 0.2 0.684375 0.21875 0.678125 0.26875 0.68125 0.28125 0.690625 0.284375 0.703125 0.28125
0 0.73125 0.28125 0.746875 0.275 0.7625 0.2625 0.76875 0.25 0.771875 0.23125 0.7625 0.209375 0.75625 0.20625 0.7375 0.20625 0.721875 0.215625 0.70625 0.246875 0.7125 0.278125 0.71875 0.28125 0.73125 0.28125
0 0.68125 0.2375 0.678125 0.221875 0.659375 0.215625 0.653125 0.21875 0.6375 0.265625 0.63125 0.296875 0.65 0.296875 0.66875 0.28125 0.68125 0.2375
0 0.55338945 0.24781579374999999 0.5400607125 0.260157215625 0.5370987687500001 0.27792886562499997 0.54400996875 0.294713203125 0.5790596125 0.303599028125 0.608185371875 0.303599028125 0.624969709375 0.296194175 0.636817475 0.285827378125 0.647677928125 0.27101766875 0.6491589 0.26657475625 0.6457033 0.2562079625 0.6323745625 0.24880310625000002 0.604729771875 0.24436019375 0.574123040625 0.24436019375 0.55338945 0.24781579374999999
0 0.578125 0.265625 0.625 0.271875 0.640625 0.26875 0.65 0.25 0.65 0.228125 0.63125 0.21875 0.60625 0.215625 0.58125 0.21875 0.5625 0.225 0.553125 0.23125 0.55625 0.25 0.565625 0.259375 0.578125 0.265625
0 0.640625 0.25 0.65 0.234375 0.653125 0.2 0.646875 0.19375 0.625 0.2 0.6 0.21875 0.596875 0.234375 0.615625 0.25 0.634375 0.253125 0.640625 0.25
0 0.496875 0.30625 0.521875 0.30625 0.571875 0.2625 0.571875 0.246875 0.559375 0.228125 0.5125 0.253125 0.496875 0.265625 0.490625 0.275 0.4875 0.28125 0.4875 0.29375 0.490625 0.3 0.496875 0.30625
0 0.559375 0.31875 0.6 0.309375 0.61875 0.3 0.625 0.29375 0.625 0.265625 0.59375 0.253125 0.546875 0.28125 0.528125 0.3 0.525 0.30625 0.528125 0.3125 0.540625 0.31875 0.559375 0.31875
0 0.8125 0.53125 0.85 0.51875 0.865625 0.509375 0.875 0.496875 0.875 0.478125 0.8625 0.4625 0.840625 0.4625 0.809375 0.475 0.778125 0.496875 0.778125 0.525 0.7875 0.53125 0.8125 0.53125
0 0.875 0.478125 0.884375 0.478125 0.890625 0.475 0.896875 0.453125 0.88125 0.4375 0.84375 0.421875 0.8 0.421875 0.796875 0.425 0.796875 0.44375 0.8125 0.465625 0.875 0.478125
0 0.79375 0.478125 0.8625 0.465625 0.859375 0.45 0.834375 0.425 0.828125 0.421875 0.7875 0.421875 0.7625 0.43125 0.753125 0.4375 0.753125 0.446875 0.76875 0.4625 0.79375 0.478125
0 0.715625 0.484375 0.74375 0.490625 0.778125 0.49375 0.803125 0.48125 0.809375 0.475 0.8125 0.465625 0.803125 0.45 0.765625 0.434375 0.73125 0.440625 0.70625 0.453125 0.7 0.459375 0.7 0.46875 0.70625 0.478125 0.715625 0.484375
0 0.7125 0.54375 0.728125 0.540625 0.75 0.534375 0.775 0.521875 0.775 0.49375 0.771875 0.490625 0.70625 0.478125 0.690625 0.490625 0.671875 0.509375 0.675 0.53125 0.6875 0.54375 0.7125 0.54375
0 0.73125 0.56875 0.76875 0.553125 0.778125 0.54375 0.778125 0.53125 0.7625 0.515625 0.746875 0.509375 0.725 0.5125 0.703125 0.521875 0.69375 0.53125 0.6875 0.54375 0.6875 0.5625 0.696875 0.56875 0.73125 0.56875
0 0.65625 0.56875 0.6625 0.571875 0.671875 0.575 0.6875 0.56875 0.69375 0.5625 0.69375 0.559375 0.66875 0.515625 0.646875 0.496875 0.628125 0.496875 0.621875 0.515625 0.621875 0.53125 0.628125 0.540625 0.65625 0.56875
0 0.66875 0.5125 0.703125 0.484375 0.7 0.465625 0.671875 0.465625 0.65625 0.471875 0.653125 0.478125 0.653125 0.496875 0.65625 0.503125 0.66875 0.5125
0 0.590625 0.578125 0.625 0.590625 0.640625 0.56875 0.634375 0.55625 0.5875 0.515625 0.56875 0.515625 0.55625 0.51875 0.54375 0.53125 0.54375 0.5375 0.571875 0.565625 0.590625 0.578125
0 0.60625 0.546875 0.646875 0.553125 0.646875 0.496875 0.6375 0.49375 0.6125 0.49375 0.590625 0.5 0.58125 0.509375 0.58125 0.51875 0.590625 0.534375 0.60625 0.546875
0 0.6375 0.603125 0.665625 0.5875 0.671875 0.58125 0.671875 0.571875 0.634375 0.54375 0.61875 0.54375 0.603125 0.565625 0.603125 0.571875 0.628125 0.603125 0.6375 0.603125
0 0.55 0.61875 0.55625 0.621875 0.58125 0.63125 0.596875 0.628125 0.615625 0.61875 0.625 0.609375 0.625 0.59375 0.60625 0.578125 0.546875 0.54375 0.534375 0.565625 0.53125 0.571875 0.53125 0.584375 0.54375 0.609375 0.55 0.61875
0 0.571875 0.571875 0.56875 0.5625 0.54375 0.5375 0.49375 0.54375 0.465625 0.559375 0.4625 0.575 0.478125 0.596875 0.546875 0.584375 0.571875 0.571875
0 0.55 0.646875 0.565625 0.640625 0.578125 0.63125 0.578125 0.615625 0.540625 0.5875 0.525 0.584375 0.496875 0.6 0.49375 0.60625 0.49375 0.621875 0.521875 0.65 0.55 0.646875
0 0.515625 0.659375 0.53125 0.646875 0.5375 0.640625 0.540625 0.621875 0.525 0.59375 0.509375 0.59375 0.4875 0.609375 0.478125 0.625 0.465625 0.65625 0.471875 0.665625 0.484375 0.66875 0.515625 0.659375
0 0.53125 0.646875 0.534375 0.64375 0.534375 0.609375 0.528125 0.5875 0.503125 0.59375 0.48125 0.609375 0.475 0.628125 0.471875 0.665625 0.5 0.665625 0.51875 0.65625 0.53125 0.646875
0 0.428125 0.628125 0.44375 0.625 0.46875 0.6125 0.484375 0.603125 0.490625 0.590625 0.484375 0.58125 0.471875 0.575 0.45625 0.571875 0.41875 0.5875 0.4 0.603125 0.396875 0.609375 0.396875 0.61875 0.403125 0.625 0.428125 0.628125
0 0.45625 0.678125 0.46875 0.675 0.484375 0.6625 0.490625 0.640625 0.490625 0.63125 0.4875 0.625 0.475 0.615625 0.46875 0.615625 0.43125 0.634375 0.41875 0.64375 0.41875 0.665625 0.425 0.678125 0.45625 0.678125
0 0.34803802500000003 0.6255928749999999 0.3423468375 0.63697525 0.347600240625 0.6553621656249999 0.368176071875 0.674624646875 0.39312974375 0.68206696875 0.410641090625 0.682504753125 0.43077913749999996 0.673311296875 0.442599296875 0.654486596875 0.43865924375 0.64354200625 0.432092490625 0.633035196875 0.40538768437500006 0.619026121875 0.3808718 0.61639941875 0.36292266875 0.61552385 0.34803802500000003 0.6255928749999999
0 0.30688635937500003 0.643104221875 0.299006253125 0.654486596875 0.29988181875 0.66630675625 0.3134531125 0.6846936718750001 0.327899975 0.6943249125000001 0.35548034687499996 0.704831721875 0.382622934375 0.704831721875 0.390940825 0.6973893999999999 0.391816390625 0.68644480625 0.39050304062499996 0.675500215625 0.389627471875 0.668495675 0.376056178125 0.654486596875 0.358982615625 0.64791984375 0.33578008125 0.6387263875 0.31826873437500003 0.637413034375 0.30688635937500003 0.643104221875
0 0.25697901875 0.701767234375 0.2547901 0.722780853125 0.273177015625 0.732849878125 0.28981279375 0.7346010125 0.323084353125 0.728472040625 0.3436601875 0.7144629625000001 0.354604778125 0.69651383125 0.3563559125 0.6851314562499999 0.34847580625 0.67068459375 0.330526678125 0.668495675 0.29988181875 0.6715601625 0.26836139375 0.6842558875 0.25697901875 0.701767234375
0 0.21626513749999998 0.66937124375 0.20794724687500002 0.68950929375 0.2263341625 0.7078962062499999 0.24647220937499997 0.71796523125 0.29068836249999996 0.7214674999999999 0.306448575 0.714025178125 0.320895434375 0.6973893999999999 0.323084353125 0.687320375 0.321771003125 0.679002484375 0.312577546875 0.66805789375 0.28718609375000004 0.656675515625 0.24734777812500003 0.6540488156250001 0.21626513749999998 0.66937124375
0 0.18912255 0.699140534375 0.17248676875 0.711398475 0.170735634375 0.731536525 0.17686460625 0.7459833875 0.19612708750000002 0.752987925 0.230274215625 0.7547390593750001 0.251725615625 0.7512367906249999 0.27273923125 0.73941663125 0.283683821875 0.730660959375 0.264859125 0.708333990625 0.24209437500000003 0.69870275 0.21714070312499997 0.696951615625 0.18912255 0.699140534375
0 0.116888240625 0.7442322531250001 0.1304595375 0.762181384375 0.158915475 0.7674347874999999 0.193500384375 0.765683653125 0.21582735312499998 0.754301278125 0.22414524375 0.7363521468750001 0.225020809375 0.72803425625 0.21538956874999998 0.715338528125 0.18737141562499998 0.708333990625 0.14534418124999998 0.712711828125 0.12257943125 0.721905284375 0.116888240625 0.7442322531250001
0 0.1046303 0.711836259375 0.13396180625 0.726283121875 0.182118009375 0.728472040625 0.205758328125 0.7070206406249999 0.203569409375 0.6851314562499999 0.1948137375 0.67506243125 0.17686460625 0.668933459375 0.13965299375 0.66805789375 0.115574890625 0.67637578125 0.10112802812499999 0.68950929375 0.1046303 0.711836259375
0 0.12827061875 0.700453884375 0.134399590625 0.7188408 0.18036687499999998 0.719716365625 0.21057394999999998 0.708771775 0.23771653750000002 0.68644480625 0.2390298875 0.6768135656250001 0.22151854062499998 0.6614911375 0.19262481874999998 0.654486596875 0.16285552812499998 0.661928921875 0.13527515625 0.6781269156249999 0.12827061875 0.700453884375
0 0.038087181250000005 0.7770660281249999 0.0643542 0.779254946875 0.094123490625 0.765683653125 0.11294818749999999 0.7459833875 0.124330565625 0.72102971875 0.125643915625 0.707458421875 0.11995272812499999 0.68950929375 0.079238846875 0.6886337250000001 0.045967287499999995 0.71927858125 0.036336043750000005 0.7512367906249999 0.038087181250000005 0.7770660281249999
0 0.08055219687500001 0.7472967374999999 0.085367815625 0.7687481375 0.1002524625 0.778379378125 0.130021753125 0.77531489375 0.14972201875 0.765683653125 0.16767115 0.741167765625 0.16679558125 0.731974309375 0.14884645000000002 0.71665188125 0.116888240625 0.716214096875 0.09543684062499999 0.72934760625 0.08055219687500001 0.7472967374999999
0 0.007880106250000001 0.711398475 0.007880106250000001 0.735476578125 0.030207075 0.7442322531250001 0.057787446875 0.74160555 0.088432303125 0.72102971875 0.10287916562499999 0.702642803125 0.10287916562499999 0.693887128125 0.094561275 0.682504753125 0.0774877125 0.6741868625 0.04640506875 0.679002484375 0.018824696874999998 0.69082264375 0.007880106250000001 0.711398475