"id": 0001-1098-0193 ,
"category_id": 0,
"iscrowd": 0,
"segmentation": [[TAGDELETE
44, 1174, 52, 1113, 53, 1075, 74, 1032, 103, 993, 147, 964, 183, 953, 215, 953, 245, 959, 273, 971, 299, 993, 316, 1020, 337, 1066, 342, 1111, 343, 1161, 333, 1244, 323, 1133, 310, 1071, 285, 1020, 241, 985, 191, 983, 143, 998, 109, 1030, 84, 1073, 77, 1089, 68, 1139, 61, 1168
]],
"image_id": n2i_-ctl_-13.czi ,
"area": 12338.1038 ,
"bbox": 44 953 299 291 
 
"id": 0001-1037-0972 ,
"category_id": 0,
"iscrowd": 0,
"segmentation": [[TAGDELETE
965, 728, 943, 831, 935, 978, 946, 1096, 968, 1234, 1010, 1347, 987, 1155, 970, 1000, 973, 828, 974, 766
]],
"image_id": n2i_-ctl_-13.czi ,
"area": 13667.9642 ,
"bbox": 935 728 75 619 
 
"id": 0001-1963-1191 ,
"category_id": 0,
"iscrowd": 0,
"segmentation": [[TAGDELETE
1450, 2020, 1330, 2053, 1256, 2057, 1165, 2037, 1055, 1970, 954, 1894, 929, 1869, 1069, 1945, 1186, 2016, 1269, 2032, 1361, 2024, 1453, 2012
]],
"image_id": n2i_-ctl_-13.czi ,
"area": 10219.2313 ,
"bbox": 929 1869 524 188 
 
"id": 0001-1425-1684 ,
"category_id": 0,
"iscrowd": 0,
"segmentation": [[TAGDELETE
1744, 1668, 1639, 1498, 1576, 1391, 1557, 1338, 1553, 1268, 1573, 1222, 1605, 1194, 1644, 1183, 1680, 1184, 1733, 1210, 1815, 1264, 1728, 1230, 1677, 1210, 1631, 1211, 1601, 1230, 1585, 1268, 1581, 1310, 1591, 1355, 1632, 1430, 1703, 1551, 1741, 1631
]],
"image_id": n2i_-ctl_-13.czi ,
"area": 14400.0882 ,
"bbox": 1553 1183 262 485 
 
"id": 0001-1972-2175 ,
"category_id": 0,
"iscrowd": 0,
"segmentation": [[TAGDELETE
2452, 2131, 2430, 2108, 2400, 2101, 2351, 2097, 2278, 2103, 2205, 2112, 2147, 2105, 2089, 2088, 2040, 2057, 1997, 1999, 1957, 1913, 1935, 1858, 1913, 1813, 1898, 1802, 1945, 1956, 1988, 2055, 2049, 2107, 2119, 2132, 2197, 2142, 2272, 2135, 2343, 2123, 2389, 2122, 2420, 2123
]],
"image_id": n2i_-ctl_-13.czi ,
"area": 16456.3014 ,
"bbox": 1898 1802 554 340 
 
"id": 0001-0780-1806 ,
"category_id": 0,
"iscrowd": 0,
"segmentation": [[TAGDELETE
1808, 1066, 1799, 814, 1785, 554, 1785, 495, 1808, 601, 1825, 825, 1828, 938, 1823, 1033
]],
"image_id": n2i_-ctl_-13.czi ,
"area": 9350.2462 ,
"bbox": 1785 495 43 571 
 
"id": 0001-0575-1804 ,
"category_id": 0,
"iscrowd": 0,
"segmentation": [[TAGDELETE
1664, 317, 1660, 353, 1684, 402, 1715, 447, 1769, 487, 1827, 515, 1867, 541, 1899, 574, 1917, 621, 1917, 671, 1913, 726, 1913, 767, 1925, 809, 1944, 834, 1948, 817, 1940, 799, 1941, 751, 1947, 694, 1949, 646, 1945, 610, 1931, 571, 1901, 527, 1859, 495, 1777, 458, 1732, 429, 1701, 394, 1677, 355
]],
"image_id": n2i_-ctl_-13.czi ,
"area": 13665.4908 ,
"bbox": 1660 317 289 517 
 
"id": 0001-0372-1430 ,
"category_id": 0,
"iscrowd": 0,
"segmentation": [[TAGDELETE
1411, 604, 1397, 592, 1392, 571, 1374, 530, 1306, 431, 1272, 367, 1269, 304, 1288, 257, 1321, 215, 1371, 187, 1492, 151, 1592, 140, 1523, 167, 1432, 201, 1368, 222, 1337, 247, 1319, 270, 1306, 303, 1306, 344, 1324, 392, 1363, 455, 1388, 495, 1406, 550, 1409, 568
]],
"image_id": n2i_-ctl_-13.czi ,
"area": 16092.7128 ,
"bbox": 1269 140 323 464 
 
"id": 0001-0764-1352 ,
"category_id": 0,
"iscrowd": 0,
"segmentation": [[TAGDELETE
1475, 1034, 1379, 925, 1298, 838, 1260, 784, 1238, 736, 1230, 696, 1239, 627, 1255, 557, 1267, 495, 1271, 590, 1263, 649, 1262, 700, 1281, 755, 1329, 822, 1390, 891, 1433, 944, 1469, 1004, 1475, 1023
]],
"image_id": n2i_-ctl_-13.czi ,
"area": 13115.5733 ,
"bbox": 1230 495 245 539 
 
"id": 0001-0908-1337 ,
"category_id": 0,
"iscrowd": 0,
"segmentation": [[TAGDELETE
1466, 1184, 1334, 943, 1265, 806, 1239, 744, 1231, 712, 1230, 672, 1229, 635, 1224, 632, 1214, 655, 1209, 705, 1210, 749, 1232, 804, 1292, 929, 1358, 1047, 1425, 1146
]],
"image_id": n2i_-ctl_-13.czi ,
"area": 12527.7305 ,
"bbox": 1209 632 257 552 
 
