"id": 0001-2007-0186 ,
"category_id": 0,
"iscrowd": 0,
"segmentation": [[TAGDELETE
105, 1929, 84, 1961, 65, 2004, 61, 2028, 66, 2062, 85, 2094, 108, 2117, 144, 2132, 191, 2136, 237, 2124, 273, 2105, 299, 2066, 311, 2025, 306, 1980, 297, 1955, 278, 1931, 261, 1912, 220, 1879, 262, 1938, 278, 1963, 284, 1986, 283, 2013, 277, 2042, 264, 2065, 239, 2087, 217, 2099, 184, 2103, 156, 2102, 128, 2089, 99, 2063, 87, 2038, 85, 2014, 94, 1980, 103, 1952
]],
"image_id": n2i_25um_-05.czi ,
"area": 11868.9837 ,
"bbox": 61 1879 250 257 
 
"id": 0001-1864-0761 ,
"category_id": 0,
"iscrowd": 0,
"segmentation": [[TAGDELETE
1019, 1994, 959, 1914, 923, 1849, 895, 1810, 834, 1767, 748, 1736, 677, 1735, 630, 1747, 591, 1767, 565, 1780, 504, 1789, 533, 1804, 565, 1803, 611, 1787, 664, 1773, 693, 1768, 746, 1770, 810, 1794, 851, 1816, 916, 1897, 958, 1945, 999, 1983
]],
"image_id": n2i_25um_-05.czi ,
"area": 14065.3558 ,
"bbox": 504 1735 515 259 
 
"id": 0001-1804-0527 ,
"category_id": 0,
"iscrowd": 0,
"segmentation": [[TAGDELETE
172, 1696, 262, 1741, 434, 1803, 603, 1859, 747, 1894, 860, 1913, 883, 1909, 859, 1895, 740, 1859, 574, 1817, 389, 1753, 291, 1727, 223, 1716
]],
"image_id": n2i_25um_-05.czi ,
"area": 15847.847 ,
"bbox": 172 1696 711 217 
 
"id": 0001-1645-0577 ,
"category_id": 0,
"iscrowd": 0,
"segmentation": [[TAGDELETE
263, 1644, 279, 1637, 333, 1630, 421, 1626, 573, 1632, 693, 1641, 795, 1636, 892, 1643, 807, 1655, 696, 1664, 492, 1658, 347, 1651, 299, 1650
]],
"image_id": n2i_25um_-05.czi ,
"area": 11349.5714 ,
"bbox": 263 1626 629 38 
 
"id": 0001-1834-1321 ,
"category_id": 0,
"iscrowd": 0,
"segmentation": [[TAGDELETE
1649, 2023, 1517, 1937, 1369, 1837, 1244, 1766, 1100, 1691, 994, 1645, 1145, 1750, 1266, 1810, 1346, 1862, 1442, 1925, 1537, 1977, 1624, 2019
]],
"image_id": n2i_25um_-05.czi ,
"area": 15270.7222 ,
"bbox": 994 1645 655 378 
 
"id": 0001-1678-1278 ,
"category_id": 0,
"iscrowd": 0,
"segmentation": [[TAGDELETE
1552, 1674, 1482, 1662, 1436, 1659, 1380, 1661, 1269, 1683, 1217, 1686, 1164, 1681, 1102, 1653, 1057, 1643, 1005, 1638, 1149, 1705, 1198, 1719, 1252, 1715, 1349, 1697, 1425, 1689, 1505, 1686
]],
"image_id": n2i_25um_-05.czi ,
"area": 11606.8042 ,
"bbox": 1005 1638 547 81 
 
"id": 0001-1483-0428 ,
"category_id": 0,
"iscrowd": 0,
"segmentation": [[TAGDELETE
243, 1406, 320, 1418, 389, 1453, 428, 1494, 464, 1549, 501, 1576, 543, 1580, 576, 1569, 603, 1540, 613, 1493, 607, 1456, 588, 1429, 541, 1394, 528, 1386, 559, 1436, 581, 1474, 576, 1514, 556, 1537, 528, 1548, 492, 1533, 464, 1493, 421, 1440, 372, 1410, 321, 1394
]],
"image_id": n2i_25um_-05.czi ,
"area": 12952.3294 ,
"bbox": 243 1386 370 194 
 
"id": 0001-1229-0463 ,
"category_id": 0,
"iscrowd": 0,
"segmentation": [[TAGDELETE
269, 882, 353, 1025, 475, 1198, 613, 1408, 640, 1458, 657, 1537, 657, 1577, 619, 1478, 553, 1378, 509, 1325, 464, 1253, 435, 1202, 367, 1112, 307, 997, 281, 940
]],
"image_id": n2i_25um_-05.czi ,
"area": 19592.5625 ,
"bbox": 269 882 388 695 
 
"id": 0001-0751-0787 ,
"category_id": 0,
"iscrowd": 0,
"segmentation": [[TAGDELETE
976, 988, 962, 945, 923, 850, 875, 781, 780, 668, 694, 575, 648, 538, 599, 514, 681, 590, 770, 693, 849, 792, 871, 818, 893, 853, 949, 959
]],
"image_id": n2i_25um_-05.czi ,
"area": 10551.4903 ,
"bbox": 599 514 377 474 
 
"id": 0001-0178-1355 ,
"category_id": 0,
"iscrowd": 0,
"segmentation": [[TAGDELETE
1143, 31, 1167, 68, 1187, 127, 1235, 207, 1299, 263, 1353, 291, 1414, 287, 1481, 252, 1530, 213, 1542, 176, 1562, 124, 1567, 173, 1549, 232, 1502, 276, 1458, 304, 1415, 320, 1367, 325, 1311, 308, 1270, 283, 1211, 224, 1178, 171, 1155, 113, 1151, 57
]],
"image_id": n2i_25um_-05.czi ,
"area": 14989.58 ,
"bbox": 1143 31 424 294 
 
"id": 0001-0643-1558 ,
"category_id": 0,
"iscrowd": 0,
"segmentation": [[TAGDELETE
1481, 313, 1473, 353, 1453, 433, 1443, 524, 1457, 584, 1493, 639, 1533, 688, 1559, 735, 1578, 773, 1597, 831, 1618, 881, 1643, 929, 1674, 973, 1630, 852, 1606, 761, 1574, 701, 1530, 643, 1487, 573, 1481, 544, 1474, 515, 1487, 399, 1493, 340
]],
"image_id": n2i_25um_-05.czi ,
"area": 14605.3798 ,
"bbox": 1443 313 231 660 
 
"id": 0001-1475-1653 ,
"category_id": 0,
"iscrowd": 0,
"segmentation": [[TAGDELETE
1851, 1673, 1854, 1649, 1841, 1606, 1808, 1558, 1730, 1477, 1660, 1416, 1567, 1354, 1488, 1294, 1453, 1277, 1523, 1350, 1625, 1430, 1707, 1495, 1795, 1584, 1829, 1627, 1843, 1656
]],
"image_id": n2i_25um_-05.czi ,
"area": 11226.7263 ,
"bbox": 1453 1277 401 396 
 
"id": 0001-1484-1317 ,
"category_id": 0,
"iscrowd": 0,
"segmentation": [[TAGDELETE
1240, 1523, 1393, 1491, 1545, 1462, 1608, 1450, 1634, 1448, 1666, 1462, 1640, 1446, 1620, 1435, 1562, 1436, 1397, 1460, 1202, 1496, 1161, 1498, 1110, 1494, 1061, 1478, 992, 1448, 968, 1448, 984, 1466, 1058, 1507, 1094, 1524, 1125, 1530, 1170, 1534, 1212, 1530
]],
"image_id": n2i_25um_-05.czi ,
"area": 15670.5872 ,
"bbox": 968 1435 698 99 
 
