"id": 0001-0993-1452 ,
"category_id": 0,
"iscrowd": 0,
"segmentation": [[TAGDELETE
1472, 814, 1384, 947, 1359, 1003, 1373, 1125, 1464, 1173, 1594, 1175, 1435, 1195, 1359, 1173, 1314, 1102, 1311, 1009, 1359, 921, 1427, 834, 1469, 791
]],
"image_id": n2i_DMSO_-06.czi ,
"area": 16501.647 ,
"bbox": 1311 791 283 404 
 
"id": 0001-0394-1339 ,
"category_id": 0,
"iscrowd": 0,
"segmentation": [[TAGDELETE
1483, 48, 1362, 237, 1322, 398, 1297, 562, 1271, 656, 1195, 740, 1243, 723, 1303, 658, 1356, 421, 1404, 212, 1435, 164
]],
"image_id": n2i_DMSO_-06.czi ,
"area": 16832.257 ,
"bbox": 1195 48 288 692 
 
"id": 0001-0522-1273 ,
"category_id": 0,
"iscrowd": 0,
"segmentation": [[TAGDELETE
1023, 749, 1125, 746, 1235, 735, 1356, 653, 1449, 548, 1492, 449, 1503, 271, 1523, 418, 1492, 540, 1404, 684, 1263, 763, 1192, 774, 1102, 774
]],
"image_id": n2i_DMSO_-06.czi ,
"area": 20853.168 ,
"bbox": 1023 271 500 503 
 
"id": 0001-1173-1825 ,
"category_id": 0,
"iscrowd": 0,
"segmentation": [[TAGDELETE
1788, 900, 1760, 932, 1734, 1112, 1749, 1202, 1826, 1318, 1917, 1446, 1850, 1304, 1781, 1195, 1762, 1132, 1780, 940
]],
"image_id": n2i_DMSO_-06.czi ,
"area": 11116.2481 ,
"bbox": 1734 900 183 546 
 
"id": 0001-1199-1884 ,
"category_id": 0,
"iscrowd": 0,
"segmentation": [[TAGDELETE
2002, 1492, 1877, 1330, 1792, 1208, 1764, 1131, 1778, 1000, 1813, 907, 1788, 1066, 1797, 1144, 1869, 1278, 1942, 1376, 2004, 1467
]],
"image_id": n2i_DMSO_-06.czi ,
"area": 11688.4261 ,
"bbox": 1764 907 240 585 
 
"id": 0001-1096-2030 ,
"category_id": 0,
"iscrowd": 0,
"segmentation": [[TAGDELETE
2012, 1442, 1962, 1354, 1947, 1275, 1960, 1179, 2076, 922, 2146, 751, 2074, 862, 1994, 998, 1924, 1149, 1915, 1278, 1939, 1362, 1983, 1426
]],
"image_id": n2i_DMSO_-06.czi ,
"area": 18808.4972 ,
"bbox": 1915 751 231 691 
 
"id": 0001-1913-1658 ,
"category_id": 0,
"iscrowd": 0,
"segmentation": [[TAGDELETE
1403, 2056, 1480, 2017, 1701, 1915, 1771, 1881, 1914, 1771, 1827, 1864, 1758, 1915, 1576, 1996, 1444, 2050
]],
"image_id": n2i_DMSO_-06.czi ,
"area": 8520.8354 ,
"bbox": 1403 1771 511 285 
 
"id": 0001-0926-0930 ,
"category_id": 0,
"iscrowd": 0,
"segmentation": [[TAGDELETE
1069, 1169, 929, 1149, 861, 1110, 827, 1078, 799, 1015, 791, 929, 801, 786, 813, 683, 823, 781, 825, 902, 831, 995, 855, 1057, 912, 1107, 1016, 1150
]],
"image_id": n2i_DMSO_-06.czi ,
"area": 13301.0777 ,
"bbox": 791 683 278 486 
 
"id": 0001-0798-0986 ,
"category_id": 0,
"iscrowd": 0,
"segmentation": [[TAGDELETE
1128, 537, 1081, 549, 1020, 582, 959, 654, 909, 733, 887, 787, 851, 885, 844, 998, 857, 1059, 867, 965, 888, 849, 953, 719, 1015, 621, 1075, 570
]],
"image_id": n2i_DMSO_-06.czi ,
"area": 11795.6064 ,
"bbox": 844 537 284 522 
 
"id": 0001-1480-0410 ,
"category_id": 0,
"iscrowd": 0,
"segmentation": [[TAGDELETE
227, 1192, 192, 1380, 215, 1481, 295, 1632, 404, 1704, 580, 1769, 628, 1764, 457, 1683, 335, 1609, 252, 1485, 227, 1381, 237, 1255
]],
"image_id": n2i_DMSO_-06.czi ,
"area": 21299.203 ,
"bbox": 192 1192 436 577 
 
"id": 0001-0361-1024 ,
"category_id": 0,
"iscrowd": 0,
"segmentation": [[TAGDELETE
1026, 132, 980, 183, 937, 268, 937, 321, 986, 392, 1041, 439, 1089, 480, 1088, 521, 1000, 591, 1090, 541, 1109, 515, 1112, 479, 1097, 447, 1066, 420, 1005, 371, 969, 320, 972, 267, 989, 211, 1020, 159
]],
"image_id": n2i_DMSO_-06.czi ,
"area": 10783.1647 ,
"bbox": 937 132 175 459 
 
