"id": 0001-1053-0381 ,
"category_id": 0,
"iscrowd": 0,
"segmentation": [[TAGDELETE
105, 831, 221, 939, 447, 1142, 599, 1244, 657, 1276, 465, 1132, 277, 956, 171, 875
]],
"image_id": n2i_DMSO_-08.czi ,
"area": 9436.8149 ,
"bbox": 105 831 552 445 
 
"id": 0001-0921-0808 ,
"category_id": 0,
"iscrowd": 0,
"segmentation": [[TAGDELETE
533, 575, 667, 811, 769, 959, 860, 1086, 948, 1164, 1083, 1268, 980, 1166, 844, 1008, 679, 755, 561, 596
]],
"image_id": n2i_DMSO_-08.czi ,
"area": 20290.8835 ,
"bbox": 533 575 550 693 
 
"id": 0001-0498-1186 ,
"category_id": 0,
"iscrowd": 0,
"segmentation": [[TAGDELETE
1218, 799, 1179, 678, 1139, 548, 1129, 466, 1135, 362, 1179, 227, 1204, 152, 1203, 209, 1171, 354, 1158, 452, 1178, 572, 1219, 708, 1238, 801, 1243, 844, 1224, 820
]],
"image_id": n2i_DMSO_-08.czi ,
"area": 15140.4569 ,
"bbox": 1129 152 114 692 
 
"id": 0001-0511-2390 ,
"category_id": 0,
"iscrowd": 0,
"segmentation": [[TAGDELETE
2189, 185, 2324, 389, 2457, 570, 2517, 673, 2592, 838, 2470, 634, 2309, 409, 2224, 275, 2198, 223
]],
"image_id": n2i_DMSO_-08.czi ,
"area": 12094.8869 ,
"bbox": 2189 185 403 653 
 
"id": 0001-1504-1707 ,
"category_id": 0,
"iscrowd": 0,
"segmentation": [[TAGDELETE
1537, 1240, 1697, 1465, 1789, 1609, 1878, 1768, 1861, 1710, 1822, 1618, 1749, 1500, 1653, 1349, 1578, 1264
]],
"image_id": n2i_DMSO_-08.czi ,
"area": 11332.2577 ,
"bbox": 1537 1240 341 528 
 
"id": 0001-1908-2160 ,
"category_id": 0,
"iscrowd": 0,
"segmentation": [[TAGDELETE
2458, 2135, 2277, 1947, 2120, 1829, 1893, 1682, 1862, 1681, 1884, 1718, 2068, 1837, 2238, 1958, 2385, 2095
]],
"image_id": n2i_DMSO_-08.czi ,
"area": 18841.4758 ,
"bbox": 1862 1681 596 454 
 
