"id": 0001-1291-2321 ,
"category_id": 0,
"iscrowd": 0,
"segmentation": [[TAGDELETE
2571, 1043, 2484, 1170, 2210, 1410, 2071, 1540, 2164, 1416, 2317, 1269, 2472, 1136
]],
"image_id": n2i_DMSO_-04.czi ,
"area": 14546.0184 ,
"bbox": 2071 1043 500 497 
 
"id": 0001-1373-0791 ,
"category_id": 0,
"iscrowd": 0,
"segmentation": [[TAGDELETE
509, 1127, 650, 1181, 800, 1277, 952, 1441, 1074, 1619, 969, 1520, 859, 1382, 771, 1294, 647, 1221
]],
"image_id": n2i_DMSO_-04.czi ,
"area": 16287.2863 ,
"bbox": 509 1127 565 492 
 
"id": 0001-0835-0939 ,
"category_id": 0,
"iscrowd": 0,
"segmentation": [[TAGDELETE
636, 732, 941, 819, 1201, 896, 1243, 938, 1122, 898, 952, 865, 794, 822, 681, 771
]],
"image_id": n2i_DMSO_-04.czi ,
"area": 16535.45 ,
"bbox": 636 732 607 206 
 
"id": 0001-0336-0792 ,
"category_id": 0,
"iscrowd": 0,
"segmentation": [[TAGDELETE
410, 251, 867, 356, 1175, 427, 978, 345, 720, 285, 466, 246
]],
"image_id": n2i_DMSO_-04.czi ,
"area": 16997.1498 ,
"bbox": 410 246 765 181 
 
"id": 0001-1234-1795 ,
"category_id": 0,
"iscrowd": 0,
"segmentation": [[TAGDELETE
1496, 1474, 1574, 1376, 1720, 1230, 1844, 1142, 2016, 1058, 2095, 994, 2039, 1064, 1908, 1146, 1819, 1198, 1698, 1294, 1546, 1442
]],
"image_id": n2i_DMSO_-04.czi ,
"area": 16082.8192 ,
"bbox": 1496 994 599 480 
 
"id": 0001-1108-2101 ,
"category_id": 0,
"iscrowd": 0,
"segmentation": [[TAGDELETE
1857, 1327, 2000, 1215, 2129, 1083, 2306, 915, 2353, 887, 2306, 900, 2162, 1007, 1977, 1183, 1882, 1277, 1849, 1329
]],
"image_id": n2i_DMSO_-04.czi ,
"area": 14877.4529 ,
"bbox": 1849 887 504 442 
 
"id": 0001-0886-2253 ,
"category_id": 0,
"iscrowd": 0,
"segmentation": [[TAGDELETE
1926, 1073, 2000, 1017, 2213, 905, 2374, 841, 2477, 793, 2580, 700, 2521, 784, 2446, 840, 2365, 885, 2270, 919, 2120, 996, 1962, 1067
]],
"image_id": n2i_DMSO_-04.czi ,
"area": 17923.8474 ,
"bbox": 1926 700 654 373 
 
"id": 0001-1857-0663 ,
"category_id": 0,
"iscrowd": 0,
"segmentation": [[TAGDELETE
288, 1834, 558, 1780, 652, 1778, 766, 1800, 906, 1860, 1038, 1936, 918, 1904, 792, 1852, 710, 1820, 630, 1804, 498, 1826, 342, 1844
]],
"image_id": n2i_DMSO_-04.czi ,
"area": 18026.0809 ,
"bbox": 288 1778 750 158 
 
