"id": 0001-0823-2055 ,
"category_id": 0,
"iscrowd": 0,
"segmentation": [[TAGDELETE
1919, 562, 1885, 589, 1864, 623, 1855, 651, 1851, 685, 1853, 728, 1866, 765, 1880, 803, 1919, 843, 1981, 888, 2036, 920, 2099, 951, 2198, 1044, 2260, 1085, 2223, 1041, 2151, 955, 2116, 927, 2021, 877, 1921, 807, 1895, 767, 1876, 675, 1888, 621
]],
"image_id": n2i_-ctl_-09.czi ,
"area": 15250.9351 ,
"bbox": 1851 562 409 523 
 
"id": 0001-1225-2215 ,
"category_id": 0,
"iscrowd": 0,
"segmentation": [[TAGDELETE
1935, 1136, 2046, 1156, 2137, 1158, 2223, 1173, 2316, 1222, 2381, 1264, 2496, 1315, 2449, 1314, 2353, 1280, 2259, 1220, 2199, 1198, 2105, 1182, 2029, 1174, 1956, 1146
]],
"image_id": n2i_-ctl_-09.czi ,
"area": 10868.0844 ,
"bbox": 1935 1136 561 179 
 
"id": 0001-1993-1474 ,
"category_id": 0,
"iscrowd": 0,
"segmentation": [[TAGDELETE
1759, 2150, 1698, 2120, 1616, 2118, 1526, 2128, 1446, 2130, 1389, 2113, 1350, 2094, 1308, 2058, 1262, 1973, 1232, 1895, 1207, 1846, 1192, 1827, 1190, 1848, 1214, 1917, 1237, 1997, 1273, 2073, 1312, 2104, 1367, 2137, 1411, 2154, 1475, 2160, 1559, 2155, 1640, 2142, 1694, 2140
]],
"image_id": n2i_-ctl_-09.czi ,
"area": 16503.2959 ,
"bbox": 1190 1827 569 333 
 
"id": 0001-1442-0966 ,
"category_id": 0,
"iscrowd": 0,
"segmentation": [[TAGDELETE
1093, 1283, 1029, 1229, 983, 1210, 927, 1201, 874, 1222, 839, 1279, 841, 1343, 861, 1410, 899, 1476, 944, 1563, 997, 1643, 1027, 1683, 1021, 1638, 976, 1546, 920, 1451, 878, 1364, 872, 1305, 882, 1256, 921, 1232, 976, 1232, 1025, 1257, 1070, 1276
]],
"image_id": n2i_-ctl_-09.czi ,
"area": 16557.7105 ,
"bbox": 839 1201 254 482 
 
"id": 0001-1978-0472 ,
"category_id": 0,
"iscrowd": 0,
"segmentation": [[TAGDELETE
734, 2040, 644, 2068, 571, 2079, 492, 2074, 383, 2020, 300, 1965, 201, 1877, 346, 1960, 398, 1997, 467, 2032, 524, 2051, 604, 2051, 663, 2043, 744, 2031
]],
"image_id": n2i_-ctl_-09.czi ,
"area": 10745.2393 ,
"bbox": 201 1877 543 202 
 
"id": 0001-0610-1097 ,
"category_id": 0,
"iscrowd": 0,
"segmentation": [[TAGDELETE
949, 338, 954, 380, 967, 421, 1005, 477, 1056, 511, 1100, 534, 1139, 552, 1175, 584, 1194, 614, 1204, 667, 1200, 722, 1200, 762, 1203, 799, 1208, 833, 1245, 882, 1225, 819, 1226, 768, 1236, 714, 1235, 663, 1226, 611, 1200, 562, 1165, 529, 1119, 504, 1036, 462, 987, 417
]],
"image_id": n2i_-ctl_-09.czi ,
"area": 14620.2201 ,
"bbox": 949 338 296 544 
 
"id": 0001-0819-1091 ,
"category_id": 0,
"iscrowd": 0,
"segmentation": [[TAGDELETE
1071, 532, 1070, 632, 1088, 857, 1094, 1011, 1100, 1106, 1113, 1014, 1113, 873, 1096, 659, 1085, 583
]],
"image_id": n2i_-ctl_-09.czi ,
"area": 8982.5353 ,
"bbox": 1070 532 43 574 
 
"id": 0001-1051-0260 ,
"category_id": 0,
"iscrowd": 0,
"segmentation": [[TAGDELETE
259, 749, 250, 895, 255, 1027, 266, 1132, 283, 1255, 295, 1354, 256, 1240, 227, 1060, 226, 965, 228, 850, 245, 769
]],
"image_id": n2i_-ctl_-09.czi ,
"area": 11145.1044 ,
"bbox": 226 749 69 605 
 
"id": 0001-0933-0624 ,
"category_id": 0,
"iscrowd": 0,
"segmentation": [[TAGDELETE
750, 1215, 651, 1074, 563, 915, 508, 794, 498, 758, 498, 702, 510, 651, 515, 688, 519, 735, 531, 779, 570, 864, 630, 972, 701, 1114
]],
"image_id": n2i_-ctl_-09.czi ,
"area": 11504.5707 ,
"bbox": 498 651 252 564 
 
"id": 0001-0790-0640 ,
"category_id": 0,
"iscrowd": 0,
"segmentation": [[TAGDELETE
550, 521, 523, 656, 517, 721, 525, 763, 561, 826, 644, 917, 693, 967, 764, 1059, 764, 1037, 713, 953, 657, 892, 598, 824, 563, 774, 545, 728, 547, 693, 557, 569
]],
"image_id": n2i_-ctl_-09.czi ,
"area": 11811.2713 ,
"bbox": 517 521 247 538 
 
"id": 0001-0392-0720 ,
"category_id": 0,
"iscrowd": 0,
"segmentation": [[TAGDELETE
688, 623, 659, 545, 580, 427, 557, 379, 557, 324, 579, 269, 629, 223, 725, 187, 850, 162, 883, 162, 734, 213, 675, 233, 627, 265, 601, 302, 590, 344, 607, 407, 656, 484, 688, 552, 698, 614
]],
"image_id": n2i_-ctl_-09.czi ,
"area": 15224.5522 ,
"bbox": 557 162 326 461 
 
