"id": 0001-0676-2416 ,
"category_id": 0,
"iscrowd": 0,
"segmentation": [[TAGDELETE
2238, 551, 2210, 602, 2193, 684, 2224, 732, 2274, 777, 2337, 802, 2436, 800, 2537, 737, 2588, 701, 2639, 653, 2546, 698, 2436, 754, 2359, 774, 2297, 757, 2252, 720, 2232, 672, 2226, 630, 2232, 607
]],
"image_id": n2i_-ctl_-02.czi ,
"area": 14518.811 ,
"bbox": 2193 551 446 251 
 
"id": 0001-1676-1806 ,
"category_id": 0,
"iscrowd": 0,
"segmentation": [[TAGDELETE
1500, 1849, 1593, 1798, 1653, 1750, 1691, 1704, 1720, 1660, 1748, 1627, 1788, 1602, 1880, 1554, 1953, 1525, 2010, 1510, 2061, 1506, 2113, 1502, 1935, 1566, 1825, 1627, 1791, 1646, 1771, 1658, 1732, 1707, 1693, 1761, 1661, 1792, 1604, 1827, 1543, 1849, 1519, 1850
]],
"image_id": n2i_-ctl_-02.czi ,
"area": 18157.1707 ,
"bbox": 1500 1502 613 348 
 
"id": 0001-1487-0835 ,
"category_id": 0,
"iscrowd": 0,
"segmentation": [[TAGDELETE
672, 1291, 703, 1358, 706, 1427, 703, 1486, 709, 1546, 734, 1590, 767, 1627, 810, 1647, 861, 1658, 944, 1654, 1001, 1653, 939, 1675, 865, 1683, 816, 1678, 736, 1637, 688, 1583, 669, 1508, 679, 1432, 684, 1365
]],
"image_id": n2i_-ctl_-02.czi ,
"area": 12069.3285 ,
"bbox": 669 1291 332 392 
 
"id": 0001-1793-0338 ,
"category_id": 0,
"iscrowd": 0,
"segmentation": [[TAGDELETE
38, 1817, 77, 1793, 126, 1779, 172, 1778, 220, 1793, 270, 1800, 358, 1804, 469, 1794, 550, 1779, 638, 1744, 578, 1791, 486, 1827, 390, 1839, 318, 1843, 201, 1824, 156, 1810, 129, 1807, 111, 1807, 68, 1816, 56, 1815
]],
"image_id": n2i_-ctl_-02.czi ,
"area": 14654.0231 ,
"bbox": 38 1744 600 99 
 
