"id": 0001-0822-0699 ,
"category_id": 0,
"iscrowd": 0,
"segmentation": [[TAGDELETE
992, 590, 817, 642, 655, 697, 599, 728, 553, 771, 501, 844, 445, 947, 407, 1054, 464, 960, 556, 816, 615, 760, 667, 729, 880, 647, 971, 610
]],
"image_id": n2i_DMSO_-09.czi ,
"area": 16362.3125 ,
"bbox": 407 590 585 464 
 
"id": 0001-1244-0971 ,
"category_id": 0,
"iscrowd": 0,
"segmentation": [[TAGDELETE
584, 1311, 771, 1220, 854, 1195, 1018, 1180, 1263, 1178, 1348, 1182, 1359, 1203, 1123, 1216, 944, 1226, 864, 1232, 730, 1274, 635, 1302
]],
"image_id": n2i_DMSO_-09.czi ,
"area": 20877.9019 ,
"bbox": 584 1178 775 133 
 
"id": 0001-0761-1146 ,
"category_id": 0,
"iscrowd": 0,
"segmentation": [[TAGDELETE
877, 884, 976, 826, 1028, 806, 1101, 795, 1161, 780, 1273, 723, 1357, 671, 1416, 639, 1312, 735, 1216, 786, 1144, 818, 1044, 831, 929, 868
]],
"image_id": n2i_DMSO_-09.czi ,
"area": 11349.5714 ,
"bbox": 877 639 539 245 
 
"id": 0001-0788-1576 ,
"category_id": 0,
"iscrowd": 0,
"segmentation": [[TAGDELETE
1233, 887, 1330, 834, 1509, 764, 1650, 742, 1809, 723, 1920, 690, 1837, 742, 1654, 776, 1513, 804, 1340, 863
]],
"image_id": n2i_DMSO_-09.czi ,
"area": 16474.4396 ,
"bbox": 1233 690 687 197 
 
"id": 0001-0956-1730 ,
"category_id": 0,
"iscrowd": 0,
"segmentation": [[TAGDELETE
1556, 1208, 1585, 1076, 1616, 997, 1729, 869, 1841, 761, 1905, 705, 1826, 809, 1708, 933, 1645, 1009, 1608, 1084, 1573, 1185
]],
"image_id": n2i_DMSO_-09.czi ,
"area": 11256.407 ,
"bbox": 1556 705 349 503 
 
"id": 0001-0833-2102 ,
"category_id": 0,
"iscrowd": 0,
"segmentation": [[TAGDELETE
1897, 624, 1940, 754, 1978, 829, 2105, 929, 2213, 1010, 2308, 1042, 2050, 858, 2004, 813, 1950, 721, 1924, 650
]],
"image_id": n2i_DMSO_-09.czi ,
"area": 11163.2426 ,
"bbox": 1897 624 411 418 
 
"id": 0001-0206-1124 ,
"category_id": 0,
"iscrowd": 0,
"segmentation": [[TAGDELETE
830, 252, 1014, 284, 1103, 283, 1217, 249, 1323, 191, 1418, 129, 1322, 168, 1214, 211, 1141, 241, 1074, 252, 983, 251, 875, 241
]],
"image_id": n2i_DMSO_-09.czi ,
"area": 12455.1776 ,
"bbox": 830 129 588 155 
 
"id": 0001-0372-1691 ,
"category_id": 0,
"iscrowd": 0,
"segmentation": [[TAGDELETE
2034, 147, 1833, 158, 1719, 194, 1606, 250, 1523, 338, 1455, 424, 1404, 504, 1349, 597, 1500, 423, 1600, 321, 1653, 280, 1735, 230, 1821, 197, 1954, 182, 2031, 166
]],
"image_id": n2i_DMSO_-09.czi ,
"area": 23436.2137 ,
"bbox": 1349 147 685 450 
 
"id": 0001-1395-1752 ,
"category_id": 0,
"iscrowd": 0,
"segmentation": [[TAGDELETE
2141, 1436, 1939, 1368, 1812, 1352, 1731, 1350, 1632, 1376, 1563, 1399, 1493, 1412, 1371, 1424, 1363, 1436, 1401, 1436, 1495, 1440, 1571, 1430, 1692, 1395, 1773, 1387, 1860, 1387, 1955, 1408, 2076, 1435
]],
"image_id": n2i_DMSO_-09.czi ,
"area": 18353.3931 ,
"bbox": 1363 1350 778 90 
 
"id": 0001-1663-1702 ,
"category_id": 0,
"iscrowd": 0,
"segmentation": [[TAGDELETE
1908, 1888, 1759, 1734, 1616, 1523, 1540, 1462, 1497, 1439, 1559, 1503, 1623, 1587, 1719, 1740, 1792, 1804, 1871, 1876
]],
"image_id": n2i_DMSO_-09.czi ,
"area": 12872.3564 ,
"bbox": 1497 1439 411 449 
 
"id": 0001-1703-2390 ,
"category_id": 0,
"iscrowd": 0,
"segmentation": [[TAGDELETE
2089, 1788, 2215, 1684, 2334, 1639, 2439, 1619, 2503, 1621, 2590, 1643, 2651, 1669, 2691, 1694, 2614, 1680, 2530, 1659, 2449, 1652, 2394, 1660, 2285, 1683, 2180, 1740, 2099, 1784
]],
"image_id": n2i_DMSO_-09.czi ,
"area": 13485.7576 ,
"bbox": 2089 1619 602 169 
 
"id": 0001-2078-1775 ,
"category_id": 0,
"iscrowd": 0,
"segmentation": [[TAGDELETE
2146, 2147, 2025, 2057, 1938, 2009, 1881, 2001, 1786, 2013, 1712, 2041, 1664, 2075, 1534, 2119, 1465, 2134, 1404, 2155, 1466, 2153, 1533, 2145, 1608, 2131, 1700, 2086, 1756, 2055, 1848, 2029, 1897, 2029, 1938, 2047, 2058, 2106
]],
"image_id": n2i_DMSO_-09.czi ,
"area": 16379.6263 ,
"bbox": 1404 2001 742 154 
 
