"id": 0001-0424-0971 ,
"category_id": 0,
"iscrowd": 0,
"segmentation": [[TAGDELETE
1306, 339, 1246, 343, 1078, 374, 878, 428, 719, 468, 681, 483, 637, 510, 718, 492, 879, 462, 1071, 412, 1215, 379, 1271, 358
]],
"image_id": n2i_50um_-09.czi ,
"area": 15690.3744 ,
"bbox": 637 339 669 171 
 
"id": 0001-0948-0666 ,
"category_id": 0,
"iscrowd": 0,
"segmentation": [[TAGDELETE
349, 1000, 550, 933, 650, 905, 761, 897, 913, 898, 983, 902, 911, 920, 766, 926, 679, 930, 574, 960, 427, 992
]],
"image_id": n2i_50um_-09.czi ,
"area": 12296.8806 ,
"bbox": 349 897 634 103 
 
"id": 0001-1160-1010 ,
"category_id": 0,
"iscrowd": 0,
"segmentation": [[TAGDELETE
762, 1310, 997, 1177, 1107, 1098, 1190, 1045, 1254, 1010, 1259, 1025, 1114, 1126, 1017, 1194, 893, 1266
]],
"image_id": n2i_50um_-09.czi ,
"area": 10378.3528 ,
"bbox": 762 1010 497 300 
 
"id": 0001-1866-1454 ,
"category_id": 0,
"iscrowd": 0,
"segmentation": [[TAGDELETE
1672, 2071, 1655, 1966, 1625, 1894, 1605, 1866, 1572, 1831, 1497, 1777, 1405, 1725, 1311, 1682, 1236, 1661, 1376, 1739, 1476, 1794, 1544, 1839, 1588, 1887, 1619, 1951, 1649, 2063
]],
"image_id": n2i_50um_-09.czi ,
"area": 12113.0251 ,
"bbox": 1236 1661 436 410 
 
"id": 0001-1797-1094 ,
"category_id": 0,
"iscrowd": 0,
"segmentation": [[TAGDELETE
749, 1743, 813, 1743, 903, 1742, 967, 1755, 1043, 1773, 1103, 1789, 1156, 1797, 1201, 1797, 1251, 1799, 1320, 1817, 1384, 1837, 1440, 1853, 1352, 1845, 1285, 1830, 1191, 1826, 1111, 1821, 1024, 1803, 951, 1781, 845, 1770, 777, 1758
]],
"image_id": n2i_50um_-09.czi ,
"area": 14148.6267 ,
"bbox": 749 1742 691 111 
 
"id": 0001-0480-2187 ,
"category_id": 0,
"iscrowd": 0,
"segmentation": [[TAGDELETE
2168, 193, 2192, 316, 2216, 447, 2218, 496, 2213, 533, 2193, 588, 2165, 651, 2140, 705, 2125, 767, 2189, 649, 2226, 579, 2242, 529, 2250, 475, 2245, 419, 2226, 347, 2200, 251
]],
"image_id": n2i_50um_-09.czi ,
"area": 11219.3061 ,
"bbox": 2125 193 125 574 
 
"id": 0001-0609-1990 ,
"category_id": 0,
"iscrowd": 0,
"segmentation": [[TAGDELETE
1909, 319, 1981, 333, 2061, 367, 2108, 412, 2130, 471, 2130, 535, 2112, 637, 2073, 695, 2028, 757, 1960, 812, 1850, 900, 1908, 832, 1992, 748, 2042, 683, 2088, 581, 2100, 528, 2100, 480, 2085, 428, 2053, 395, 2002, 364, 1929, 336
]],
"image_id": n2i_50um_-09.czi ,
"area": 16909.7566 ,
"bbox": 1850 319 280 581 
 
"id": 0001-0539-2524 ,
"category_id": 0,
"iscrowd": 0,
"segmentation": [[TAGDELETE
2433, 331, 2486, 336, 2541, 356, 2577, 373, 2605, 400, 2618, 449, 2620, 484, 2612, 512, 2586, 556, 2566, 584, 2516, 611, 2496, 627, 2488, 647, 2488, 669, 2488, 697, 2472, 723, 2429, 747, 2465, 713, 2468, 697, 2466, 668, 2462, 645, 2470, 624, 2490, 596, 2516, 579, 2546, 557, 2568, 540, 2581, 515, 2585, 485, 2590, 460, 2586, 433, 2568, 409, 2534, 383, 2489, 360, 2462, 348
]],
"image_id": n2i_50um_-09.czi ,
"area": 11662.0433 ,
"bbox": 2429 331 191 416 
 
"id": 0001-0506-1646 ,
"category_id": 0,
"iscrowd": 0,
"segmentation": [[TAGDELETE
1382, 755, 1559, 648, 1594, 615, 1706, 553, 1846, 403, 1894, 343, 1911, 287, 1900, 257, 1879, 311, 1858, 348, 1722, 481, 1684, 525, 1542, 620, 1431, 711
]],
"image_id": n2i_50um_-09.czi ,
"area": 16003.6707 ,
"bbox": 1382 257 529 498 
 
