"id": 0001-0372-1108 ,
"category_id": 0,
"iscrowd": 0,
"segmentation": [[TAGDELETE
1089, 729, 1105, 683, 1135, 640, 1156, 555, 1157, 484, 1145, 432, 1128, 348, 1084, 244, 1068, 167, 1060, 123, 1047, 65, 1023, 16, 1068, 95, 1104, 188, 1159, 344, 1183, 428, 1193, 511, 1187, 569, 1173, 624, 1141, 673, 1108, 716
]],
"image_id": n2i_25um_-03.czi ,
"area": 16812.4699 ,
"bbox": 1023 16 170 713 
 
"id": 0001-1056-0723 ,
"category_id": 0,
"iscrowd": 0,
"segmentation": [[TAGDELETE
612, 776, 663, 821, 680, 856, 688, 886, 695, 925, 714, 962, 772, 1008, 807, 1045, 824, 1082, 834, 1144, 827, 1221, 796, 1337, 802, 1248, 808, 1194, 803, 1128, 790, 1089, 767, 1044, 735, 1017, 694, 978, 666, 940, 658, 908, 654, 861, 646, 834, 624, 809
]],
"image_id": n2i_25um_-03.czi ,
"area": 12474.1403 ,
"bbox": 612 776 222 561 
 
"id": 0001-0983-1488 ,
"category_id": 0,
"iscrowd": 0,
"segmentation": [[TAGDELETE
1320, 882, 1362, 945, 1384, 988, 1396, 1046, 1418, 1093, 1460, 1133, 1518, 1150, 1587, 1128, 1631, 1085, 1656, 1017, 1647, 926, 1636, 894, 1626, 861, 1612, 829, 1598, 816, 1608, 882, 1620, 934, 1624, 993, 1611, 1048, 1594, 1073, 1567, 1093, 1534, 1104, 1503, 1105, 1474, 1101, 1450, 1084, 1430, 1053, 1420, 1030, 1410, 982, 1376, 933, 1344, 913
]],
"image_id": n2i_25um_-03.czi ,
"area": 16090.2394 ,
"bbox": 1320 816 336 334 
 
"id": 0001-1657-0455 ,
"category_id": 0,
"iscrowd": 0,
"segmentation": [[TAGDELETE
237, 1740, 269, 1716, 304, 1681, 337, 1629, 381, 1588, 443, 1547, 501, 1535, 559, 1536, 601, 1555, 643, 1587, 657, 1628, 664, 1673, 656, 1713, 673, 1780, 641, 1703, 632, 1648, 612, 1609, 569, 1581, 516, 1567, 456, 1577, 395, 1617, 351, 1660, 308, 1715, 271, 1740
]],
"image_id": n2i_25um_-03.czi ,
"area": 14832.9318 ,
"bbox": 237 1535 436 245 
 
"id": 0001-1876-0857 ,
"category_id": 0,
"iscrowd": 0,
"segmentation": [[TAGDELETE
1145, 1737, 1077, 1797, 937, 1871, 876, 1900, 811, 1949, 763, 1991, 713, 2005, 668, 2015, 569, 1991, 579, 1979, 624, 1975, 656, 1981, 720, 1971, 756, 1953, 843, 1885, 977, 1816, 1072, 1775, 1104, 1760
]],
"image_id": n2i_25um_-03.czi ,
"area": 14251.6847 ,
"bbox": 569 1737 576 278 
 
"id": 0001-0778-0237 ,
"category_id": 0,
"iscrowd": 0,
"segmentation": [[TAGDELETE
85, 522, 85, 585, 95, 639, 111, 683, 143, 733, 223, 835, 288, 909, 331, 946, 351, 973, 366, 1010, 390, 1035, 379, 1003, 369, 981, 363, 957, 348, 931, 328, 907, 287, 865, 245, 819, 214, 774, 170, 725, 140, 687, 115, 638, 92, 572
]],
"image_id": n2i_25um_-03.czi ,
"area": 10643.8302 ,
"bbox": 85 522 305 513 
 
"id": 0001-1598-1182 ,
"category_id": 0,
"iscrowd": 0,
"segmentation": [[TAGDELETE
1351, 1898, 1351, 1806, 1343, 1697, 1333, 1629, 1315, 1577, 1269, 1493, 1161, 1387, 1102, 1345, 1050, 1314, 1013, 1279, 1083, 1361, 1142, 1415, 1209, 1487, 1255, 1546, 1279, 1586, 1305, 1659, 1323, 1798, 1337, 1895, 1345, 1917
]],
"image_id": n2i_25um_-03.czi ,
"area": 17614.6734 ,
"bbox": 1013 1279 338 638 
 
