"id": 0001-0496-1481 ,
"category_id": 0,
"iscrowd": 0,
"segmentation": [[TAGDELETE
1160, 496, 1259, 476, 1472, 469, 1623, 484, 1802, 517, 1652, 524, 1480, 507, 1304, 500, 1199, 501
]],
"image_id": n2i_-ctl_-04.czi ,
"area": 14060.4091 ,
"bbox": 1160 469 642 55 
 
"id": 0001-0709-1764 ,
"category_id": 0,
"iscrowd": 0,
"segmentation": [[TAGDELETE
1494, 769, 1538, 715, 1618, 662, 1706, 651, 1892, 670, 1936, 670, 1994, 655, 2034, 650, 1983, 679, 1919, 694, 1736, 682, 1678, 679, 1620, 690, 1562, 718, 1524, 747
]],
"image_id": n2i_-ctl_-04.czi ,
"area": 9852.3448 ,
"bbox": 1494 650 540 119 
 
"id": 0001-1200-2005 ,
"category_id": 0,
"iscrowd": 0,
"segmentation": [[TAGDELETE
2226, 978, 2097, 965, 2057, 969, 1972, 996, 1913, 1029, 1860, 1076, 1812, 1136, 1790, 1209, 1785, 1262, 1785, 1342, 1801, 1436, 1816, 1348, 1820, 1242, 1838, 1170, 1869, 1120, 1924, 1062, 1993, 1024, 2054, 1004, 2125, 990, 2164, 990
]],
"image_id": n2i_-ctl_-04.czi ,
"area": 17824.9117 ,
"bbox": 1785 965 441 471 
 
"id": 0001-1062-1021 ,
"category_id": 0,
"iscrowd": 0,
"segmentation": [[TAGDELETE
834, 844, 829, 876, 840, 971, 881, 1058, 941, 1146, 1020, 1202, 1104, 1244, 1213, 1280, 1060, 1186, 972, 1122, 914, 1055, 872, 972, 846, 891
]],
"image_id": n2i_-ctl_-04.czi ,
"area": 13255.7322 ,
"bbox": 829 844 384 436 
 
"id": 0001-1530-1478 ,
"category_id": 0,
"iscrowd": 0,
"segmentation": [[TAGDELETE
1695, 1365, 1658, 1409, 1627, 1431, 1579, 1441, 1533, 1450, 1466, 1491, 1359, 1574, 1261, 1695, 1367, 1598, 1469, 1527, 1534, 1475, 1611, 1462, 1655, 1437, 1679, 1411, 1687, 1394
]],
"image_id": n2i_-ctl_-04.czi ,
"area": 9325.5123 ,
"bbox": 1261 1365 434 330 
 
"id": 0001-2014-1889 ,
"category_id": 0,
"iscrowd": 0,
"segmentation": [[TAGDELETE
1653, 2185, 1695, 2049, 1723, 1977, 1755, 1929, 1830, 1878, 1898, 1854, 1982, 1846, 2059, 1843, 2126, 1847, 2041, 1870, 1947, 1878, 1871, 1891, 1818, 1923, 1775, 1951, 1751, 1989, 1715, 2049, 1694, 2102
]],
"image_id": n2i_-ctl_-04.czi ,
"area": 12107.2538 ,
"bbox": 1653 1843 473 342 
 
