"id": 0001-0346-2277 ,
"category_id": 0,
"iscrowd": 0,
"segmentation": [[TAGDELETE
2124, 84, 2203, 173, 2270, 244, 2311, 323, 2348, 400, 2375, 461, 2400, 543, 2431, 609, 2410, 509, 2385, 425, 2359, 352, 2306, 249, 2245, 175, 2172, 107, 2148, 85
]],
"image_id": n2i_50um_-12.czi ,
"area": 11665.3411 ,
"bbox": 2124 84 307 525 
 
"id": 0001-0693-1752 ,
"category_id": 0,
"iscrowd": 0,
"segmentation": [[TAGDELETE
1514, 505, 1561, 550, 1680, 615, 1755, 662, 1821, 716, 1902, 797, 1990, 881, 1868, 728, 1834, 690, 1781, 648, 1713, 602, 1607, 546, 1548, 516
]],
"image_id": n2i_50um_-12.czi ,
"area": 10548.1924 ,
"bbox": 1514 505 476 376 
 
"id": 0001-0825-1306 ,
"category_id": 0,
"iscrowd": 0,
"segmentation": [[TAGDELETE
1618, 913, 1567, 863, 1451, 781, 1364, 745, 1299, 737, 1195, 748, 1140, 757, 995, 829, 1126, 789, 1180, 773, 1284, 767, 1338, 771, 1419, 801, 1511, 853, 1591, 908
]],
"image_id": n2i_50um_-12.czi ,
"area": 12986.1325 ,
"bbox": 995 737 623 176 
 
"id": 0001-1043-0858 ,
"category_id": 0,
"iscrowd": 0,
"segmentation": [[TAGDELETE
958, 1268, 915, 1253, 891, 1247, 804, 1156, 788, 1123, 790, 1071, 864, 915, 871, 875, 859, 811, 855, 871, 840, 916, 786, 1004, 763, 1060, 758, 1099, 767, 1148, 835, 1227, 874, 1259, 907, 1275, 930, 1275
]],
"image_id": n2i_50um_-12.czi ,
"area": 10873.0312 ,
"bbox": 758 811 200 464 
 
"id": 0001-1873-1258 ,
"category_id": 0,
"iscrowd": 0,
"segmentation": [[TAGDELETE
1503, 1888, 1411, 1836, 1338, 1804, 1300, 1794, 1247, 1790, 1205, 1793, 1159, 1803, 1120, 1826, 1086, 1856, 1063, 1881, 1033, 1917, 1013, 1956, 1077, 1888, 1122, 1852, 1173, 1826, 1235, 1814, 1296, 1817, 1350, 1835, 1406, 1860, 1456, 1881, 1483, 1886
]],
"image_id": n2i_50um_-12.czi ,
"area": 9248.8372 ,
"bbox": 1013 1790 490 166 
 
