"id": 0001-1126-0541 ,
"category_id": 0,
"iscrowd": 0,
"segmentation": [[TAGDELETE
760, 1057, 708, 1009, 665, 991, 614, 983, 563, 983, 505, 997, 455, 1024, 417, 1065, 374, 1122, 349, 1189, 331, 1233, 323, 1269, 350, 1233, 396, 1137, 439, 1080, 481, 1036, 518, 1020, 580, 1009, 647, 1009, 700, 1022
]],
"image_id": n2i_-ctl_-12.czi ,
"area": 10371.7571 ,
"bbox": 323 983 437 286 
 
"id": 0001-1546-1011 ,
"category_id": 0,
"iscrowd": 0,
"segmentation": [[TAGDELETE
965, 1286, 908, 1382, 894, 1440, 896, 1499, 908, 1580, 928, 1632, 983, 1708, 1077, 1774, 1129, 1807, 1008, 1683, 956, 1619, 936, 1568, 923, 1509, 920, 1457, 930, 1390, 967, 1318
]],
"image_id": n2i_-ctl_-12.czi ,
"area": 12169.0886 ,
"bbox": 894 1286 235 521 
 
"id": 0001-0862-1437 ,
"category_id": 0,
"iscrowd": 0,
"segmentation": [[TAGDELETE
1308, 910, 1314, 879, 1308, 850, 1296, 810, 1302, 781, 1310, 754, 1343, 719, 1397, 703, 1474, 715, 1534, 772, 1565, 817, 1579, 866, 1562, 1022, 1548, 956, 1543, 901, 1540, 861, 1504, 789, 1471, 758, 1434, 742, 1398, 741, 1362, 752, 1336, 779, 1327, 812, 1334, 867, 1327, 896
]],
"image_id": n2i_-ctl_-12.czi ,
"area": 15491.6786 ,
"bbox": 1296 703 283 319 
 
"id": 0001-1003-2378 ,
"category_id": 0,
"iscrowd": 0,
"segmentation": [[TAGDELETE
2157, 1191, 2156, 1079, 2162, 985, 2198, 893, 2257, 837, 2331, 815, 2412, 830, 2492, 874, 2561, 921, 2600, 953, 2448, 878, 2412, 861, 2359, 852, 2317, 852, 2275, 864, 2241, 891, 2211, 935, 2198, 993, 2188, 1087
]],
"image_id": n2i_-ctl_-12.czi ,
"area": 15552.6889 ,
"bbox": 2156 815 444 376 
 
"id": 0001-0398-2086 ,
"category_id": 0,
"iscrowd": 0,
"segmentation": [[TAGDELETE
2028, 689, 2094, 641, 2131, 607, 2144, 557, 2135, 507, 2102, 373, 2096, 323, 2104, 268, 2123, 108, 2095, 181, 2071, 308, 2070, 355, 2086, 436, 2115, 523, 2116, 579, 2094, 617, 2048, 660
]],
"image_id": n2i_-ctl_-12.czi ,
"area": 11205.2902 ,
"bbox": 2028 108 116 581 
 
"id": 0001-0472-0846 ,
"category_id": 0,
"iscrowd": 0,
"segmentation": [[TAGDELETE
628, 335, 705, 319, 783, 306, 856, 309, 937, 334, 990, 382, 1029, 428, 1057, 494, 1065, 533, 1053, 639, 1039, 524, 1028, 485, 1010, 448, 975, 406, 935, 370, 891, 343, 851, 331, 650, 345
]],
"image_id": n2i_-ctl_-12.czi ,
"area": 11822.8138 ,
"bbox": 628 306 437 333 
 
"id": 0001-0623-0916 ,
"category_id": 0,
"iscrowd": 0,
"segmentation": [[TAGDELETE
1025, 914, 1020, 701, 994, 559, 970, 489, 931, 423, 886, 378, 820, 341, 808, 333, 831, 365, 890, 417, 929, 471, 954, 537, 972, 613, 991, 738, 1000, 815
]],
"image_id": n2i_-ctl_-12.czi ,
"area": 13396.7155 ,
"bbox": 808 333 217 581 
 
"id": 0001-0660-0893 ,
"category_id": 0,
"iscrowd": 0,
"segmentation": [[TAGDELETE
1021, 975, 982, 829, 946, 697, 942, 614, 926, 509, 913, 457, 886, 414, 852, 379, 797, 350, 765, 345, 832, 391, 870, 446, 901, 535, 909, 603, 913, 697, 933, 805, 980, 906, 1006, 962
]],
"image_id": n2i_-ctl_-12.czi ,
"area": 16507.4182 ,
"bbox": 765 345 256 630 
 
