"id": 0001-0542-0923 ,
"category_id": 0,
"iscrowd": 0,
"segmentation": [[TAGDELETE
1117, 233, 1049, 304, 946, 460, 845, 589, 772, 680, 746, 735, 730, 789, 736, 833, 742, 852, 758, 777, 812, 693, 889, 600, 1016, 419, 1084, 296
]],
"image_id": n2i_-ctl_-10.czi ,
"area": 18703.7903 ,
"bbox": 730 233 387 619 
 
"id": 0001-0483-1094 ,
"category_id": 0,
"iscrowd": 0,
"segmentation": [[TAGDELETE
886, 667, 1026, 705, 1096, 707, 1200, 672, 1257, 627, 1297, 569, 1302, 511, 1293, 461, 1272, 387, 1245, 309, 1221, 260, 1230, 367, 1258, 493, 1262, 533, 1242, 592, 1213, 619, 1144, 659, 1045, 671, 922, 664
]],
"image_id": n2i_-ctl_-10.czi ,
"area": 19313.0692 ,
"bbox": 886 260 416 447 
 
"id": 0001-0963-0351 ,
"category_id": 0,
"iscrowd": 0,
"segmentation": [[TAGDELETE
185, 699, 229, 809, 305, 909, 404, 1037, 453, 1105, 477, 1150, 502, 1188, 518, 1228, 496, 1147, 455, 1044, 379, 948, 296, 837, 233, 748, 208, 712
]],
"image_id": n2i_-ctl_-10.czi ,
"area": 14560.8587 ,
"bbox": 185 699 333 529 
 
"id": 0001-1522-1327 ,
"category_id": 0,
"iscrowd": 0,
"segmentation": [[TAGDELETE
1055, 1401, 1100, 1416, 1120, 1437, 1146, 1449, 1184, 1459, 1230, 1484, 1298, 1540, 1359, 1581, 1444, 1607, 1543, 1625, 1600, 1637, 1542, 1644, 1460, 1643, 1406, 1635, 1326, 1604, 1251, 1556, 1211, 1523, 1176, 1500, 1134, 1480, 1078, 1432
]],
"image_id": n2i_-ctl_-10.czi ,
"area": 15540.3219 ,
"bbox": 1055 1401 545 243 
 
"id": 0001-1978-1276 ,
"category_id": 0,
"iscrowd": 0,
"segmentation": [[TAGDELETE
1563, 2141, 1499, 2114, 1186, 1944, 1098, 1892, 989, 1815, 1273, 1956, 1389, 2014, 1476, 2062, 1532, 2110
]],
"image_id": n2i_-ctl_-10.czi ,
"area": 13449.4812 ,
"bbox": 989 1815 574 326 
 
"id": 0001-0908-2243 ,
"category_id": 0,
"iscrowd": 0,
"segmentation": [[TAGDELETE
1967, 763, 2063, 895, 2141, 974, 2231, 1026, 2281, 1048, 2351, 1054, 2442, 1050, 2520, 1039, 2450, 1028, 2343, 1024, 2278, 1012, 2192, 967, 2114, 911, 2045, 839
]],
"image_id": n2i_-ctl_-10.czi ,
"area": 12867.4096 ,
"bbox": 1967 763 553 291 
 
