"id": 0001-0488-1215 ,
"category_id": 0,
"iscrowd": 0,
"segmentation": [[TAGDELETE
911, 550, 992, 505, 1127, 451, 1196, 433, 1267, 426, 1336, 435, 1416, 461, 1466, 479, 1520, 503, 1447, 495, 1363, 474, 1300, 462, 1232, 459, 1168, 466, 1092, 491, 996, 526, 954, 538
]],
"image_id": n2i_50um_-03.czi ,
"area": 12061.9083 ,
"bbox": 911 426 609 124 
 
"id": 0001-1054-1321 ,
"category_id": 0,
"iscrowd": 0,
"segmentation": [[TAGDELETE
1048, 1115, 1128, 1045, 1198, 993, 1296, 947, 1407, 925, 1486, 925, 1550, 952, 1580, 993, 1594, 1039, 1582, 1088, 1547, 1135, 1496, 1164, 1448, 1184, 1508, 1141, 1536, 1109, 1555, 1068, 1555, 1033, 1539, 997, 1494, 973, 1411, 972, 1304, 992, 1232, 1020, 1108, 1096, 1058, 1123
]],
"image_id": n2i_50um_-03.czi ,
"area": 23194.6457 ,
"bbox": 1048 925 546 259 
 
"id": 0001-0919-1748 ,
"category_id": 0,
"iscrowd": 0,
"segmentation": [[TAGDELETE
1672, 627, 1747, 772, 1792, 865, 1792, 925, 1770, 1033, 1742, 1109, 1731, 1160, 1731, 1211, 1770, 1111, 1816, 977, 1824, 927, 1823, 885, 1808, 833, 1794, 801, 1762, 747, 1730, 693
]],
"image_id": n2i_50um_-03.czi ,
"area": 12273.7956 ,
"bbox": 1672 627 152 584 
 
"id": 0001-0881-1822 ,
"category_id": 0,
"iscrowd": 0,
"segmentation": [[TAGDELETE
1760, 619, 1799, 716, 1848, 829, 1864, 916, 1850, 1000, 1827, 1143, 1864, 1024, 1884, 927, 1878, 841, 1856, 768, 1822, 707, 1784, 651
]],
"image_id": n2i_50um_-03.czi ,
"area": 8465.5964 ,
"bbox": 1760 619 124 524 
 
"id": 0001-0678-2245 ,
"category_id": 0,
"iscrowd": 0,
"segmentation": [[TAGDELETE
2104, 376, 2252, 419, 2337, 468, 2385, 543, 2394, 620, 2376, 691, 2341, 753, 2310, 807, 2254, 863, 2202, 903, 2096, 980, 2225, 831, 2305, 723, 2326, 675, 2340, 607, 2340, 553, 2322, 511, 2254, 471, 2133, 408
]],
"image_id": n2i_50um_-03.czi ,
"area": 26888.2444 ,
"bbox": 2096 376 298 604 
 
"id": 0001-1785-1478 ,
"category_id": 0,
"iscrowd": 0,
"segmentation": [[TAGDELETE
1384, 1718, 1456, 1699, 1542, 1677, 1588, 1681, 1628, 1705, 1638, 1731, 1636, 1765, 1614, 1799, 1591, 1824, 1563, 1841, 1530, 1859, 1484, 1875, 1438, 1886, 1398, 1887, 1362, 1887, 1342, 1891, 1319, 1893, 1350, 1882, 1373, 1867, 1404, 1860, 1456, 1846, 1499, 1833, 1526, 1822, 1554, 1805, 1582, 1783, 1597, 1765, 1606, 1739, 1603, 1721, 1588, 1711, 1564, 1709, 1527, 1715, 1493, 1719, 1456, 1725, 1415, 1727, 1392, 1723
]],
"image_id": n2i_50um_-03.czi ,
"area": 14445.4337 ,
"bbox": 1319 1677 319 216 
 
