"id": 0001-0299-1340 ,
"category_id": 0,
"iscrowd": 0,
"segmentation": [[TAGDELETE
1186, 343, 1392, 298, 1468, 275, 1503, 253, 1540, 240, 1575, 232, 1621, 236, 1637, 243, 1594, 249, 1564, 253, 1531, 270, 1507, 284, 1477, 300, 1439, 317, 1318, 343, 1175, 366, 1119, 366, 1043, 359, 1112, 360
]],
"image_id": n2i_25um_-14.czi ,
"area": 10478.113 ,
"bbox": 1043 232 594 134 
 
"id": 0001-0811-0384 ,
"category_id": 0,
"iscrowd": 0,
"segmentation": [[TAGDELETE
167, 703, 229, 801, 297, 869, 366, 907, 431, 920, 493, 915, 541, 894, 579, 854, 587, 829, 601, 761, 599, 743, 584, 760, 571, 801, 553, 833, 528, 859, 497, 877, 451, 884, 403, 880, 363, 868, 293, 827, 259, 802, 213, 753, 188, 723
]],
"image_id": n2i_25um_-14.czi ,
"area": 12939.9625 ,
"bbox": 167 703 434 217 
 
"id": 0001-1342-1441 ,
"category_id": 0,
"iscrowd": 0,
"segmentation": [[TAGDELETE
1188, 1525, 1265, 1487, 1323, 1433, 1383, 1373, 1492, 1285, 1604, 1209, 1660, 1163, 1701, 1148, 1705, 1157, 1636, 1221, 1552, 1284, 1407, 1394, 1311, 1482, 1277, 1501, 1178, 1537
]],
"image_id": n2i_25um_-14.czi ,
"area": 14391.8436 ,
"bbox": 1178 1148 527 389 
 
"id": 0001-1760-0248 ,
"category_id": 0,
"iscrowd": 0,
"segmentation": [[TAGDELETE
111, 1503, 145, 1549, 165, 1600, 200, 1647, 276, 1727, 334, 1785, 362, 1845, 365, 1897, 355, 1936, 350, 1971, 337, 2018, 369, 1945, 382, 1905, 386, 1873, 380, 1838, 370, 1801, 356, 1774, 332, 1742, 275, 1681, 208, 1611, 178, 1572, 147, 1531, 131, 1515
]],
"image_id": n2i_25um_-14.czi ,
"area": 10735.3457 ,
"bbox": 111 1503 275 515 
 
