"id": 0001-1294-0588 ,
"category_id": 0,
"iscrowd": 0,
"segmentation": [[TAGDELETE
380, 1433, 408, 1336, 477, 1229, 537, 1176, 616, 1155, 691, 1161, 757, 1181, 797, 1220, 744, 1193, 651, 1181, 548, 1205, 488, 1259, 420, 1363, 397, 1423
]],
"image_id": n2i_-ctl_-07.czi ,
"area": 10682.58 ,
"bbox": 380 1155 417 278 
 
"id": 0001-1720-1066 ,
"category_id": 0,
"iscrowd": 0,
"segmentation": [[TAGDELETE
1024, 1457, 963, 1557, 948, 1645, 965, 1762, 1004, 1842, 1055, 1891, 1133, 1947, 1184, 1983, 1080, 1881, 1028, 1830, 1000, 1779, 979, 1695, 975, 1631, 983, 1585, 999, 1531, 1021, 1482
]],
"image_id": n2i_-ctl_-07.czi ,
"area": 10436.0653 ,
"bbox": 948 1457 236 526 
 
"id": 0001-1041-1490 ,
"category_id": 0,
"iscrowd": 0,
"segmentation": [[TAGDELETE
1619, 1207, 1632, 1035, 1594, 953, 1556, 918, 1488, 880, 1447, 875, 1398, 892, 1363, 931, 1348, 967, 1362, 1021, 1366, 1067, 1365, 1109, 1387, 1044, 1381, 1007, 1381, 970, 1400, 932, 1439, 913, 1485, 912, 1532, 940, 1575, 986, 1593, 1050, 1598, 1116, 1611, 1183
]],
"image_id": n2i_-ctl_-07.czi ,
"area": 15201.4672 ,
"bbox": 1348 875 284 332 
 
"id": 0001-1170-2428 ,
"category_id": 0,
"iscrowd": 0,
"segmentation": [[TAGDELETE
2214, 1348, 2228, 1322, 2246, 1203, 2264, 1122, 2299, 1058, 2342, 1029, 2396, 1022, 2451, 1030, 2562, 1082, 2648, 1122, 2537, 1037, 2476, 1005, 2428, 996, 2382, 992, 2345, 1002, 2300, 1020, 2259, 1058, 2235, 1098, 2216, 1174, 2209, 1266
]],
"image_id": n2i_-ctl_-07.czi ,
"area": 15546.0932 ,
"bbox": 2209 992 439 356 
 
"id": 0001-0578-2138 ,
"category_id": 0,
"iscrowd": 0,
"segmentation": [[TAGDELETE
2179, 290, 2160, 388, 2153, 493, 2162, 584, 2190, 681, 2197, 735, 2179, 785, 2151, 814, 2080, 866, 2121, 810, 2152, 785, 2167, 755, 2165, 713, 2140, 616, 2126, 554, 2122, 492, 2134, 406, 2153, 345
]],
"image_id": n2i_-ctl_-07.czi ,
"area": 12098.1847 ,
"bbox": 2080 290 117 576 
 
"id": 0001-0793-0970 ,
"category_id": 0,
"iscrowd": 0,
"segmentation": [[TAGDELETE
1086, 1080, 1055, 1009, 1041, 896, 1016, 742, 980, 642, 925, 574, 887, 536, 854, 507, 899, 523, 965, 573, 1025, 669, 1056, 785, 1072, 872, 1074, 970, 1072, 1007
]],
"image_id": n2i_-ctl_-07.czi ,
"area": 13151.0253 ,
"bbox": 854 507 232 573 
 
"id": 0001-0853-0963 ,
"category_id": 0,
"iscrowd": 0,
"segmentation": [[TAGDELETE
846, 529, 899, 587, 930, 638, 952, 724, 961, 791, 965, 849, 977, 932, 1080, 1177, 1052, 1060, 1012, 932, 995, 851, 991, 747, 966, 640, 952, 609, 919, 564, 878, 538
]],
"image_id": n2i_-ctl_-07.czi ,
"area": 15114.8985 ,
"bbox": 846 529 234 648 
 
"id": 0001-0644-0901 ,
"category_id": 0,
"iscrowd": 0,
"segmentation": [[TAGDELETE
1108, 809, 1114, 720, 1097, 634, 1055, 564, 998, 516, 930, 482, 881, 480, 794, 486, 689, 510, 708, 518, 792, 514, 892, 510, 921, 513, 987, 546, 1033, 586, 1076, 647, 1095, 703, 1106, 793
]],
"image_id": n2i_-ctl_-07.czi ,
"area": 12061.0839 ,
"bbox": 689 480 425 329 
 
