"id": 0001-0617-0474 ,
"category_id": 0,
"iscrowd": 0,
"segmentation": [[TAGDELETE
511, 259, 507, 260, 447, 368, 425, 462, 427, 570, 472, 702, 491, 770, 479, 875, 469, 975, 521, 799, 523, 727, 505, 678, 472, 570, 463, 508, 477, 395, 492, 326
]],
"image_id": n2i_-ctl_-11.czi ,
"area": 18427.5949 ,
"bbox": 425 259 98 716 
 
"id": 0001-0435-0774 ,
"category_id": 0,
"iscrowd": 0,
"segmentation": [[TAGDELETE
679, 112, 677, 207, 693, 290, 743, 404, 781, 551, 809, 654, 859, 740, 871, 759, 845, 647, 825, 543, 788, 446, 749, 339, 720, 270
]],
"image_id": n2i_-ctl_-11.czi ,
"area": 16012.7398 ,
"bbox": 677 112 194 647 
 
"id": 0001-1516-0646 ,
"category_id": 0,
"iscrowd": 0,
"segmentation": [[TAGDELETE
945, 1638, 847, 1559, 749, 1478, 640, 1423, 553, 1408, 348, 1395, 423, 1427, 492, 1442, 573, 1442, 719, 1506, 767, 1534, 893, 1622
]],
"image_id": n2i_-ctl_-11.czi ,
"area": 15940.187 ,
"bbox": 348 1395 597 243 
 
"id": 0001-1689-1203 ,
"category_id": 0,
"iscrowd": 0,
"segmentation": [[TAGDELETE
1348, 1357, 1179, 1569, 1131, 1665, 1102, 1735, 1074, 1838, 1064, 1937, 1055, 2021, 1115, 1829, 1142, 1722, 1200, 1618, 1275, 1506, 1352, 1394
]],
"image_id": n2i_-ctl_-11.czi ,
"area": 18736.7689 ,
"bbox": 1055 1357 297 664 
 
"id": 0001-1323-0417 ,
"category_id": 0,
"iscrowd": 0,
"segmentation": [[TAGDELETE
564, 1126, 410, 1201, 329, 1250, 276, 1298, 248, 1353, 235, 1403, 221, 1468, 208, 1544, 257, 1431, 280, 1359, 301, 1315, 348, 1270, 437, 1216, 524, 1174, 626, 1103, 573, 1123
]],
"image_id": n2i_-ctl_-11.czi ,
"area": 12149.3015 ,
"bbox": 208 1103 418 441 
 
"id": 0001-0547-1334 ,
"category_id": 0,
"iscrowd": 0,
"segmentation": [[TAGDELETE
1161, 312, 1252, 367, 1334, 425, 1438, 544, 1497, 700, 1508, 782, 1465, 698, 1421, 594, 1364, 505, 1293, 434, 1196, 348
]],
"image_id": n2i_-ctl_-11.czi ,
"area": 12976.2389 ,
"bbox": 1161 312 347 470 
 
"id": 0001-0980-2094 ,
"category_id": 0,
"iscrowd": 0,
"segmentation": [[TAGDELETE
1853, 828, 1880, 906, 1924, 953, 2015, 1005, 2106, 1038, 2195, 1069, 2298, 1117, 2336, 1132, 2232, 1059, 2149, 1019, 2053, 990, 1977, 953, 1921, 918, 1887, 870, 1864, 833
]],
"image_id": n2i_-ctl_-11.czi ,
"area": 11117.897 ,
"bbox": 1853 828 483 304 
 
