"id": 0001-0623-0914 ,
"category_id": 0,
"iscrowd": 0,
"segmentation": [[TAGDELETE
840, 255, 833, 387, 847, 547, 868, 656, 916, 774, 947, 838, 996, 992, 985, 870, 949, 759, 911, 676, 888, 538, 869, 398, 857, 299
]],
"image_id": n2i_DMSO_-14.czi ,
"area": 18543.0198 ,
"bbox": 833 255 163 737 
 
"id": 0001-0375-1564 ,
"category_id": 0,
"iscrowd": 0,
"segmentation": [[TAGDELETE
1327, 100, 1499, 145, 1607, 179, 1678, 228, 1729, 299, 1769, 405, 1790, 537, 1801, 651, 1751, 511, 1717, 359, 1678, 291, 1626, 236, 1557, 197, 1385, 133
]],
"image_id": n2i_DMSO_-14.czi ,
"area": 19238.043 ,
"bbox": 1327 100 474 551 
 
"id": 0001-1916-1049 ,
"category_id": 0,
"iscrowd": 0,
"segmentation": [[TAGDELETE
912, 2139, 1002, 2070, 1064, 2000, 1116, 1919, 1137, 1916, 1143, 1887, 1128, 1834, 1080, 1782, 1007, 1691, 1128, 1775, 1165, 1808, 1180, 1859, 1186, 1889, 1174, 1931, 1163, 1949, 1144, 1954, 1104, 2018, 1047, 2079, 978, 2119, 918, 2142
]],
"image_id": n2i_DMSO_-14.czi ,
"area": 17012.8146 ,
"bbox": 912 1691 274 451 
 
"id": 0001-1342-2314 ,
"category_id": 0,
"iscrowd": 0,
"segmentation": [[TAGDELETE
2146, 1071, 2218, 1100, 2272, 1136, 2328, 1168, 2434, 1302, 2472, 1368, 2482, 1440, 2476, 1540, 2464, 1614, 2450, 1543, 2436, 1407, 2430, 1372, 2388, 1307, 2312, 1218, 2288, 1190, 2186, 1110
]],
"image_id": n2i_DMSO_-14.czi ,
"area": 18350.0952 ,
"bbox": 2146 1071 336 543 
 
"id": 0001-1217-1994 ,
"category_id": 0,
"iscrowd": 0,
"segmentation": [[TAGDELETE
2109, 1463, 2138, 1368, 2160, 1298, 2129, 1220, 2093, 1171, 2033, 1130, 1958, 1094, 1922, 1091, 1898, 1078, 1829, 971, 1864, 1076, 1896, 1118, 1966, 1136, 2021, 1156, 2094, 1227, 2117, 1274, 2113, 1351, 2101, 1444
]],
"image_id": n2i_DMSO_-14.czi ,
"area": 14846.9477 ,
"bbox": 1829 971 331 492 
 
