"id": 0001-1845-0633 ,
"category_id": 0,
"iscrowd": 0,
"segmentation": [[TAGDELETE
605, 1616, 732, 1690, 771, 1743, 780, 1814, 749, 1885, 692, 1927, 639, 1998, 559, 2037, 486, 2074, 619, 1967, 689, 1873, 720, 1831, 746, 1822, 718, 1749, 630, 1667
]],
"image_id": n2i_DMSO_-11.czi ,
"area": 18029.3788 ,
"bbox": 486 1616 294 458 
 
"id": 0001-0544-0510 ,
"category_id": 0,
"iscrowd": 0,
"segmentation": [[TAGDELETE
444, 170, 427, 322, 449, 494, 472, 610, 531, 718, 559, 822, 593, 918, 576, 788, 551, 692, 517, 627, 494, 534, 472, 373, 463, 271
]],
"image_id": n2i_DMSO_-11.czi ,
"area": 18111.0007 ,
"bbox": 427 170 166 748 
 
"id": 0001-0296-1176 ,
"category_id": 0,
"iscrowd": 0,
"segmentation": [[TAGDELETE
949, 31, 1091, 59, 1206, 102, 1271, 150, 1339, 235, 1368, 342, 1387, 455, 1404, 562, 1348, 424, 1317, 299, 1286, 220, 1252, 178, 1045, 71, 989, 59
]],
"image_id": n2i_DMSO_-11.czi ,
"area": 19231.4473 ,
"bbox": 949 31 455 531 
 
"id": 0001-1240-1908 ,
"category_id": 0,
"iscrowd": 0,
"segmentation": [[TAGDELETE
1740, 986, 1817, 1060, 1893, 1116, 2000, 1238, 2026, 1300, 2054, 1495, 2077, 1452, 2071, 1280, 1955, 1136, 1921, 1077, 1811, 1020
]],
"image_id": n2i_DMSO_-11.czi ,
"area": 17246.9624 ,
"bbox": 1740 986 337 509 
 
"id": 0001-1146-1589 ,
"category_id": 0,
"iscrowd": 0,
"segmentation": [[TAGDELETE
1426, 900, 1473, 1029, 1517, 1053, 1590, 1065, 1637, 1095, 1683, 1139, 1709, 1188, 1711, 1231, 1703, 1307, 1703, 1393, 1735, 1293, 1753, 1209, 1733, 1153, 1702, 1105, 1663, 1069, 1615, 1040, 1573, 1025, 1531, 1019, 1493, 996
]],
"image_id": n2i_DMSO_-11.czi ,
"area": 15566.7048 ,
"bbox": 1426 900 327 493 
 
