"id": 0001-0479-0362 ,
"category_id": 0,
"iscrowd": 0,
"segmentation": [[TAGDELETE
374, 208, 374, 262, 352, 324, 312, 397, 258, 450, 235, 494, 228, 555, 238, 612, 257, 661, 293, 709, 347, 742, 386, 750, 436, 749, 491, 738, 497, 731, 482, 728, 445, 728, 395, 724, 351, 710, 312, 682, 289, 655, 269, 618, 258, 562, 265, 508, 278, 473, 328, 415, 350, 386, 377, 324, 380, 285, 379, 235
]],
"image_id": n2i_25um_-11.czi ,
"area": 14987.1066 ,
"bbox": 228 208 269 542 
 
"id": 0001-0591-1583 ,
"category_id": 0,
"iscrowd": 0,
"segmentation": [[TAGDELETE
1692, 212, 1664, 267, 1627, 404, 1611, 510, 1616, 610, 1599, 674, 1575, 727, 1486, 868, 1478, 908, 1475, 970, 1499, 890, 1547, 830, 1608, 754, 1626, 714, 1646, 643, 1656, 571, 1651, 500, 1679, 315, 1690, 239
]],
"image_id": n2i_25um_-11.czi ,
"area": 20392.2926 ,
"bbox": 1475 212 217 758 
 
"id": 0001-1742-2099 ,
"category_id": 0,
"iscrowd": 0,
"segmentation": [[TAGDELETE
2261, 1477, 2224, 1496, 2213, 1513, 2199, 1571, 2164, 1650, 2099, 1722, 2007, 1800, 1958, 1852, 1938, 1897, 1945, 2007, 1954, 1911, 1963, 1882, 1986, 1849, 2040, 1813, 2130, 1737, 2173, 1685, 2216, 1616, 2224, 1558, 2228, 1527, 2242, 1498
]],
"image_id": n2i_25um_-11.czi ,
"area": 12094.8869 ,
"bbox": 1938 1477 323 530 
 
"id": 0001-1553-1659 ,
"category_id": 0,
"iscrowd": 0,
"segmentation": [[TAGDELETE
2030, 1525, 1969, 1502, 1916, 1499, 1830, 1507, 1757, 1501, 1710, 1501, 1636, 1517, 1486, 1544, 1414, 1555, 1340, 1590, 1288, 1608, 1390, 1581, 1439, 1575, 1509, 1569, 1564, 1560, 1637, 1548, 1694, 1535, 1741, 1530, 1815, 1534, 1894, 1533, 1939, 1527, 1993, 1530, 2013, 1530
]],
"image_id": n2i_25um_-11.czi ,
"area": 14917.8516 ,
"bbox": 1288 1499 742 109 
 
"id": 0001-1565-1747 ,
"category_id": 0,
"iscrowd": 0,
"segmentation": [[TAGDELETE
1428, 1585, 1412, 1585, 1464, 1611, 1525, 1623, 1568, 1626, 1621, 1617, 1684, 1599, 1740, 1600, 1811, 1620, 1863, 1614, 2027, 1556, 2082, 1504, 2005, 1544, 1876, 1579, 1847, 1587, 1804, 1588, 1714, 1566, 1629, 1581, 1552, 1597
]],
"image_id": n2i_25um_-11.czi ,
"area": 14230.2486 ,
"bbox": 1412 1504 670 122 
 
"id": 0001-1332-2426 ,
"category_id": 0,
"iscrowd": 0,
"segmentation": [[TAGDELETE
2154, 1212, 2284, 1245, 2458, 1314, 2601, 1385, 2694, 1441, 2699, 1452, 2629, 1429, 2514, 1369, 2350, 1300, 2215, 1239
]],
"image_id": n2i_25um_-11.czi ,
"area": 10518.5117 ,
"bbox": 2154 1212 545 240 
 
