"id": 0001-0385-2284 ,
"category_id": 0,
"iscrowd": 0,
"segmentation": [[TAGDELETE
1950, 347, 2026, 268, 2119, 213, 2195, 201, 2264, 213, 2348, 260, 2465, 371, 2542, 465, 2618, 569, 2511, 475, 2413, 379, 2306, 285, 2233, 252, 2186, 250, 2107, 271, 2048, 299, 1976, 340
]],
"image_id": n2i_DMSO_-13.czi ,
"area": 24685.2766 ,
"bbox": 1950 201 668 368 
 
"id": 0001-0914-1303 ,
"category_id": 0,
"iscrowd": 0,
"segmentation": [[TAGDELETE
1139, 900, 1210, 728, 1294, 683, 1350, 680, 1410, 696, 1467, 758, 1467, 867, 1444, 975, 1414, 1072, 1390, 1148, 1380, 1084, 1387, 1003, 1407, 947, 1428, 872, 1426, 806, 1420, 776, 1410, 748, 1390, 731, 1344, 718, 1284, 730, 1242, 748, 1202, 814, 1155, 876
]],
"image_id": n2i_DMSO_-13.czi ,
"area": 22796.4296 ,
"bbox": 1139 680 328 468 
 
"id": 0001-0871-0450 ,
"category_id": 0,
"iscrowd": 0,
"segmentation": [[TAGDELETE
167, 649, 314, 706, 370, 753, 376, 770, 442, 820, 518, 878, 674, 1018, 734, 1094, 539, 969, 472, 890, 438, 862, 371, 837, 320, 780, 288, 746, 199, 676
]],
"image_id": n2i_DMSO_-13.czi ,
"area": 22255.5812 ,
"bbox": 167 649 567 445 
 
"id": 0001-1625-1497 ,
"category_id": 0,
"iscrowd": 0,
"segmentation": [[TAGDELETE
1201, 1464, 1267, 1526, 1357, 1640, 1457, 1684, 1543, 1736, 1601, 1740, 1645, 1714, 1793, 1692, 1579, 1786, 1503, 1766, 1429, 1716, 1351, 1686, 1277, 1598, 1205, 1494
]],
"image_id": n2i_DMSO_-13.czi ,
"area": 19895.1408 ,
"bbox": 1201 1464 592 322 
 
