"id": 0001-0704-2163 ,
"category_id": 0,
"iscrowd": 0,
"segmentation": [[TAGDELETE
2302, 837, 2311, 749, 2304, 686, 2282, 629, 2249, 596, 2210, 575, 2191, 571, 2153, 572, 2094, 597, 2056, 626, 2023, 687, 2016, 800, 2036, 748, 2044, 700, 2073, 654, 2088, 637, 2126, 609, 2181, 602, 2208, 605, 2243, 629, 2279, 705, 2289, 790
]],
"image_id": n2i_-ctl_-08.czi ,
"area": 12319.1411 ,
"bbox": 2016 571 295 266 
 
"id": 0001-1266-2214 ,
"category_id": 0,
"iscrowd": 0,
"segmentation": [[TAGDELETE
2485, 1550, 2423, 1394, 2332, 1233, 2274, 1133, 2208, 1065, 2098, 1018, 2008, 992, 1943, 983, 2126, 1060, 2204, 1111, 2307, 1276, 2409, 1434, 2454, 1520
]],
"image_id": n2i_-ctl_-08.czi ,
"area": 21150.7995 ,
"bbox": 1943 983 542 567 
 
"id": 0001-1926-1998 ,
"category_id": 0,
"iscrowd": 0,
"segmentation": [[TAGDELETE
2235, 2128, 2197, 2065, 2152, 1946, 2106, 1847, 2045, 1763, 2011, 1738, 1969, 1724, 1934, 1731, 1891, 1755, 1836, 1814, 1805, 1862, 1761, 1949, 1815, 1883, 1853, 1832, 1881, 1798, 1913, 1780, 1962, 1762, 1996, 1769, 2022, 1787, 2053, 1836, 2080, 1874, 2099, 1914, 2132, 1974, 2158, 2046, 2183, 2092, 2210, 2120
]],
"image_id": n2i_-ctl_-08.czi ,
"area": 17829.8585 ,
"bbox": 1761 1724 474 404 
 
"id": 0001-0894-1544 ,
"category_id": 0,
"iscrowd": 0,
"segmentation": [[TAGDELETE
1561, 1123, 1504, 1000, 1457, 881, 1440, 828, 1440, 801, 1448, 760, 1473, 728, 1536, 687, 1617, 665, 1649, 665, 1572, 696, 1501, 737, 1475, 776, 1471, 816, 1483, 876, 1548, 1035, 1564, 1097
]],
"image_id": n2i_-ctl_-08.czi ,
"area": 11480.6612 ,
"bbox": 1440 665 209 458 
 
"id": 0001-0892-1458 ,
"category_id": 0,
"iscrowd": 0,
"segmentation": [[TAGDELETE
1376, 608, 1419, 633, 1445, 695, 1437, 784, 1439, 908, 1459, 995, 1501, 1093, 1541, 1177, 1503, 1131, 1452, 1052, 1425, 983, 1407, 903, 1407, 825, 1420, 719, 1423, 685, 1404, 651, 1388, 629
]],
"image_id": n2i_-ctl_-08.czi ,
"area": 11693.3729 ,
"bbox": 1376 608 165 569 
 
"id": 0001-0273-1293 ,
"category_id": 0,
"iscrowd": 0,
"segmentation": [[TAGDELETE
1417, 90, 1338, 121, 1282, 147, 1238, 176, 1205, 214, 1183, 254, 1169, 301, 1180, 366, 1213, 417, 1256, 441, 1300, 455, 1343, 457, 1299, 436, 1272, 429, 1221, 385, 1197, 341, 1195, 301, 1209, 259, 1236, 217, 1289, 164, 1382, 114
]],
"image_id": n2i_-ctl_-08.czi ,
"area": 9464.0223 ,
"bbox": 1169 90 248 367 
 
"id": 0001-0487-0725 ,
"category_id": 0,
"iscrowd": 0,
"segmentation": [[TAGDELETE
907, 794, 868, 703, 847, 597, 808, 521, 735, 423, 646, 323, 566, 218, 541, 181, 678, 318, 796, 447, 847, 516, 870, 562, 891, 660, 900, 736, 910, 776
]],
"image_id": n2i_-ctl_-08.czi ,
"area": 15168.4887 ,
"bbox": 541 181 369 613 
 
"id": 0001-0960-0549 ,
"category_id": 0,
"iscrowd": 0,
"segmentation": [[TAGDELETE
407, 709, 470, 793, 544, 844, 620, 891, 658, 976, 652, 1040, 630, 1096, 607, 1131, 572, 1184, 558, 1211, 623, 1153, 661, 1108, 686, 1042, 692, 981, 681, 937, 665, 898, 627, 856, 580, 827, 519, 799, 442, 735
]],
"image_id": n2i_-ctl_-08.czi ,
"area": 14476.7634 ,
"bbox": 407 709 285 502 
 
