"id": 0001-1010-0406 ,
"category_id": 0,
"iscrowd": 0,
"segmentation": [[TAGDELETE
540, 1147, 552, 1075, 552, 1018, 535, 963, 516, 925, 485, 893, 451, 878, 416, 873, 372, 881, 324, 903, 294, 936, 272, 973, 262, 1007, 260, 1056, 260, 1111, 279, 1069, 284, 1027, 308, 970, 345, 929, 376, 911, 425, 904, 468, 917, 498, 947, 515, 991, 526, 1011, 535, 1062, 535, 1110
]],
"image_id": n2i_-ctl_-06.czi ,
"area": 12586.2674 ,
"bbox": 260 873 292 274 
 
"id": 0001-0959-1182 ,
"category_id": 0,
"iscrowd": 0,
"segmentation": [[TAGDELETE
1180, 650, 1179, 767, 1179, 894, 1195, 1046, 1220, 1268, 1179, 1156, 1145, 947, 1148, 771, 1160, 698
]],
"image_id": n2i_-ctl_-06.czi ,
"area": 13880.6759 ,
"bbox": 1145 650 75 618 
 
"id": 0001-1567-0458 ,
"category_id": 0,
"iscrowd": 0,
"segmentation": [[TAGDELETE
187, 1282, 345, 1318, 463, 1372, 529, 1457, 608, 1586, 685, 1733, 729, 1853, 685, 1805, 585, 1629, 511, 1496, 475, 1445, 439, 1409, 385, 1362, 301, 1330, 255, 1313
]],
"image_id": n2i_-ctl_-06.czi ,
"area": 20330.4578 ,
"bbox": 187 1282 542 571 
 
"id": 0001-1881-1400 ,
"category_id": 0,
"iscrowd": 0,
"segmentation": [[TAGDELETE
1667, 1943, 1546, 1972, 1466, 1975, 1390, 1961, 1309, 1922, 1217, 1855, 1134, 1787, 1281, 1864, 1362, 1922, 1427, 1944, 1487, 1955, 1574, 1947, 1644, 1935
]],
"image_id": n2i_-ctl_-06.czi ,
"area": 9855.6427 ,
"bbox": 1134 1787 533 188 
 
"id": 0001-1343-1889 ,
"category_id": 0,
"iscrowd": 0,
"segmentation": [[TAGDELETE
1949, 1583, 1809, 1367, 1766, 1275, 1762, 1192, 1796, 1123, 1850, 1103, 1897, 1108, 1952, 1133, 2017, 1185, 1908, 1137, 1861, 1129, 1818, 1149, 1794, 1197, 1797, 1263, 1872, 1404, 1930, 1527
]],
"image_id": n2i_-ctl_-06.czi ,
"area": 15290.5093 ,
"bbox": 1762 1103 255 480 
 
"id": 0001-0705-2017 ,
"category_id": 0,
"iscrowd": 0,
"segmentation": [[TAGDELETE
2018, 976, 2007, 681, 1996, 488, 2002, 435, 2029, 681, 2038, 834, 2038, 927
]],
"image_id": n2i_-ctl_-06.czi ,
"area": 8181.9807 ,
"bbox": 1996 435 42 541 
 
"id": 0001-0512-2018 ,
"category_id": 0,
"iscrowd": 0,
"segmentation": [[TAGDELETE
1872, 245, 1880, 303, 1926, 376, 1978, 412, 2058, 452, 2110, 500, 2128, 553, 2124, 619, 2121, 680, 2136, 740, 2165, 779, 2149, 708, 2153, 633, 2158, 577, 2153, 523, 2133, 475, 2093, 432, 2042, 403, 1982, 377, 1950, 356, 1914, 324, 1893, 292
]],
"image_id": n2i_-ctl_-06.czi ,
"area": 14544.3694 ,
"bbox": 1872 245 293 534 
 
"id": 0001-0292-1637 ,
"category_id": 0,
"iscrowd": 0,
"segmentation": [[TAGDELETE
1614, 527, 1580, 444, 1524, 367, 1488, 303, 1477, 245, 1497, 179, 1537, 131, 1616, 95, 1706, 76, 1798, 57, 1713, 96, 1594, 135, 1550, 161, 1530, 188, 1514, 232, 1514, 284, 1553, 348, 1593, 404, 1613, 467, 1621, 511
]],
"image_id": n2i_-ctl_-06.czi ,
"area": 15145.4037 ,
"bbox": 1477 57 321 470 
 
"id": 0001-0693-1566 ,
"category_id": 0,
"iscrowd": 0,
"segmentation": [[TAGDELETE
1479, 437, 1457, 494, 1441, 581, 1441, 636, 1473, 708, 1516, 765, 1601, 850, 1664, 930, 1692, 949, 1639, 862, 1569, 781, 1501, 702, 1473, 650, 1469, 590, 1485, 489
]],
"image_id": n2i_-ctl_-06.czi ,
"area": 11406.4594 ,
"bbox": 1441 437 251 512 
 
"id": 0001-0835-1545 ,
"category_id": 0,
"iscrowd": 0,
"segmentation": [[TAGDELETE
1671, 1104, 1535, 844, 1479, 733, 1448, 670, 1441, 636, 1441, 584, 1433, 566, 1421, 589, 1420, 668, 1448, 741, 1543, 925, 1633, 1065
]],
"image_id": n2i_-ctl_-06.czi ,
"area": 11976.1641 ,
"bbox": 1420 566 251 538 
 
"id": 0001-0576-1304 ,
"category_id": 0,
"iscrowd": 0,
"segmentation": [[TAGDELETE
1456, 816, 1409, 696, 1367, 581, 1320, 501, 1256, 422, 1200, 366, 1153, 336, 1272, 481, 1340, 600, 1401, 734, 1431, 784
]],
"image_id": n2i_-ctl_-06.czi ,
"area": 10694.947 ,
"bbox": 1153 336 303 480 
 
"id": 0001-0454-1201 ,
"category_id": 0,
"iscrowd": 0,
"segmentation": [[TAGDELETE
938, 601, 958, 536, 950, 465, 964, 409, 996, 356, 1065, 317, 1157, 308, 1238, 323, 1329, 360, 1465, 399, 1392, 397, 1302, 383, 1233, 356, 1168, 340, 1106, 343, 1038, 365, 997, 397, 982, 457, 978, 532, 961, 584, 944, 600
]],
"image_id": n2i_-ctl_-06.czi ,
"area": 15444.6841 ,
"bbox": 938 308 527 293 
 
