"id": 0001-0552-0893 ,
"category_id": 0,
"iscrowd": 0,
"segmentation": [[TAGDELETE
969, 235, 1003, 328, 1003, 393, 969, 511, 932, 571, 819, 650, 746, 771, 729, 870, 817, 743, 924, 636, 992, 565, 1048, 461, 1057, 367, 1037, 305
]],
"image_id": n2u_-ctl_-10.czi ,
"area": 26709.3357 ,
"bbox": 729 235 328 635 
 
"id": 0001-1042-0494 ,
"category_id": 0,
"iscrowd": 0,
"segmentation": [[TAGDELETE
322, 1342, 393, 1286, 469, 1240, 545, 1156, 562, 1071, 562, 935, 582, 859, 667, 743, 557, 834, 511, 913, 514, 1065, 503, 1147, 410, 1243, 336, 1311
]],
"image_id": n2u_-ctl_-10.czi ,
"area": 20593.4618 ,
"bbox": 322 743 345 599 
 
"id": 0001-0809-1754 ,
"category_id": 0,
"iscrowd": 0,
"segmentation": [[TAGDELETE
1458, 1014, 1675, 893, 1862, 760, 2051, 605, 2051, 641, 1899, 777, 1701, 910, 1639, 949, 1512, 1014
]],
"image_id": n2u_-ctl_-10.czi ,
"area": 17612.2 ,
"bbox": 1458 605 593 409 
 
"id": 0001-1054-1671 ,
"category_id": 0,
"iscrowd": 0,
"segmentation": [[TAGDELETE
1356, 1215, 1486, 1204, 1602, 1173, 1803, 1034, 1896, 935, 1986, 893, 1882, 921, 1740, 1020, 1644, 1105, 1548, 1156, 1449, 1187
]],
"image_id": n2u_-ctl_-10.czi ,
"area": 16809.9965 ,
"bbox": 1356 893 630 322 
 
"id": 0001-1137-0939 ,
"category_id": 0,
"iscrowd": 0,
"segmentation": [[TAGDELETE
596, 1054, 769, 1133, 850, 1195, 941, 1221, 1065, 1209, 1156, 1187, 1283, 1071, 1141, 1141, 1034, 1173, 921, 1175, 842, 1150, 732, 1077, 684, 1060
]],
"image_id": n2u_-ctl_-10.czi ,
"area": 20042.7198 ,
"bbox": 596 1054 687 167 
 
"id": 0001-0899-1001 ,
"category_id": 0,
"iscrowd": 0,
"segmentation": [[TAGDELETE
1113, 641, 1113, 681, 1136, 777, 1136, 896, 1091, 1037, 1043, 1091, 966, 1116, 913, 1127, 867, 1158, 867, 1116, 972, 1082, 1040, 1043, 1077, 986, 1102, 842, 1102, 740, 1096, 698
]],
"image_id": n2u_-ctl_-10.czi ,
"area": 16209.7867 ,
"bbox": 867 641 269 517 
 
"id": 0001-1649-2179 ,
"category_id": 0,
"iscrowd": 0,
"segmentation": [[TAGDELETE
2060, 1288, 2109, 1465, 2138, 1560, 2188, 1637, 2234, 1682, 2257, 1737, 2268, 1809, 2286, 2010, 2297, 1897, 2298, 1824, 2297, 1756, 2276, 1677, 2241, 1636, 2192, 1581, 2170, 1549, 2144, 1454, 2101, 1350
]],
"image_id": n2u_-ctl_-10.czi ,
"area": 17850.4701 ,
"bbox": 2060 1288 238 722 
 
"id": 0001-1390-2273 ,
"category_id": 0,
"iscrowd": 0,
"segmentation": [[TAGDELETE
2282, 1001, 2210, 1233, 2170, 1383, 2172, 1521, 2214, 1607, 2284, 1683, 2376, 1779, 2330, 1687, 2270, 1621, 2234, 1547, 2214, 1447, 2236, 1319, 2264, 1197, 2272, 1095
]],
"image_id": n2u_-ctl_-10.czi ,
"area": 24429.6928 ,
"bbox": 2170 1001 206 778 
 
"id": 0001-2062-2343 ,
"category_id": 0,
"iscrowd": 0,
"segmentation": [[TAGDELETE
2715, 2161, 2640, 2163, 2553, 2150, 2445, 2121, 2383, 2098, 2295, 2061, 2231, 2048, 2173, 2035, 2124, 2011, 2051, 1975, 1971, 1940, 2028, 1990, 2114, 2043, 2189, 2075, 2299, 2107, 2377, 2135, 2478, 2166, 2573, 2184, 2658, 2175
]],
"image_id": n2u_-ctl_-10.czi ,
"area": 18683.1787 ,
"bbox": 1971 1940 744 244 
 
