"id": 0001-1193-0973 ,
"category_id": 0,
"iscrowd": 0,
"segmentation": [[TAGDELETE
616, 1096, 831, 1079, 1023, 1105, 1161, 1170, 1286, 1252, 1331, 1308, 1181, 1221, 1034, 1150, 865, 1116, 689, 1110
]],
"image_id": n2u_25um_-02.czi ,
"area": 18467.9936 ,
"bbox": 616 1079 715 229 
 
"id": 0001-1651-0637 ,
"category_id": 0,
"iscrowd": 0,
"segmentation": [[TAGDELETE
311, 1455, 545, 1574, 687, 1681, 797, 1738, 963, 1848, 771, 1684, 571, 1554, 421, 1475
]],
"image_id": n2u_25um_-02.czi ,
"area": 16475.2641 ,
"bbox": 311 1455 652 393 
 
"id": 0001-0540-2370 ,
"category_id": 0,
"iscrowd": 0,
"segmentation": [[TAGDELETE
2421, 280, 2334, 328, 2224, 393, 2176, 472, 2164, 542, 2195, 630, 2266, 706, 2334, 740, 2577, 800, 2331, 689, 2243, 622, 2204, 540, 2212, 472, 2303, 381, 2385, 322
]],
"image_id": n2u_25um_-02.czi ,
"area": 23080.8697 ,
"bbox": 2164 280 413 520 
 
"id": 0001-0361-0456 ,
"category_id": 0,
"iscrowd": 0,
"segmentation": [[TAGDELETE
271, 486, 203, 424, 184, 362, 201, 319, 246, 274, 345, 243, 429, 237, 571, 257, 636, 283, 729, 353, 605, 302, 455, 280, 370, 271, 254, 314, 223, 356, 223, 393, 254, 449
]],
"image_id": n2u_25um_-02.czi ,
"area": 18382.2493 ,
"bbox": 184 237 545 249 
 
"id": 0001-1624-2081 ,
"category_id": 0,
"iscrowd": 0,
"segmentation": [[TAGDELETE
2504, 1723, 2373, 1666, 2152, 1634, 1973, 1586, 1785, 1553, 1653, 1515, 1757, 1573, 1834, 1601, 2029, 1655, 2138, 1677, 2378, 1706, 2509, 1733
]],
"image_id": n2u_25um_-02.czi ,
"area": 26407.5819 ,
"bbox": 1653 1515 856 218 
 
"id": 0001-1625-1811 ,
"category_id": 0,
"iscrowd": 0,
"segmentation": [[TAGDELETE
1392, 1512, 1448, 1570, 1632, 1648, 1786, 1668, 1926, 1688, 2078, 1730, 2148, 1738, 2222, 1730, 2230, 1724, 2122, 1712, 1928, 1646, 1854, 1632, 1674, 1610, 1518, 1572, 1446, 1544
]],
"image_id": n2u_25um_-02.czi ,
"area": 23630.7872 ,
"bbox": 1392 1512 838 226 
 
