"id": 0001-1147-0441 ,
"category_id": 0,
"iscrowd": 0,
"segmentation": [[TAGDELETE
48, 1014, 401, 1127, 678, 1243, 834, 1280, 605, 1161, 401, 1077, 243, 1043, 153, 1020
]],
"image_id": n2u_50um_-15.czi ,
"area": 23136.1088 ,
"bbox": 48 1014 786 266 
 
"id": 0001-0351-0835 ,
"category_id": 0,
"iscrowd": 0,
"segmentation": [[TAGDELETE
534, 161, 653, 364, 757, 486, 879, 542, 966, 528, 1043, 478, 1136, 373, 1051, 427, 986, 483, 901, 500, 817, 483, 639, 280
]],
"image_id": n2u_50um_-15.czi ,
"area": 20849.0456 ,
"bbox": 534 161 602 381 
 
"id": 0001-1532-1086 ,
"category_id": 0,
"iscrowd": 0,
"segmentation": [[TAGDELETE
924, 1870, 1006, 1783, 1099, 1695, 1178, 1588, 1204, 1466, 1178, 1300, 1161, 1195, 1206, 1274, 1249, 1449, 1229, 1568, 1173, 1678, 1074, 1772, 1014, 1822
]],
"image_id": n2u_50um_-15.czi ,
"area": 23067.6783 ,
"bbox": 924 1195 325 675 
 
"id": 0001-1138-1356 ,
"category_id": 0,
"iscrowd": 0,
"segmentation": [[TAGDELETE
1452, 777, 1368, 867, 1331, 986, 1314, 1093, 1277, 1229, 1260, 1325, 1291, 1500, 1291, 1314, 1328, 1125, 1365, 969, 1407, 879, 1430, 822
]],
"image_id": n2u_50um_-15.czi ,
"area": 14793.3576 ,
"bbox": 1260 777 192 723 
 
"id": 0001-1602-1582 ,
"category_id": 0,
"iscrowd": 0,
"segmentation": [[TAGDELETE
1520, 1246, 1565, 1435, 1602, 1560, 1616, 1630, 1579, 1811, 1579, 1873, 1625, 1958, 1599, 1873, 1622, 1763, 1644, 1622, 1633, 1509, 1551, 1288
]],
"image_id": n2u_50um_-15.czi ,
"area": 16962.5223 ,
"bbox": 1520 1246 124 712 
 
"id": 0001-1407-1893 ,
"category_id": 0,
"iscrowd": 0,
"segmentation": [[TAGDELETE
1724, 1088, 1907, 1370, 1969, 1492, 2029, 1692, 2063, 1726, 2040, 1585, 2000, 1455, 1910, 1311, 1803, 1170
]],
"image_id": n2u_50um_-15.czi ,
"area": 18111.0007 ,
"bbox": 1724 1088 339 638 
 
"id": 0001-0740-1554 ,
"category_id": 0,
"iscrowd": 0,
"segmentation": [[TAGDELETE
1399, 376, 1416, 509, 1464, 613, 1512, 726, 1560, 856, 1653, 1034, 1709, 1105, 1543, 687, 1447, 489
]],
"image_id": n2u_50um_-15.czi ,
"area": 21755.956 ,
"bbox": 1399 376 310 729 
 
"id": 0001-0467-1676 ,
"category_id": 0,
"iscrowd": 0,
"segmentation": [[TAGDELETE
1449, 223, 1622, 379, 1732, 475, 1789, 548, 1904, 712, 1876, 706, 1729, 540, 1690, 483, 1478, 291
]],
"image_id": n2u_50um_-15.czi ,
"area": 16678.0823 ,
"bbox": 1449 223 455 489 
 
"id": 0001-0547-1819 ,
"category_id": 0,
"iscrowd": 0,
"segmentation": [[TAGDELETE
1633, 215, 1746, 325, 1868, 506, 1950, 639, 2006, 879, 1924, 684, 1780, 438, 1678, 283
]],
"image_id": n2u_50um_-15.czi ,
"area": 18297.3296 ,
"bbox": 1633 215 373 664 
 
"id": 0001-1179-2388 ,
"category_id": 0,
"iscrowd": 0,
"segmentation": [[TAGDELETE
2297, 813, 2330, 946, 2385, 1086, 2430, 1234, 2442, 1352, 2442, 1464, 2460, 1546, 2461, 1480, 2480, 1353, 2466, 1245, 2449, 1154, 2410, 1042, 2330, 864
]],
"image_id": n2u_50um_-15.czi ,
"area": 18820.0397 ,
"bbox": 2297 813 183 733 
 
"id": 0001-1267-2293 ,
"category_id": 0,
"iscrowd": 0,
"segmentation": [[TAGDELETE
2097, 930, 2116, 1032, 2172, 1165, 2245, 1285, 2329, 1404, 2436, 1542, 2489, 1605, 2420, 1469, 2260, 1224, 2168, 1081, 2129, 992
]],
"image_id": n2u_50um_-15.czi ,
"area": 20468.1433 ,
"bbox": 2097 930 392 675 
 
"id": 0001-1172-2045 ,
"category_id": 0,
"iscrowd": 0,
"segmentation": [[TAGDELETE
1765, 936, 1821, 1068, 1890, 1176, 1953, 1234, 2109, 1320, 2261, 1376, 2326, 1408, 2298, 1373, 2192, 1318, 2069, 1258, 1978, 1206, 1894, 1118, 1805, 978
]],
"image_id": n2u_50um_-15.czi ,
"area": 18777.9921 ,
"bbox": 1765 936 561 472 
 
