"id": 0001-0729-1561 ,
"category_id": 0,
"iscrowd": 0,
"segmentation": [[TAGDELETE
1616, 356, 1622, 455, 1622, 554, 1613, 636, 1565, 774, 1551, 845, 1534, 901, 1483, 995, 1447, 1102, 1579, 907, 1605, 811, 1664, 627, 1675, 548, 1644, 413
]],
"image_id": n2u_25um_-11.czi ,
"area": 24009.2161 ,
"bbox": 1447 356 228 746 
 
"id": 0001-0898-1702 ,
"category_id": 0,
"iscrowd": 0,
"segmentation": [[TAGDELETE
1543, 1229, 1684, 1062, 1780, 983, 1822, 876, 1820, 791, 1786, 704, 1786, 641, 1828, 568, 1822, 641, 1825, 681, 1859, 785, 1862, 882, 1842, 978, 1811, 1031, 1698, 1119, 1608, 1190
]],
"image_id": n2u_25um_-11.czi ,
"area": 25512.214 ,
"bbox": 1543 568 319 661 
 
"id": 0001-1049-1993 ,
"category_id": 0,
"iscrowd": 0,
"segmentation": [[TAGDELETE
2221, 692, 2006, 1003, 1938, 1116, 1766, 1407, 1887, 1294, 2133, 904, 2201, 771
]],
"image_id": n2u_25um_-11.czi ,
"area": 28123.2915 ,
"bbox": 1766 692 455 715 
 
"id": 0001-1167-1846 ,
"category_id": 0,
"iscrowd": 0,
"segmentation": [[TAGDELETE
1686, 1469, 1682, 1444, 1738, 1286, 1784, 1217, 1888, 1098, 1978, 990, 1989, 942, 1984, 865, 2010, 953, 2008, 997, 1952, 1088, 1882, 1156, 1841, 1206, 1792, 1273, 1749, 1348, 1710, 1436
]],
"image_id": n2u_25um_-11.czi ,
"area": 17528.9291 ,
"bbox": 1682 865 328 604 
 
