"id": 0001-1785-0318 ,
"category_id": 0,
"iscrowd": 0,
"segmentation": [[TAGDELETE
57, 1983, 153, 1854, 203, 1743, 263, 1647, 319, 1602, 379, 1588, 458, 1613, 523, 1673, 579, 1746, 458, 1659, 410, 1636, 333, 1647, 277, 1698, 206, 1851, 93, 1975
]],
"image_id": n2u_-ctl_.czi ,
"area": 22348.7456 ,
"bbox": 57 1588 522 395 
 
"id": 0001-1378-0457 ,
"category_id": 0,
"iscrowd": 0,
"segmentation": [[TAGDELETE
588, 1365, 605, 1300, 599, 1252, 559, 1223, 483, 1221, 415, 1303, 328, 1421, 322, 1497, 345, 1582, 302, 1540, 288, 1444, 345, 1325, 418, 1215, 492, 1175, 588, 1192, 627, 1243, 627, 1311
]],
"image_id": n2u_-ctl_.czi ,
"area": 19844.8485 ,
"bbox": 288 1175 339 407 
 
"id": 0001-1821-1480 ,
"category_id": 0,
"iscrowd": 0,
"segmentation": [[TAGDELETE
1158, 1941, 1263, 1817, 1396, 1724, 1551, 1701, 1698, 1755, 1769, 1828, 1803, 1882, 1692, 1805, 1577, 1757, 1483, 1746, 1331, 1820
]],
"image_id": n2u_-ctl_.czi ,
"area": 23032.2263 ,
"bbox": 1158 1701 645 240 
 
"id": 0001-1903-2284 ,
"category_id": 0,
"iscrowd": 0,
"segmentation": [[TAGDELETE
1890, 1930, 2000, 1918, 2159, 1825, 2258, 1800, 2362, 1805, 2517, 1873, 2695, 2006, 2402, 1868, 2300, 1851, 2170, 1873, 2034, 1938, 1938, 1952, 1873, 1927
]],
"image_id": n2u_-ctl_.czi ,
"area": 26412.5287 ,
"bbox": 1873 1800 822 206 
 
"id": 0001-0306-1419 ,
"category_id": 0,
"iscrowd": 0,
"segmentation": [[TAGDELETE
1192, 585, 1449, 410, 1568, 297, 1608, 186, 1613, 88, 1625, 28, 1647, 136, 1644, 237, 1608, 328, 1529, 413, 1328, 542, 1255, 576
]],
"image_id": n2u_-ctl_.czi ,
"area": 25217.0559 ,
"bbox": 1192 28 455 557 
 
"id": 0001-0523-1190 ,
"category_id": 0,
"iscrowd": 0,
"segmentation": [[TAGDELETE
867, 698, 898, 630, 983, 531, 1077, 489, 1221, 449, 1438, 379, 1514, 348, 1478, 393, 1305, 475, 1133, 526, 1062, 537, 989, 596, 887, 695
]],
"image_id": n2u_-ctl_.czi ,
"area": 25146.9765 ,
"bbox": 867 348 647 350 

 
