"id": 0001-0871-0606 ,
"category_id": 0,
"iscrowd": 0,
"segmentation": [[TAGDELETE
232, 777, 345, 802, 503, 882, 582, 918, 706, 924, 836, 918, 980, 898, 884, 947, 656, 966, 568, 952, 472, 913, 345, 839, 299, 822
]],
"image_id": n2u_-ctl_-03.czi ,
"area": 21055.9861 ,
"bbox": 232 777 748 189 
 
"id": 0001-0891-1076 ,
"category_id": 0,
"iscrowd": 0,
"segmentation": [[TAGDELETE
975, 557, 1068, 658, 1130, 879, 1130, 980, 1079, 1060, 1026, 1226, 1093, 1110, 1161, 1020, 1178, 952, 1136, 740, 1108, 658, 1034, 588
]],
"image_id": n2u_-ctl_-03.czi ,
"area": 19787.9605 ,
"bbox": 975 557 203 669 
 
"id": 0001-0223-1584 ,
"category_id": 0,
"iscrowd": 0,
"segmentation": [[TAGDELETE
1396, 42, 1396, 178, 1461, 285, 1531, 356, 1625, 401, 1692, 404, 1746, 370, 1772, 328, 1701, 370, 1642, 367, 1565, 336, 1497, 260, 1441, 167
]],
"image_id": n2u_-ctl_-03.czi ,
"area": 16076.2235 ,
"bbox": 1396 42 376 362 
 
"id": 0001-1929-1585 ,
"category_id": 0,
"iscrowd": 0,
"segmentation": [[TAGDELETE
1325, 1692, 1393, 1927, 1407, 2023, 1455, 2088, 1523, 2142, 1639, 2167, 1845, 2142, 1642, 2122, 1543, 2102, 1483, 2054, 1452, 1995, 1410, 1848
]],
"image_id": n2u_-ctl_-03.czi ,
"area": 21809.5462 ,
"bbox": 1325 1692 520 475 
 
"id": 0001-1268-2298 ,
"category_id": 0,
"iscrowd": 0,
"segmentation": [[TAGDELETE
2207, 1642, 2243, 1557, 2306, 1421, 2331, 1229, 2334, 1045, 2390, 890, 2371, 1062, 2368, 1274, 2356, 1401, 2306, 1529, 2221, 1647
]],
"image_id": n2u_-ctl_-03.czi ,
"area": 22463.3461 ,
"bbox": 2207 890 183 757 
 
"id": 0001-1533-2598 ,
"category_id": 0,
"iscrowd": 0,
"segmentation": [[TAGDELETE
2532, 1150, 2540, 1387, 2588, 1574, 2622, 1817, 2664, 1916, 2639, 1650, 2619, 1506, 2580, 1319, 2571, 1229
]],
"image_id": n2u_-ctl_-03.czi ,
"area": 23228.4487 ,
"bbox": 2532 1150 132 766 
 
"id": 0001-1264-2500 ,
"category_id": 0,
"iscrowd": 0,
"segmentation": [[TAGDELETE
2416, 944, 2438, 1037, 2458, 1127, 2444, 1277, 2469, 1387, 2532, 1517, 2585, 1585, 2509, 1399, 2489, 1266, 2489, 1105, 2467, 1012
]],
"image_id": n2u_-ctl_-03.czi ,
"area": 16797.6295 ,
"bbox": 2416 944 169 641 
 
