"id": 0001-1205-0828 ,
"category_id": 0,
"iscrowd": 0,
"segmentation": [[TAGDELETE
404, 1263, 876, 1170, 978, 1187, 1133, 1274, 1170, 1294, 1252, 1294, 1051, 1173, 958, 1130, 853, 1116, 695, 1150, 520, 1209
]],
"image_id": n2u_DMSO_-09.czi ,
"area": 30502.6946 ,
"bbox": 404 1116 848 178 
 
"id": 0001-0753-1360 ,
"category_id": 0,
"iscrowd": 0,
"segmentation": [[TAGDELETE
989, 619, 1260, 709, 1370, 712, 1540, 732, 1656, 794, 1732, 887, 1726, 822, 1690, 774, 1605, 712, 1486, 672, 1322, 656, 1127, 630
]],
"image_id": n2u_DMSO_-09.czi ,
"area": 27541.2199 ,
"bbox": 989 619 743 268 
 
"id": 0001-0842-1708 ,
"category_id": 0,
"iscrowd": 0,
"segmentation": [[TAGDELETE
1297, 749, 1481, 873, 1602, 930, 1757, 935, 1910, 910, 2119, 876, 1986, 867, 1746, 884, 1596, 873, 1362, 771
]],
"image_id": n2u_DMSO_-09.czi ,
"area": 25616.9209 ,
"bbox": 1297 749 822 186 
 
