"id": 0001-0605-1017 ,
"category_id": 0,
"iscrowd": 0,
"segmentation": [[TAGDELETE
647, 732, 836, 630, 1071, 548, 1170, 526, 1387, 478, 1303, 520, 1122, 579, 1023, 602, 884, 658, 729, 720
]],
"image_id": n2u_50um_-11.czi ,
"area": 20209.2616 ,
"bbox": 647 478 740 254 
 
"id": 0001-0890-0678 ,
"category_id": 0,
"iscrowd": 0,
"segmentation": [[TAGDELETE
322, 1082, 523, 947, 726, 856, 839, 828, 1034, 698, 879, 834, 633, 938, 424, 1054
]],
"image_id": n2u_50um_-11.czi ,
"area": 18905.784 ,
"bbox": 322 698 712 384 
 
"id": 0001-1395-1044 ,
"category_id": 0,
"iscrowd": 0,
"segmentation": [[TAGDELETE
636, 1466, 819, 1382, 1023, 1325, 1136, 1325, 1294, 1348, 1424, 1396, 1452, 1416, 1351, 1399, 1133, 1368, 1037, 1373, 839, 1427, 737, 1455
]],
"image_id": n2u_50um_-11.czi ,
"area": 26140.4556 ,
"bbox": 636 1325 816 141 
 
"id": 0001-0633-1496 ,
"category_id": 0,
"iscrowd": 0,
"segmentation": [[TAGDELETE
1701, 319, 1639, 393, 1483, 551, 1396, 661, 1328, 783, 1291, 947, 1407, 732, 1531, 571, 1687, 387
]],
"image_id": n2u_50um_-11.czi ,
"area": 23337.278 ,
"bbox": 1291 319 410 628 
 
"id": 0001-0716-1835 ,
"category_id": 0,
"iscrowd": 0,
"segmentation": [[TAGDELETE
1724, 336, 1760, 472, 1859, 681, 1902, 856, 1918, 1028, 1941, 1096, 1947, 865, 1904, 675, 1837, 528, 1774, 429
]],
"image_id": n2u_50um_-11.czi ,
"area": 22558.984 ,
"bbox": 1724 336 223 760 
 
"id": 0001-1089-1945 ,
"category_id": 0,
"iscrowd": 0,
"segmentation": [[TAGDELETE
1574, 1020, 1724, 1045, 1950, 1105, 2159, 1122, 2317, 1150, 2096, 1158, 1921, 1139, 1678, 1062
]],
"image_id": n2u_50um_-11.czi ,
"area": 17867.7838 ,
"bbox": 1574 1020 743 138 
 
