"id": 0001-0463-1883 ,
"category_id": 0,
"iscrowd": 0,
"segmentation": [[TAGDELETE
1568, 602, 1622, 517, 1684, 427, 1755, 359, 1870, 325, 1961, 339, 2198, 401, 2111, 415, 1950, 381, 1859, 376, 1791, 390, 1712, 449, 1639, 548
]],
"image_id": n2u_-ctl_-13.czi ,
"area": 21275.2935 ,
"bbox": 1568 325 630 277 
 
"id": 0001-0357-1473 ,
"category_id": 0,
"iscrowd": 0,
"segmentation": [[TAGDELETE
1514, 31, 1475, 212, 1478, 288, 1492, 441, 1486, 500, 1447, 582, 1416, 684, 1449, 639, 1517, 545, 1531, 466, 1531, 367, 1512, 302, 1514, 133
]],
"image_id": n2u_-ctl_-13.czi ,
"area": 17159.5692 ,
"bbox": 1416 31 115 653 
 
"id": 0001-1426-1175 ,
"category_id": 0,
"iscrowd": 0,
"segmentation": [[TAGDELETE
966, 1632, 966, 1612, 1027, 1432, 1041, 1398, 1087, 1336, 1112, 1308, 1198, 1268, 1384, 1220, 1308, 1267, 1194, 1308, 1138, 1340, 1114, 1360, 1069, 1418, 1031, 1510, 1004, 1585, 982, 1624
]],
"image_id": n2u_-ctl_-13.czi ,
"area": 15133.0367 ,
"bbox": 966 1220 418 412 
 
"id": 0001-1703-1179 ,
"category_id": 0,
"iscrowd": 0,
"segmentation": [[TAGDELETE
1107, 2052, 1163, 1780, 1207, 1588, 1211, 1544, 1201, 1490, 1179, 1436, 1155, 1396, 1125, 1364, 1131, 1354, 1211, 1418, 1239, 1476, 1251, 1536, 1243, 1618, 1217, 1744, 1203, 1838, 1167, 1932, 1141, 1984
]],
"image_id": n2u_-ctl_-13.czi ,
"area": 21631.462 ,
"bbox": 1107 1354 144 698 
 
