"id": 0001-0554-0482 ,
"category_id": 0,
"iscrowd": 0,
"segmentation": [[TAGDELETE
283, 432, 260, 514, 266, 588, 322, 670, 404, 701, 475, 701, 557, 653, 619, 585, 675, 483, 704, 407, 622, 517, 548, 607, 486, 653, 418, 664, 356, 644, 308, 605, 285, 551
]],
"image_id": n2u_-ctl_-04.czi ,
"area": 18318.7656 ,
"bbox": 260 407 444 294 
 
"id": 0001-1003-0802 ,
"category_id": 0,
"iscrowd": 0,
"segmentation": [[TAGDELETE
639, 1328, 842, 1187, 882, 1136, 907, 1048, 927, 907, 921, 831, 958, 678, 966, 907, 958, 1026, 935, 1108, 898, 1206, 802, 1269, 689, 1314
]],
"image_id": n2u_-ctl_-04.czi ,
"area": 23288.6346 ,
"bbox": 639 678 327 650 
 
"id": 0001-1250-1138 ,
"category_id": 0,
"iscrowd": 0,
"segmentation": [[TAGDELETE
757, 1416, 893, 1311, 1257, 1235, 1345, 1215, 1407, 1181, 1520, 1085, 1447, 1195, 1401, 1243, 1116, 1314, 927, 1351, 817, 1390
]],
"image_id": n2u_-ctl_-04.czi ,
"area": 25994.5255 ,
"bbox": 757 1085 763 331 
 
"id": 0001-1111-1792 ,
"category_id": 0,
"iscrowd": 0,
"segmentation": [[TAGDELETE
1746, 1514, 1757, 1314, 1777, 1192, 1777, 1113, 1794, 975, 1791, 913, 1766, 797, 1769, 737, 1811, 709, 1800, 735, 1794, 752, 1825, 853, 1839, 986, 1834, 1127, 1817, 1280, 1780, 1444
]],
"image_id": n2u_-ctl_-04.czi ,
"area": 28248.61 ,
"bbox": 1746 709 93 805 
 
"id": 0001-1332-2153 ,
"category_id": 0,
"iscrowd": 0,
"segmentation": [[TAGDELETE
2161, 1659, 2193, 1478, 2232, 1342, 2249, 1246, 2243, 1096, 2210, 1045, 2142, 1006, 2057, 1023, 2153, 1037, 2210, 1082, 2204, 1269, 2156, 1441, 2150, 1577
]],
"image_id": n2u_-ctl_-04.czi ,
"area": 20428.569 ,
"bbox": 2057 1006 192 653 
 
"id": 0001-1291-2000 ,
"category_id": 0,
"iscrowd": 0,
"segmentation": [[TAGDELETE
1910, 961, 1865, 1048, 1848, 1116, 1899, 1249, 2051, 1455, 2153, 1622, 2130, 1526, 2088, 1433, 1967, 1266, 1904, 1161, 1887, 1093, 1896, 1037
]],
"image_id": n2u_-ctl_-04.czi ,
"area": 21008.9916 ,
"bbox": 1848 961 305 661 
 
