"id": 0001-1568-0746 ,
"category_id": 0,
"iscrowd": 0,
"segmentation": [[TAGDELETE
480, 1252, 548, 1339, 672, 1433, 769, 1568, 853, 1712, 1012, 1885, 969, 1786, 754, 1447, 647, 1342, 548, 1283
]],
"image_id": n2u_DMSO_-14.czi ,
"area": 30848.145 ,
"bbox": 480 1252 532 633 
 
"id": 0001-1304-1273 ,
"category_id": 0,
"iscrowd": 0,
"segmentation": [[TAGDELETE
947, 1102, 1178, 1190, 1300, 1212, 1449, 1325, 1531, 1433, 1599, 1506, 1526, 1356, 1410, 1232, 1266, 1164, 1045, 1116
]],
"image_id": n2u_DMSO_-14.czi ,
"area": 21077.4222 ,
"bbox": 947 1102 652 404 
 
"id": 0001-1042-1486 ,
"category_id": 0,
"iscrowd": 0,
"segmentation": [[TAGDELETE
1238, 732, 1382, 788, 1543, 969, 1644, 1127, 1735, 1353, 1622, 1184, 1464, 947, 1356, 822
]],
"image_id": n2u_DMSO_-14.czi ,
"area": 24184.827 ,
"bbox": 1238 732 497 621 
 
"id": 0001-0508-2179 ,
"category_id": 0,
"iscrowd": 0,
"segmentation": [[TAGDELETE
2003, 845, 2060, 627, 2068, 517, 2153, 336, 2224, 257, 2356, 172, 2204, 336, 2122, 494, 2082, 732
]],
"image_id": n2u_DMSO_-14.czi ,
"area": 22511.1651 ,
"bbox": 2003 172 353 673 
 
