"id": 0001-0630-0978 ,
"category_id": 0,
"iscrowd": 0,
"segmentation": [[TAGDELETE
1267, 350, 1208, 584, 1116, 726, 983, 818, 804, 884, 690, 911, 791, 850, 962, 768, 1055, 706, 1116, 636, 1183, 526, 1236, 410
]],
"image_id": n2u_25um_-10.czi ,
"area": 27108.3763 ,
"bbox": 690 350 577 561 
 
"id": 0001-0584-1740 ,
"category_id": 0,
"iscrowd": 0,
"segmentation": [[TAGDELETE
1662, 188, 1717, 360, 1757, 478, 1773, 545, 1773, 636, 1750, 794, 1742, 938, 1746, 980, 1769, 912, 1797, 766, 1818, 637, 1814, 526, 1782, 410, 1730, 304, 1692, 240
]],
"image_id": n2u_25um_-10.czi ,
"area": 22951.4288 ,
"bbox": 1662 188 156 792 
 
"id": 0001-1750-1508 ,
"category_id": 0,
"iscrowd": 0,
"segmentation": [[TAGDELETE
1296, 1869, 1459, 1929, 1544, 1942, 1627, 1927, 1684, 1887, 1716, 1827, 1720, 1766, 1697, 1721, 1665, 1687, 1609, 1651, 1585, 1625, 1551, 1558, 1547, 1603, 1575, 1666, 1631, 1710, 1671, 1741, 1681, 1783, 1673, 1827, 1649, 1863, 1599, 1893, 1503, 1903
]],
"image_id": n2u_25um_-10.czi ,
"area": 19612.3496 ,
"bbox": 1296 1558 424 384 
 
"id": 0001-1657-2110 ,
"category_id": 0,
"iscrowd": 0,
"segmentation": [[TAGDELETE
2284, 1927, 2256, 1831, 2242, 1682, 2242, 1588, 2230, 1530, 2193, 1482, 2150, 1439, 2098, 1423, 2041, 1431, 1977, 1468, 1937, 1498, 1965, 1455, 2028, 1403, 2064, 1390, 2121, 1387, 2184, 1416, 2232, 1458, 2266, 1519, 2282, 1588, 2284, 1760
]],
"image_id": n2u_25um_-10.czi ,
"area": 20924.8963 ,
"bbox": 1937 1387 347 540 
 
"id": 0001-2022-2046 ,
"category_id": 0,
"iscrowd": 0,
"segmentation": [[TAGDELETE
1646, 2014, 1753, 2039, 1924, 2051, 2078, 2078, 2154, 2083, 2336, 2030, 2402, 1998, 2446, 1961, 2208, 2033, 2093, 2045, 1938, 2013, 1774, 2007, 1709, 2007
]],
"image_id": n2u_25um_-10.czi ,
"area": 21320.639 ,
"bbox": 1646 1961 800 122 
 
