"id": 0001-1291-0957 ,
"category_id": 0,
"iscrowd": 0,
"segmentation": [[TAGDELETE
822, 930, 876, 1062, 884, 1146, 900, 1220, 918, 1292, 932, 1394, 980, 1517, 1016, 1566, 1093, 1653, 1049, 1564, 1013, 1514, 980, 1424, 957, 1292, 928, 1177, 909, 1066, 878, 1002
]],
"image_id": n2u_25um_-06.czi ,
"area": 19044.2939 ,
"bbox": 822 930 271 723 
 
"id": 0001-1681-0656 ,
"category_id": 0,
"iscrowd": 0,
"segmentation": [[TAGDELETE
700, 1287, 645, 1482, 612, 1726, 604, 1822, 614, 1963, 638, 2075, 648, 2007, 644, 1879, 652, 1745, 684, 1526, 709, 1362
]],
"image_id": n2u_25um_-06.czi ,
"area": 22885.4717 ,
"bbox": 604 1287 105 788 
 
"id": 0001-1658-0902 ,
"category_id": 0,
"iscrowd": 0,
"segmentation": [[TAGDELETE
849, 1258, 878, 1499, 893, 1633, 897, 1789, 905, 1885, 929, 1994, 946, 2058, 956, 2043, 938, 1869, 941, 1721, 933, 1554, 913, 1447, 878, 1329
]],
"image_id": n2u_25um_-06.czi ,
"area": 22654.6218 ,
"bbox": 849 1258 107 800 
 
"id": 0001-1472-1609 ,
"category_id": 0,
"iscrowd": 0,
"segmentation": [[TAGDELETE
1566, 1854, 1555, 1765, 1563, 1638, 1596, 1523, 1616, 1422, 1626, 1342, 1620, 1286, 1604, 1235, 1578, 1185, 1562, 1155, 1562, 1129, 1575, 1090, 1586, 1127, 1592, 1159, 1628, 1205, 1646, 1249, 1663, 1342, 1656, 1439, 1630, 1555, 1598, 1662, 1580, 1774
]],
"image_id": n2u_25um_-06.czi ,
"area": 20943.0345 ,
"bbox": 1555 1090 108 764 
 
"id": 0001-0922-2132 ,
"category_id": 0,
"iscrowd": 0,
"segmentation": [[TAGDELETE
2092, 523, 2114, 694, 2128, 809, 2125, 941, 2097, 1158, 2097, 1278, 2100, 1321, 2150, 1087, 2172, 869, 2162, 755, 2132, 626, 2114, 547
]],
"image_id": n2u_25um_-06.czi ,
"area": 21726.2753 ,
"bbox": 2092 523 80 798 
 
"id": 0001-0454-1004 ,
"category_id": 0,
"iscrowd": 0,
"segmentation": [[TAGDELETE
792, 811, 860, 713, 1013, 528, 1090, 420, 1157, 255, 1188, 143, 1216, 97, 1189, 240, 1156, 387, 1117, 464, 994, 612, 897, 713
]],
"image_id": n2u_25um_-06.czi ,
"area": 21886.2213 ,
"bbox": 792 97 424 714 
 
