"id": 0001-1709-0533 ,
"category_id": 0,
"iscrowd": 0,
"segmentation": [[TAGDELETE
201, 1902, 266, 1772, 345, 1647, 396, 1579, 455, 1534, 548, 1517, 636, 1523, 726, 1546, 865, 1591, 749, 1594, 593, 1560, 483, 1574, 390, 1647, 311, 1752, 254, 1839
]],
"image_id": n2u_50um_-08.czi ,
"area": 23350.4694 ,
"bbox": 201 1517 664 385 
 
"id": 0001-1754-1051 ,
"category_id": 0,
"iscrowd": 0,
"segmentation": [[TAGDELETE
1156, 2133, 1139, 2026, 1057, 1865, 1009, 1772, 986, 1636, 995, 1512, 1031, 1376, 978, 1455, 947, 1568, 955, 1715, 992, 1839, 1093, 2032
]],
"image_id": n2u_50um_-08.czi ,
"area": 23474.139 ,
"bbox": 947 1376 209 757 
 
"id": 0001-1413-1802 ,
"category_id": 0,
"iscrowd": 0,
"segmentation": [[TAGDELETE
1427, 1444, 1571, 1387, 1721, 1365, 1885, 1365, 2054, 1424, 2178, 1461, 2017, 1455, 1862, 1413, 1735, 1407, 1611, 1421, 1500, 1444
]],
"image_id": n2u_50um_-08.czi ,
"area": 22426.2453 ,
"bbox": 1427 1365 751 96 
 
"id": 0001-1558-1161 ,
"category_id": 0,
"iscrowd": 0,
"segmentation": [[TAGDELETE
1091, 1899, 1141, 1726, 1195, 1633, 1215, 1514, 1223, 1418, 1178, 1334, 1062, 1218, 1158, 1280, 1232, 1342, 1260, 1444, 1252, 1551, 1223, 1653, 1164, 1772
]],
"image_id": n2u_50um_-08.czi ,
"area": 18887.6458 ,
"bbox": 1062 1218 198 681 
 
"id": 0001-1609-1455 ,
"category_id": 0,
"iscrowd": 0,
"segmentation": [[TAGDELETE
1763, 1421, 1690, 1416, 1585, 1427, 1481, 1452, 1387, 1503, 1288, 1585, 1218, 1678, 1147, 1803, 1300, 1647, 1390, 1557, 1509, 1489, 1633, 1458, 1701, 1441
]],
"image_id": n2u_50um_-08.czi ,
"area": 22549.9149 ,
"bbox": 1147 1416 616 387 
 
"id": 0001-0908-2165 ,
"category_id": 0,
"iscrowd": 0,
"segmentation": [[TAGDELETE
1890, 607, 1904, 709, 1961, 788, 2026, 836, 2108, 884, 2198, 935, 2306, 1031, 2402, 1161, 2441, 1209, 2365, 1040, 2246, 924, 2139, 848, 2032, 797, 1961, 732, 1916, 672
]],
"image_id": n2u_50um_-08.czi ,
"area": 22260.528 ,
"bbox": 1890 607 551 602 
 
"id": 0001-0477-1379 ,
"category_id": 0,
"iscrowd": 0,
"segmentation": [[TAGDELETE
1246, 102, 1288, 229, 1325, 398, 1362, 545, 1441, 723, 1512, 853, 1449, 658, 1387, 486, 1351, 285, 1305, 189
]],
"image_id": n2u_50um_-08.czi ,
"area": 21111.2252 ,
"bbox": 1246 102 266 751 
 
