"id": 0001-1644-0395 ,
"category_id": 0,
"iscrowd": 0,
"segmentation": [[TAGDELETE
141, 1828, 181, 1738, 195, 1647, 232, 1557, 311, 1478, 401, 1461, 480, 1489, 548, 1531, 593, 1574, 650, 1670, 537, 1554, 415, 1503, 328, 1520, 271, 1579, 232, 1639, 215, 1749
]],
"image_id": n2u_-ctl_-02.czi ,
"area": 20089.7143 ,
"bbox": 141 1461 509 367 
 
"id": 0001-0473-0672 ,
"category_id": 0,
"iscrowd": 0,
"segmentation": [[TAGDELETE
299, 639, 393, 607, 593, 438, 769, 342, 901, 308, 1045, 308, 865, 359, 695, 435, 542, 537, 424, 624
]],
"image_id": n2u_-ctl_-02.czi ,
"area": 25033.2004 ,
"bbox": 299 308 746 331 
 
"id": 0001-1094-0311 ,
"category_id": 0,
"iscrowd": 0,
"segmentation": [[TAGDELETE
209, 754, 198, 845, 206, 887, 348, 1105, 387, 1255, 356, 1435, 424, 1305, 404, 1125, 353, 1012, 260, 890, 220, 825
]],
"image_id": n2u_-ctl_-02.czi ,
"area": 22127.7893 ,
"bbox": 198 754 226 681 
 
"id": 0001-1026-1623 ,
"category_id": 0,
"iscrowd": 0,
"segmentation": [[TAGDELETE
1435, 1235, 1407, 1144, 1407, 1023, 1452, 901, 1543, 819, 1664, 817, 1839, 867, 1808, 887, 1670, 865, 1588, 862, 1534, 879, 1486, 932, 1441, 1079, 1441, 1173
]],
"image_id": n2u_-ctl_-02.czi ,
"area": 22469.9419 ,
"bbox": 1407 817 432 418 
 
"id": 0001-0965-2164 ,
"category_id": 0,
"iscrowd": 0,
"segmentation": [[TAGDELETE
1882, 1198, 2000, 1017, 2029, 935, 2091, 856, 2184, 797, 2447, 732, 2345, 800, 2218, 834, 2122, 882, 2057, 966, 2006, 1074, 1938, 1153
]],
"image_id": n2u_-ctl_-02.czi ,
"area": 20979.3109 ,
"bbox": 1882 732 565 466 
 
"id": 0001-0789-2417 ,
"category_id": 0,
"iscrowd": 0,
"segmentation": [[TAGDELETE
2263, 429, 2441, 562, 2509, 681, 2509, 845, 2495, 1037, 2503, 1150, 2557, 947, 2571, 749, 2540, 624, 2469, 526, 2371, 469
]],
"image_id": n2u_-ctl_-02.czi ,
"area": 28999.6967 ,
"bbox": 2263 429 308 721 
 
