"id": 0001-1196-1213 ,
"category_id": 0,
"iscrowd": 0,
"segmentation": [[TAGDELETE
896, 1441, 1014, 1206, 1164, 1051, 1252, 1003, 1384, 966, 1531, 952, 1345, 1014, 1170, 1125, 1065, 1218, 952, 1399
]],
"image_id": n2u_25um_-12.czi ,
"area": 27760.5273 ,
"bbox": 896 952 635 489 
 
"id": 0001-1446-1852 ,
"category_id": 0,
"iscrowd": 0,
"segmentation": [[TAGDELETE
1534, 1709, 1695, 1537, 1986, 1342, 2170, 1184, 2153, 1257, 1955, 1444, 1735, 1591
]],
"image_id": n2u_25um_-12.czi ,
"area": 33850.0184 ,
"bbox": 1534 1184 636 525 
 
"id": 0001-1948-2003 ,
"category_id": 0,
"iscrowd": 0,
"segmentation": [[TAGDELETE
1639, 2057, 1780, 1918, 1935, 1842, 2113, 1839, 2274, 1921, 2368, 1998, 2226, 1938, 2130, 1899, 1995, 1882, 1924, 1896, 1780, 1978
]],
"image_id": n2u_25um_-12.czi ,
"area": 24935.0892 ,
"bbox": 1639 1839 729 218 
 
"id": 0001-0353-0770 ,
"category_id": 0,
"iscrowd": 0,
"segmentation": [[TAGDELETE
630, 644, 712, 616, 805, 540, 867, 384, 766, 48, 867, 260, 910, 362, 876, 517, 842, 576, 757, 639, 687, 658
]],
"image_id": n2u_25um_-12.czi ,
"area": 21844.1737 ,
"bbox": 630 48 280 610 
 
"id": 0001-0383-1240 ,
"category_id": 0,
"iscrowd": 0,
"segmentation": [[TAGDELETE
1127, 735, 1235, 483, 1288, 384, 1305, 240, 1260, 175, 1212, 133, 1190, 107, 1192, 31, 1215, 90, 1317, 175, 1353, 299, 1319, 413, 1266, 520, 1201, 681
]],
"image_id": n2u_25um_-12.czi ,
"area": 24715.7818 ,
"bbox": 1127 31 226 704 
 
