"id": 0001-1179-0546 ,
"category_id": 0,
"iscrowd": 0,
"segmentation": [[TAGDELETE
364, 1537, 514, 1322, 596, 1158, 672, 955, 729, 822, 636, 1161, 571, 1303, 506, 1399, 398, 1520
]],
"image_id": n2u_50um_-13.czi ,
"area": 18672.4607 ,
"bbox": 364 822 365 715 
 
"id": 0001-0535-0871 ,
"category_id": 0,
"iscrowd": 0,
"segmentation": [[TAGDELETE
585, 791, 732, 647, 763, 582, 915, 444, 1158, 280, 1102, 359, 904, 517, 695, 732, 630, 788
]],
"image_id": n2u_50um_-13.czi ,
"area": 24224.4012 ,
"bbox": 585 280 573 511 
 
"id": 0001-0876-0870 ,
"category_id": 0,
"iscrowd": 0,
"segmentation": [[TAGDELETE
746, 1235, 788, 986, 879, 726, 995, 517, 966, 622, 873, 842, 785, 1164
]],
"image_id": n2u_50um_-13.czi ,
"area": 18967.6188 ,
"bbox": 746 517 249 718 
 
"id": 0001-1538-1185 ,
"category_id": 0,
"iscrowd": 0,
"segmentation": [[TAGDELETE
805, 1475, 966, 1399, 1113, 1368, 1280, 1390, 1370, 1461, 1565, 1709, 1339, 1500, 1257, 1435, 1119, 1421, 978, 1444
]],
"image_id": n2u_50um_-13.czi ,
"area": 26462.821 ,
"bbox": 805 1368 760 341 
 
"id": 0001-0716-1018 ,
"category_id": 0,
"iscrowd": 0,
"segmentation": [[TAGDELETE
963, 1071, 932, 944, 975, 658, 1028, 500, 1091, 370, 1105, 362, 1054, 559, 1009, 661, 995, 780, 961, 890, 972, 1003
]],
"image_id": n2u_50um_-13.czi ,
"area": 18063.1818 ,
"bbox": 932 362 173 709 
 
"id": 0001-0812-1486 ,
"category_id": 0,
"iscrowd": 0,
"segmentation": [[TAGDELETE
1746, 1077, 1644, 1065, 1531, 1017, 1382, 887, 1277, 752, 1226, 619, 1232, 548, 1283, 670, 1401, 839, 1531, 969, 1611, 1028, 1698, 1060
]],
"image_id": n2u_50um_-13.czi ,
"area": 21997.524 ,
"bbox": 1226 548 520 529 
 
"id": 0001-0291-1442 ,
"category_id": 0,
"iscrowd": 0,
"segmentation": [[TAGDELETE
1766, 82, 1712, 198, 1630, 268, 1506, 336, 1393, 370, 1269, 435, 1119, 500, 1294, 370, 1497, 283, 1644, 218, 1715, 150
]],
"image_id": n2u_50um_-13.czi ,
"area": 21286.0116 ,
"bbox": 1119 82 647 418 
 
"id": 0001-0213-1204 ,
"category_id": 0,
"iscrowd": 0,
"segmentation": [[TAGDELETE
896, 184, 1317, 257, 1399, 257, 1512, 223, 1351, 223, 1034, 170
]],
"image_id": n2u_50um_-13.czi ,
"area": 15173.4355 ,
"bbox": 896 170 616 87 
 
"id": 0001-1042-2069 ,
"category_id": 0,
"iscrowd": 0,
"segmentation": [[TAGDELETE
1918, 1421, 2119, 1136, 2161, 992, 2187, 752, 2210, 664, 2221, 904, 2204, 1045, 2156, 1170, 2034, 1319, 1952, 1416
]],
"image_id": n2u_50um_-13.czi ,
"area": 26936.8878 ,
"bbox": 1918 664 303 757 
 
"id": 0001-1318-2139 ,
"category_id": 0,
"iscrowd": 0,
"segmentation": [[TAGDELETE
1941, 1653, 2082, 1342, 2193, 1161, 2283, 1031, 2337, 983, 2164, 1283, 2065, 1461, 1975, 1619
]],
"image_id": n2u_50um_-13.czi ,
"area": 18955.2518 ,
"bbox": 1941 983 396 670 
 
