"id": 0001-1559-0512 ,
"category_id": 0,
"iscrowd": 0,
"segmentation": [[TAGDELETE
478, 1175, 478, 1297, 458, 1500, 449, 1602, 497, 1797, 576, 1944, 574, 1893, 528, 1746, 497, 1599, 500, 1506, 514, 1376, 514, 1280
]],
"image_id": n2u_-ctl_-06.czi ,
"area": 23644.8031 ,
"bbox": 449 1175 127 769 
 
"id": 0001-1411-0604 ,
"category_id": 0,
"iscrowd": 0,
"segmentation": [[TAGDELETE
557, 1769, 559, 1483, 548, 1317, 582, 1187, 622, 1105, 661, 1054, 650, 1113, 605, 1232, 593, 1351, 593, 1447, 602, 1568, 585, 1726
]],
"image_id": n2u_-ctl_-06.czi ,
"area": 20758.3546 ,
"bbox": 548 1054 113 715 
 
"id": 0001-1485-0655 ,
"category_id": 0,
"iscrowd": 0,
"segmentation": [[TAGDELETE
718, 1899, 641, 1678, 593, 1455, 593, 1353, 605, 1252, 627, 1173, 675, 1071, 661, 1190, 639, 1288, 636, 1382, 687, 1625, 706, 1724, 712, 1839
]],
"image_id": n2u_-ctl_-06.czi ,
"area": 27570.9006 ,
"bbox": 593 1071 125 828 
 
"id": 0001-0713-0809 ,
"category_id": 0,
"iscrowd": 0,
"segmentation": [[TAGDELETE
921, 1037, 876, 890, 831, 732, 802, 605, 740, 472, 698, 390, 780, 644, 834, 907, 887, 1006
]],
"image_id": n2u_-ctl_-06.czi ,
"area": 15640.0821 ,
"bbox": 698 390 223 647 
 
"id": 0001-1151-1396 ,
"category_id": 0,
"iscrowd": 0,
"segmentation": [[TAGDELETE
1311, 1512, 1325, 1286, 1328, 1125, 1334, 1028, 1382, 918, 1433, 834, 1481, 791, 1416, 918, 1370, 1045, 1370, 1223, 1351, 1376
]],
"image_id": n2u_-ctl_-06.czi ,
"area": 19048.4163 ,
"bbox": 1311 791 170 721 
 
"id": 0001-0597-1627 ,
"category_id": 0,
"iscrowd": 0,
"segmentation": [[TAGDELETE
1630, 215, 1588, 472, 1577, 684, 1642, 882, 1675, 980, 1678, 890, 1636, 715, 1622, 613, 1636, 455, 1653, 297
]],
"image_id": n2u_-ctl_-06.czi ,
"area": 23595.3352 ,
"bbox": 1577 215 101 765 
 
"id": 0001-0774-2245 ,
"category_id": 0,
"iscrowd": 0,
"segmentation": [[TAGDELETE
1933, 938, 1992, 780, 2023, 709, 2111, 624, 2255, 610, 2379, 644, 2506, 656, 2557, 678, 2382, 681, 2266, 647, 2164, 664, 2071, 720, 2000, 831
]],
"image_id": n2u_-ctl_-06.czi ,
"area": 21354.4421 ,
"bbox": 1933 610 624 328 
 
