"id": 0001-0991-0410 ,
"category_id": 0,
"iscrowd": 0,
"segmentation": [[TAGDELETE
324, 598, 366, 806, 410, 930, 442, 1088, 474, 1264, 478, 1384, 496, 1338, 496, 1200, 466, 1010, 416, 822, 370, 692
]],
"image_id": n2u_50um_-14.czi ,
"area": 19749.2107 ,
"bbox": 324 598 172 786 
 
"id": 0001-1054-0501 ,
"category_id": 0,
"iscrowd": 0,
"segmentation": [[TAGDELETE
406, 646, 508, 936, 540, 1080, 548, 1182, 534, 1262, 500, 1344, 468, 1402, 416, 1462, 496, 1394, 548, 1328, 590, 1242, 596, 1172, 570, 1000, 534, 896, 482, 768, 432, 664
]],
"image_id": n2u_50um_-14.czi ,
"area": 24685.2766 ,
"bbox": 406 646 190 816 
 
"id": 0001-0505-0912 ,
"category_id": 0,
"iscrowd": 0,
"segmentation": [[TAGDELETE
672, 548, 819, 660, 936, 709, 1003, 717, 1079, 700, 1120, 661, 1152, 588, 1144, 492, 1115, 425, 1077, 367, 1011, 293, 1079, 427, 1099, 513, 1097, 584, 1083, 637, 1060, 668, 1008, 672, 949, 667, 859, 635, 752, 581
]],
"image_id": n2u_50um_-14.czi ,
"area": 24745.4625 ,
"bbox": 672 293 480 424 
 
"id": 0001-0460-1769 ,
"category_id": 0,
"iscrowd": 0,
"segmentation": [[TAGDELETE
1546, 519, 1711, 669, 1771, 684, 1852, 678, 1945, 621, 1990, 480, 1993, 393, 1963, 303, 1915, 237, 1966, 402, 1939, 510, 1915, 585, 1861, 621, 1825, 642, 1771, 645, 1735, 633, 1591, 537
]],
"image_id": n2u_50um_-14.czi ,
"area": 21983.5081 ,
"bbox": 1546 237 447 447 
 
"id": 0001-1528-2042 ,
"category_id": 0,
"iscrowd": 0,
"segmentation": [[TAGDELETE
1690, 1389, 1891, 1566, 1984, 1641, 2086, 1668, 2155, 1653, 2395, 1557, 2191, 1605, 2104, 1623, 2047, 1623, 1888, 1515, 1744, 1413
]],
"image_id": n2u_50um_-14.czi ,
"area": 19161.3678 ,
"bbox": 1690 1389 705 279 
 
"id": 0001-1899-1981 ,
"category_id": 0,
"iscrowd": 0,
"segmentation": [[TAGDELETE
1651, 1929, 1783, 1923, 1927, 1974, 2023, 1968, 2143, 1926, 2260, 1857, 2311, 1791, 2251, 1902, 2131, 1977, 1987, 2007, 1870, 1998, 1744, 1956
]],
"image_id": n2u_50um_-14.czi ,
"area": 18463.8713 ,
"bbox": 1651 1791 660 216 
 
