"id": 0001-0411-2181 ,
"category_id": 0,
"iscrowd": 0,
"segmentation": [[TAGDELETE
2051, 785, 2210, 605, 2283, 486, 2311, 359, 2308, 246, 2289, 164, 2207, 37, 2232, 136, 2266, 237, 2252, 393, 2235, 475, 2156, 607, 2077, 749
]],
"image_id": n2u_DMSO_-12.czi ,
"area": 24392.5919 ,
"bbox": 2051 37 260 748 
 
"id": 0001-0754-1307 ,
"category_id": 0,
"iscrowd": 0,
"segmentation": [[TAGDELETE
1150, 1108, 1280, 867, 1438, 449, 1464, 401, 1418, 610, 1317, 896, 1204, 1074
]],
"image_id": n2u_DMSO_-12.czi ,
"area": 21548.1911 ,
"bbox": 1150 401 314 707 
 
"id": 0001-1431-0702 ,
"category_id": 0,
"iscrowd": 0,
"segmentation": [[TAGDELETE
537, 1757, 718, 1503, 797, 1376, 831, 1249, 853, 1105, 867, 1277, 819, 1433, 624, 1692
]],
"image_id": n2u_DMSO_-12.czi ,
"area": 19635.4346 ,
"bbox": 537 1105 330 652 
 
"id": 0001-0746-1001 ,
"category_id": 0,
"iscrowd": 0,
"segmentation": [[TAGDELETE
989, 331, 927, 446, 921, 729, 966, 901, 1082, 1161, 1062, 1009, 989, 808, 966, 588, 969, 415
]],
"image_id": n2u_DMSO_-12.czi ,
"area": 27660.7672 ,
"bbox": 921 331 161 830 
 
"id": 0001-1719-2112 ,
"category_id": 0,
"iscrowd": 0,
"segmentation": [[TAGDELETE
2151, 1452, 2060, 1515, 1948, 1619, 1900, 1707, 1892, 1806, 1923, 1896, 1974, 1952, 2046, 1986, 2115, 1986, 2224, 1956, 2332, 1910, 2218, 1924, 2131, 1944, 2052, 1940, 1991, 1892, 1959, 1827, 1952, 1752, 1992, 1658, 2055, 1582, 2103, 1512
]],
"image_id": n2u_DMSO_-12.czi ,
"area": 33027.2034 ,
"bbox": 1892 1452 440 534 
 
"id": 0001-1702-2180 ,
"category_id": 0,
"iscrowd": 0,
"segmentation": [[TAGDELETE
2351, 1475, 2248, 1470, 2222, 1474, 2094, 1547, 2044, 1600, 2022, 1651, 2010, 1732, 2018, 1802, 2044, 1878, 2096, 1920, 2136, 1934, 2178, 1932, 2154, 1916, 2122, 1907, 2082, 1862, 2054, 1794, 2055, 1699, 2080, 1619, 2144, 1558, 2222, 1507, 2270, 1482
]],
"image_id": n2u_DMSO_-12.czi ,
"area": 18949.4806 ,
"bbox": 2010 1470 341 464 
 
"id": 0001-0364-0364 ,
"category_id": 0,
"iscrowd": 0,
"segmentation": [[TAGDELETE
384, 17, 404, 84, 413, 155, 395, 216, 332, 324, 296, 405, 292, 513, 304, 593, 344, 711, 331, 555, 328, 444, 356, 345, 419, 225, 437, 167, 435, 95, 413, 60
]],
"image_id": n2u_DMSO_-12.czi ,
"area": 15840.4268 ,
"bbox": 292 17 145 694 
 
