"id": 0001-1394-1069 ,
"category_id": 0,
"iscrowd": 0,
"segmentation": [[TAGDELETE
1009, 1060, 1014, 1190, 1017, 1317, 1068, 1418, 1079, 1534, 1158, 1729, 1077, 1644, 1045, 1526, 1034, 1444, 997, 1353, 980, 1277, 986, 1173, 989, 1125
]],
"image_id": n2u_-ctl_-07.czi ,
"area": 17199.968 ,
"bbox": 980 1060 178 669 
 
"id": 0001-0754-1432 ,
"category_id": 0,
"iscrowd": 0,
"segmentation": [[TAGDELETE
1144, 483, 1319, 639, 1543, 836, 1667, 947, 1721, 1026, 1497, 836, 1280, 650, 1190, 562
]],
"image_id": n2u_-ctl_-07.czi ,
"area": 17444.0093 ,
"bbox": 1144 483 577 543 
 
"id": 0001-1750-1782 ,
"category_id": 0,
"iscrowd": 0,
"segmentation": [[TAGDELETE
1627, 1353, 1715, 1613, 1885, 1961, 1938, 2147, 1913, 1950, 1825, 1726, 1715, 1512
]],
"image_id": n2u_-ctl_-07.czi ,
"area": 21478.1117 ,
"bbox": 1627 1353 311 794 
 
"id": 0001-0423-1720 ,
"category_id": 0,
"iscrowd": 0,
"segmentation": [[TAGDELETE
1435, 319, 1698, 376, 1876, 441, 2006, 528, 1924, 506, 1707, 404, 1478, 353
]],
"image_id": n2u_-ctl_-07.czi ,
"area": 12500.5232 ,
"bbox": 1435 319 571 209 
 
"id": 0001-1219-1400 ,
"category_id": 0,
"iscrowd": 0,
"segmentation": [[TAGDELETE
1393, 1585, 1336, 1433, 1288, 1229, 1283, 1125, 1359, 995, 1517, 853, 1413, 997, 1331, 1093, 1328, 1198, 1359, 1353, 1393, 1523
]],
"image_id": n2u_-ctl_-07.czi ,
"area": 21568.8027 ,
"bbox": 1283 853 234 732 
 
