"id": 0001-1501-0475 ,
"category_id": 0,
"iscrowd": 0,
"segmentation": [[TAGDELETE
376, 1079, 458, 1198, 511, 1288, 528, 1368, 517, 1512, 483, 1625, 435, 1755, 379, 1868, 345, 1924, 478, 1774, 551, 1667, 593, 1506, 605, 1365, 565, 1252, 489, 1161, 421, 1105
]],
"image_id": n2u_50um_-05.czi ,
"area": 41858.0373 ,
"bbox": 345 1079 260 845 
 
"id": 0001-1708-2295 ,
"category_id": 0,
"iscrowd": 0,
"segmentation": [[TAGDELETE
2368, 1314, 2382, 1520, 2359, 1675, 2334, 1774, 2229, 1952, 2167, 2102, 2300, 1924, 2388, 1774, 2413, 1667, 2424, 1543, 2419, 1444, 2399, 1376
]],
"image_id": n2u_50um_-05.czi ,
"area": 26745.6122 ,
"bbox": 2167 1314 257 788 
 
"id": 0001-0353-1555 ,
"category_id": 0,
"iscrowd": 0,
"segmentation": [[TAGDELETE
1206, 110, 1390, 266, 1574, 379, 1675, 466, 1760, 531, 1904, 596, 1760, 461, 1594, 328, 1492, 268, 1243, 121
]],
"image_id": n2u_50um_-05.czi ,
"area": 29209.9351 ,
"bbox": 1206 110 698 486 
 
