"id": 0001-0452-0806 ,
"category_id": 0,
"iscrowd": 0,
"segmentation": [[TAGDELETE
526, 240, 602, 288, 763, 376, 865, 463, 972, 576, 1057, 641, 1158, 698, 1068, 607, 947, 472, 862, 387, 774, 314, 672, 271, 540, 226, 455, 206
]],
"image_id": n2u_50um_-02.czi ,
"area": 28652.5974 ,
"bbox": 455 206 703 492 
 
"id": 0001-1606-1773 ,
"category_id": 0,
"iscrowd": 0,
"segmentation": [[TAGDELETE
1373, 1653, 1633, 1611, 1868, 1616, 2048, 1616, 2173, 1619, 2080, 1582, 2012, 1568, 1938, 1577, 1780, 1560, 1642, 1560, 1497, 1599, 1418, 1633
]],
"image_id": n2u_50um_-02.czi ,
"area": 25159.3434 ,
"bbox": 1373 1560 800 93 
 
"id": 0001-1363-2264 ,
"category_id": 0,
"iscrowd": 0,
"segmentation": [[TAGDELETE
1862, 1478, 2088, 1351, 2294, 1280, 2433, 1255, 2537, 1249, 2667, 1263, 2413, 1311, 2218, 1362, 1986, 1444
]],
"image_id": n2u_50um_-02.czi ,
"area": 27897.3884 ,
"bbox": 1862 1249 805 229 
 
