"id": 0001-1075-0360 ,
"category_id": 0,
"iscrowd": 0,
"segmentation": [[TAGDELETE
73, 811, 243, 1043, 401, 1232, 574, 1331, 647, 1339, 492, 1252, 376, 1144, 235, 966, 164, 901
]],
"image_id": n2u_-ctl_-08.czi ,
"area": 19599.1582 ,
"bbox": 73 811 574 528 
 
"id": 0001-0893-0575 ,
"category_id": 0,
"iscrowd": 0,
"segmentation": [[TAGDELETE
941, 856, 808, 890, 610, 867, 421, 856, 291, 870, 209, 901, 356, 893, 492, 898, 706, 930, 819, 924, 876, 901
]],
"image_id": n2u_-ctl_-08.czi ,
"area": 20970.2418 ,
"bbox": 209 856 732 74 
 
"id": 0001-1284-0874 ,
"category_id": 0,
"iscrowd": 0,
"segmentation": [[TAGDELETE
624, 1565, 687, 1410, 808, 1274, 1045, 1043, 1125, 1003, 952, 1212, 757, 1387, 667, 1520
]],
"image_id": n2u_-ctl_-08.czi ,
"area": 24441.2353 ,
"bbox": 624 1003 501 562 
 
"id": 0001-1137-1482 ,
"category_id": 0,
"iscrowd": 0,
"segmentation": [[TAGDELETE
1416, 1472, 1401, 1407, 1464, 1204, 1534, 1077, 1560, 879, 1582, 788, 1531, 873, 1486, 1048, 1413, 1226, 1382, 1365, 1382, 1435, 1418, 1486
]],
"image_id": n2u_-ctl_-08.czi ,
"area": 20719.6048 ,
"bbox": 1382 788 200 698 
 
"id": 0001-1254-2118 ,
"category_id": 0,
"iscrowd": 0,
"segmentation": [[TAGDELETE
2029, 896, 2111, 1130, 2170, 1365, 2173, 1433, 2145, 1613, 2184, 1534, 2207, 1435, 2201, 1325, 2178, 1221, 2116, 1028, 2085, 947
]],
"image_id": n2u_-ctl_-08.czi ,
"area": 19981.7095 ,
"bbox": 2029 896 178 717 
 
"id": 0001-0902-2140 ,
"category_id": 0,
"iscrowd": 0,
"segmentation": [[TAGDELETE
2130, 559, 2074, 661, 2071, 757, 2096, 966, 2133, 1065, 2176, 1119, 2207, 1246, 2210, 1170, 2198, 1091, 2153, 1023, 2122, 904, 2105, 732, 2111, 647
]],
"image_id": n2u_-ctl_-08.czi ,
"area": 17106.8035 ,
"bbox": 2071 559 139 687 
 
"id": 0001-0633-2399 ,
"category_id": 0,
"iscrowd": 0,
"segmentation": [[TAGDELETE
2662, 387, 2537, 528, 2402, 602, 2291, 641, 2243, 687, 2210, 720, 2170, 825, 2136, 879, 2142, 822, 2187, 695, 2255, 613, 2399, 551, 2546, 480, 2628, 404
]],
"image_id": n2u_-ctl_-08.czi ,
"area": 20148.2512 ,
"bbox": 2136 387 526 492 
 
