"id": 0001-0815-1622 ,
"category_id": 0,
"iscrowd": 0,
"segmentation": [[TAGDELETE
1401, 650, 1387, 766, 1418, 856, 1548, 918, 1605, 930, 1715, 927, 1797, 879, 1893, 788, 1828, 879, 1746, 955, 1619, 980, 1478, 944, 1387, 887, 1351, 794, 1370, 692
]],
"image_id": n2u_DMSO_-05.czi ,
"area": 22375.953 ,
"bbox": 1351 650 542 330 
 
"id": 0001-0610-2482 ,
"category_id": 0,
"iscrowd": 0,
"segmentation": [[TAGDELETE
2679, 381, 2506, 585, 2413, 737, 2368, 785, 2354, 788, 2331, 771, 2339, 715, 2379, 670, 2427, 517, 2379, 562, 2345, 607, 2345, 653, 2289, 709, 2277, 754, 2294, 811, 2342, 839, 2402, 819, 2455, 771, 2568, 582, 2653, 472, 2687, 404
]],
"image_id": n2u_DMSO_-05.czi ,
"area": 32144.2024 ,
"bbox": 2277 381 410 458 
 
"id": 0001-1465-0347 ,
"category_id": 0,
"iscrowd": 0,
"segmentation": [[TAGDELETE
110, 1783, 96, 1647, 113, 1534, 192, 1427, 345, 1283, 449, 1215, 599, 1147, 548, 1206, 418, 1286, 170, 1537, 138, 1636
]],
"image_id": n2u_DMSO_-05.czi ,
"area": 29942.8836 ,
"bbox": 96 1147 503 636 
 
