"id": 0001-1637-1107 ,
"category_id": 0,
"iscrowd": 0,
"segmentation": [[TAGDELETE
760, 1444, 879, 1512, 1034, 1673, 1147, 1749, 1336, 1780, 1455, 1805, 1455, 1831, 1353, 1811, 1175, 1808, 1088, 1772, 995, 1704, 814, 1492
]],
"image_id": n2u_DMSO_-07.czi ,
"area": 25433.0655 ,
"bbox": 760 1444 695 387 
 
"id": 0001-1038-0914 ,
"category_id": 0,
"iscrowd": 0,
"segmentation": [[TAGDELETE
709, 1353, 836, 1257, 898, 1167, 1012, 1079, 1091, 941, 1116, 822, 1119, 723, 1091, 802, 1051, 935, 978, 1054, 884, 1136, 817, 1229, 732, 1308
]],
"image_id": n2u_DMSO_-07.czi ,
"area": 19602.4561 ,
"bbox": 709 723 410 630 
 
"id": 0001-0609-0322 ,
"category_id": 0,
"iscrowd": 0,
"segmentation": [[TAGDELETE
636, 825, 548, 774, 472, 653, 373, 545, 257, 461, 158, 404, 79, 390, 8, 396, 107, 427, 291, 517, 438, 661, 526, 788, 585, 828, 616, 828
]],
"image_id": n2u_DMSO_-07.czi ,
"area": 19361.7126 ,
"bbox": 8 390 628 438 
 
"id": 0001-0349-2386 ,
"category_id": 0,
"iscrowd": 0,
"segmentation": [[TAGDELETE
2746, 483, 2599, 455, 2243, 263, 2122, 212, 2026, 192, 2342, 381, 2580, 483, 2710, 506
]],
"image_id": n2u_DMSO_-07.czi ,
"area": 25182.4284 ,
"bbox": 2026 192 720 314 
 
