"id": 0001-0901-1095 ,
"category_id": 0,
"iscrowd": 0,
"segmentation": [[TAGDELETE
1342, 602, 1119, 791, 941, 1037, 848, 1201, 1043, 955, 1153, 800, 1294, 684
]],
"image_id": n2u_25um_-14.czi ,
"area": 16605.5294 ,
"bbox": 848 602 494 599 
 
"id": 0001-0823-0854 ,
"category_id": 0,
"iscrowd": 0,
"segmentation": [[TAGDELETE
1192, 633, 1031, 720, 879, 817, 726, 879, 517, 1014, 627, 980, 853, 870, 1028, 769, 1141, 681
]],
"image_id": n2u_25um_-14.czi ,
"area": 20013.8636 ,
"bbox": 517 633 675 381 
 
"id": 0001-1451-0991 ,
"category_id": 0,
"iscrowd": 0,
"segmentation": [[TAGDELETE
1034, 1074, 992, 1365, 955, 1546, 935, 1721, 935, 1828, 983, 1574, 1040, 1325, 1048, 1153
]],
"image_id": n2u_25um_-14.czi ,
"area": 17190.8989 ,
"bbox": 935 1074 113 754 
 
"id": 0001-1705-0876 ,
"category_id": 0,
"iscrowd": 0,
"segmentation": [[TAGDELETE
805, 2094, 845, 2026, 924, 1794, 947, 1596, 938, 1317, 910, 1613, 862, 1873, 805, 2026
]],
"image_id": n2u_25um_-14.czi ,
"area": 19262.7769 ,
"bbox": 805 1317 142 777 
 
"id": 0001-1635-0684 ,
"category_id": 0,
"iscrowd": 0,
"segmentation": [[TAGDELETE
763, 1255, 718, 1424, 653, 1729, 616, 1896, 602, 2015, 672, 1791, 737, 1548, 766, 1331
]],
"image_id": n2u_25um_-14.czi ,
"area": 18469.6425 ,
"bbox": 602 1255 164 760 
 
"id": 0001-1674-0551 ,
"category_id": 0,
"iscrowd": 0,
"segmentation": [[TAGDELETE
390, 2023, 511, 1876, 616, 1675, 675, 1486, 712, 1325, 687, 1543, 661, 1678, 593, 1811, 494, 1941, 449, 1986
]],
"image_id": n2u_25um_-14.czi ,
"area": 17434.1157 ,
"bbox": 390 1325 322 698 
 
"id": 0001-1322-0515 ,
"category_id": 0,
"iscrowd": 0,
"segmentation": [[TAGDELETE
409, 1638, 525, 1598, 556, 1568, 579, 1496, 565, 1387, 532, 1246, 525, 1176, 537, 1110, 563, 1051, 591, 1006, 597, 1039, 568, 1116, 563, 1172, 572, 1234, 616, 1424, 621, 1500, 599, 1570, 540, 1622, 479, 1638
]],
"image_id": n2u_25um_-14.czi ,
"area": 21223.3523 ,
"bbox": 409 1006 212 632 
 
"id": 0001-1227-1817 ,
"category_id": 0,
"iscrowd": 0,
"segmentation": [[TAGDELETE
2019, 1458, 1939, 1370, 1861, 1263, 1809, 1183, 1753, 1125, 1677, 1057, 1616, 991, 1676, 1084, 1773, 1183, 1837, 1275, 1901, 1370, 1965, 1432, 2001, 1464
]],
"image_id": n2u_25um_-14.czi ,
"area": 11693.3729 ,
"bbox": 1616 991 403 473 
 
