"id": 0001-0538-0887 ,
"category_id": 0,
"iscrowd": 0,
"segmentation": [[TAGDELETE
1141, 214, 961, 365, 826, 518, 737, 668, 670, 794, 634, 862, 709, 782, 808, 633, 934, 469, 1048, 341, 1116, 262
]],
"image_id": n2u_50um_-03.czi ,
"area": 25113.1734 ,
"bbox": 634 214 507 648 
 
"id": 0001-0578-1776 ,
"category_id": 0,
"iscrowd": 0,
"segmentation": [[TAGDELETE
1984, 224, 1826, 314, 1732, 386, 1657, 478, 1622, 550, 1593, 690, 1586, 866, 1568, 933, 1614, 813, 1646, 685, 1660, 604, 1681, 533, 1737, 460, 1796, 392, 1908, 300, 1961, 249
]],
"image_id": n2u_50um_-03.czi ,
"area": 25852.7176 ,
"bbox": 1568 224 416 709 
 
"id": 0001-0897-2109 ,
"category_id": 0,
"iscrowd": 0,
"segmentation": [[TAGDELETE
2493, 986, 2384, 908, 2297, 862, 2240, 841, 2142, 829, 2044, 816, 1870, 810, 1749, 809, 1726, 814, 1764, 832, 1858, 849, 2033, 860, 2224, 888, 2328, 913, 2393, 946, 2458, 972
]],
"image_id": n2u_50um_-03.czi ,
"area": 23216.9062 ,
"bbox": 1726 809 767 177 
 
"id": 0001-1328-2167 ,
"category_id": 0,
"iscrowd": 0,
"segmentation": [[TAGDELETE
2270, 1705, 2236, 1642, 2188, 1550, 2165, 1501, 2141, 1392, 2118, 1224, 2097, 1082, 2082, 1002, 2082, 952, 2064, 1126, 2086, 1282, 2106, 1462, 2164, 1594, 2234, 1684
]],
"image_id": n2u_50um_-03.czi ,
"area": 21706.4882 ,
"bbox": 2064 952 206 753 
 
"id": 0001-1686-1164 ,
"category_id": 0,
"iscrowd": 0,
"segmentation": [[TAGDELETE
1582, 1833, 1252, 1679, 1052, 1593, 924, 1561, 838, 1555, 803, 1555, 746, 1535, 876, 1605, 970, 1630, 1132, 1697, 1238, 1753, 1426, 1821, 1552, 1838
]],
"image_id": n2u_50um_-03.czi ,
"area": 37109.9491 ,
"bbox": 746 1535 836 303 
 
