"id": 0001-1227-0431 ,
"category_id": 0,
"iscrowd": 0,
"segmentation": [[TAGDELETE
192, 1523, 390, 1311, 506, 1198, 585, 1077, 670, 932, 610, 1096, 528, 1226, 424, 1319, 345, 1421, 251, 1500
]],
"image_id": n2u_25um_.czi ,
"area": 17927.9697 ,
"bbox": 192 932 478 591 
 
"id": 0001-1180-1226 ,
"category_id": 0,
"iscrowd": 0,
"segmentation": [[TAGDELETE
842, 1283, 1006, 1153, 1212, 1079, 1325, 1077, 1438, 1110, 1554, 1164, 1611, 1212, 1424, 1144, 1328, 1127, 1215, 1125, 1057, 1178, 898, 1263
]],
"image_id": n2u_25um_.czi ,
"area": 24058.684 ,
"bbox": 842 1077 769 206 
 
"id": 0001-1718-1665 ,
"category_id": 0,
"iscrowd": 0,
"segmentation": [[TAGDELETE
1339, 1529, 1418, 1531, 1791, 1639, 1918, 1712, 1972, 1766, 1992, 1817, 1983, 1907, 1961, 1828, 1938, 1783, 1868, 1729, 1690, 1659, 1404, 1557
]],
"image_id": n2u_25um_.czi ,
"area": 24263.1511 ,
"bbox": 1339 1529 653 378 
 
"id": 0001-0902-2275 ,
"category_id": 0,
"iscrowd": 0,
"segmentation": [[TAGDELETE
1952, 1110, 2029, 1003, 2128, 879, 2266, 771, 2469, 720, 2599, 695, 2362, 709, 2260, 735, 2164, 797, 2096, 865, 2017, 958, 1972, 1054
]],
"image_id": n2u_25um_.czi ,
"area": 18679.0564 ,
"bbox": 1952 695 647 415 
 
"id": 0001-0452-0747 ,
"category_id": 0,
"iscrowd": 0,
"segmentation": [[TAGDELETE
1009, 229, 941, 345, 842, 432, 729, 534, 650, 551, 593, 562, 537, 588, 509, 619, 486, 675, 486, 610, 514, 559, 582, 528, 656, 520, 715, 497, 780, 441, 856, 370, 910, 331, 969, 254
]],
"image_id": n2u_25um_.czi ,
"area": 18029.3788 ,
"bbox": 486 229 523 446 
 
