"id": 0001-1373-0890 ,
"category_id": 0,
"iscrowd": 0,
"segmentation": [[TAGDELETE
879, 1105, 907, 1232, 907, 1334, 898, 1452, 862, 1562, 845, 1642, 879, 1591, 915, 1478, 927, 1373, 935, 1249, 918, 1170
]],
"image_id": rb782i_25um_-06.czi ,
"area": 9543.1708 ,
"bbox": 845 1105 90 537 
 
"id": 0001-1758-1195 ,
"category_id": 0,
"iscrowd": 0,
"segmentation": [[TAGDELETE
1074, 1500, 1144, 1571, 1181, 1633, 1260, 1820, 1317, 2017, 1277, 1969, 1223, 1808, 1164, 1664, 1113, 1577
]],
"image_id": rb782i_25um_-06.czi ,
"area": 11758.5056 ,
"bbox": 1074 1500 243 517 
 
"id": 0001-1384-1240 ,
"category_id": 0,
"iscrowd": 0,
"segmentation": [[TAGDELETE
1127, 1144, 1184, 1170, 1238, 1206, 1263, 1246, 1291, 1300, 1325, 1384, 1348, 1486, 1353, 1591, 1353, 1625, 1314, 1464, 1280, 1339, 1240, 1243, 1212, 1221, 1136, 1167
]],
"image_id": rb782i_25um_-06.czi ,
"area": 10262.1034 ,
"bbox": 1127 1144 226 481 
 
"id": 0001-1884-1566 ,
"category_id": 0,
"iscrowd": 0,
"segmentation": [[TAGDELETE
1560, 1599, 1557, 1704, 1568, 1820, 1568, 1913, 1554, 2017, 1537, 2099, 1548, 2170, 1560, 2080, 1585, 1989, 1596, 1924, 1596, 1842, 1585, 1664
]],
"image_id": rb782i_25um_-06.czi ,
"area": 10904.3609 ,
"bbox": 1537 1599 59 571 
 
"id": 0001-0148-1702 ,
"category_id": 0,
"iscrowd": 0,
"segmentation": [[TAGDELETE
1449, 45, 1565, 102, 1642, 172, 1735, 215, 1828, 226, 1955, 209, 1862, 251, 1808, 249, 1718, 240, 1613, 184, 1540, 113
]],
"image_id": rb782i_25um_-06.czi ,
"area": 9880.3766 ,
"bbox": 1449 45 506 206 
 
"id": 0001-0832-2105 ,
"category_id": 0,
"iscrowd": 0,
"segmentation": [[TAGDELETE
1921, 610, 1975, 633, 2080, 701, 2173, 780, 2232, 856, 2274, 963, 2289, 1054, 2260, 1009, 2215, 904, 2184, 839, 2139, 785, 2071, 729, 1998, 667
]],
"image_id": rb782i_25um_-06.czi ,
"area": 11582.0703 ,
"bbox": 1921 610 368 444 
 
"id": 0001-0801-1994 ,
"category_id": 0,
"iscrowd": 0,
"segmentation": [[TAGDELETE
1796, 664, 1874, 656, 1931, 667, 1989, 689, 2028, 708, 2083, 741, 2130, 781, 2154, 813, 2175, 850, 2184, 888, 2191, 920, 2193, 947, 2178, 930, 2165, 886, 2149, 859, 2129, 821, 2113, 798, 2079, 770, 2013, 727, 1955, 695, 1886, 677, 1829, 669
]],
"image_id": rb782i_25um_-06.czi ,
"area": 8750.8609 ,
"bbox": 1796 656 397 291 
 
