"id": 0001-0278-0474 ,
"category_id": 0,
"iscrowd": 0,
"segmentation": [[TAGDELETE
402, 159, 506, 167, 560, 185, 596, 227, 616, 271, 609, 319, 585, 367, 532, 397, 475, 388, 412, 347, 364, 293, 332, 256, 404, 311, 466, 351, 506, 364, 554, 352, 576, 321, 580, 273, 571, 245, 556, 226, 539, 207, 496, 197, 450, 191
]],
"image_id": rb782u_50um_-14.czi ,
"area": 13122.169 ,
"bbox": 332 159 284 238 
 
"id": 0001-1254-0477 ,
"category_id": 0,
"iscrowd": 0,
"segmentation": [[TAGDELETE
334, 1075, 412, 1078, 467, 1070, 506, 1072, 551, 1087, 585, 1112, 605, 1145, 620, 1197, 615, 1262, 584, 1310, 534, 1355, 424, 1438, 489, 1371, 562, 1301, 583, 1262, 593, 1213, 579, 1149, 563, 1129, 535, 1108, 484, 1094, 423, 1097, 381, 1095, 351, 1087
]],
"image_id": rb782u_50um_-14.czi ,
"area": 11084.094 ,
"bbox": 334 1070 286 368 
 
"id": 0001-0703-2089 ,
"category_id": 0,
"iscrowd": 0,
"segmentation": [[TAGDELETE
2204, 524, 2226, 546, 2259, 626, 2255, 689, 2240, 729, 2207, 775, 2113, 835, 2001, 882, 1919, 876, 1991, 867, 2166, 770, 2212, 728, 2229, 654, 2227, 613, 2199, 548
]],
"image_id": rb782u_50um_-14.czi ,
"area": 11159.9447 ,
"bbox": 1919 524 340 358 
 
"id": 0001-1301-2110 ,
"category_id": 0,
"iscrowd": 0,
"segmentation": [[TAGDELETE
1813, 1526, 1853, 1481, 2011, 1404, 2200, 1274, 2358, 1115, 2407, 1076, 2386, 1118, 2234, 1306, 2031, 1431, 1989, 1451, 1850, 1500
]],
"image_id": rb782u_50um_-14.czi ,
"area": 19068.2034 ,
"bbox": 1813 1076 594 450 
 
"id": 0001-1775-1561 ,
"category_id": 0,
"iscrowd": 0,
"segmentation": [[TAGDELETE
1597, 1537, 1675, 1690, 1710, 1836, 1701, 1916, 1661, 1983, 1592, 2014, 1531, 2003, 1492, 1975, 1473, 1953, 1455, 1923, 1431, 1907, 1412, 1903, 1442, 1896, 1480, 1914, 1503, 1945, 1539, 1971, 1570, 1979, 1598, 1973, 1623, 1966, 1662, 1920, 1670, 1865, 1667, 1815, 1661, 1778, 1609, 1573
]],
"image_id": rb782u_50um_-14.czi ,
"area": 17128.2396 ,
"bbox": 1412 1537 298 477 
 
"id": 0001-1967-2319 ,
"category_id": 0,
"iscrowd": 0,
"segmentation": [[TAGDELETE
2467, 2126, 2475, 2040, 2472, 1926, 2453, 1870, 2423, 1836, 2376, 1814, 2341, 1809, 2311, 1813, 2261, 1835, 2231, 1864, 2203, 1915, 2191, 1944, 2163, 1971, 2167, 1982, 2186, 1980, 2209, 1951, 2251, 1892, 2276, 1861, 2308, 1848, 2334, 1844, 2355, 1843, 2375, 1848, 2403, 1864, 2427, 1888, 2445, 1928, 2451, 1975, 2450, 2021, 2456, 2066, 2461, 2104
]],
"image_id": rb782u_50um_-14.czi ,
"area": 12981.1857 ,
"bbox": 2163 1809 312 317 
 
