"id": 0001-0528-1263 ,
"category_id": 0,
"iscrowd": 0,
"segmentation": [[TAGDELETE
1045, 436, 1086, 461, 1145, 504, 1199, 538, 1313, 572, 1481, 621, 1414, 621, 1330, 600, 1181, 558, 1142, 536, 1075, 478
]],
"image_id": rb782i_25um_-07.czi ,
"area": 7997.3008 ,
"bbox": 1045 436 436 185 
 
"id": 0001-0823-1279 ,
"category_id": 0,
"iscrowd": 0,
"segmentation": [[TAGDELETE
1018, 732, 1057, 725, 1103, 721, 1161, 725, 1231, 742, 1297, 769, 1389, 821, 1455, 856, 1541, 926, 1451, 878, 1317, 810, 1250, 774, 1173, 753, 1106, 742, 1050, 738
]],
"image_id": rb782i_25um_-07.czi ,
"area": 9276.8689 ,
"bbox": 1018 721 523 205 
 
"id": 0001-0805-0293 ,
"category_id": 0,
"iscrowd": 0,
"segmentation": [[TAGDELETE
133, 685, 139, 727, 149, 765, 164, 797, 183, 825, 219, 863, 257, 892, 299, 911, 354, 923, 389, 925, 436, 908, 453, 899, 408, 908, 355, 907, 306, 893, 253, 865, 213, 831, 185, 791, 164, 751, 149, 707
]],
"image_id": rb782i_25um_-07.czi ,
"area": 6004.5713 ,
"bbox": 133 685 320 240 
 
"id": 0001-0982-1923 ,
"category_id": 0,
"iscrowd": 0,
"segmentation": [[TAGDELETE
1664, 952, 1737, 968, 1820, 985, 1906, 989, 1989, 993, 2057, 990, 2125, 986, 2182, 992, 2078, 1009, 1928, 1012, 1841, 1009, 1740, 990, 1692, 973
]],
"image_id": rb782i_25um_-07.czi ,
"area": 7671.6375 ,
"bbox": 1664 952 518 60 
 
"id": 0001-1059-1923 ,
"category_id": 0,
"iscrowd": 0,
"segmentation": [[TAGDELETE
1648, 1093, 1773, 1085, 1917, 1082, 1992, 1078, 2054, 1068, 2101, 1050, 2152, 1026, 2198, 1013, 2117, 1061, 2076, 1084, 2020, 1100, 1964, 1104, 1860, 1106, 1734, 1106
]],
"image_id": rb782i_25um_-07.czi ,
"area": 8560.4097 ,
"bbox": 1648 1013 550 93 
 
"id": 0001-1364-2071 ,
"category_id": 0,
"iscrowd": 0,
"segmentation": [[TAGDELETE
1797, 1392, 1960, 1316, 2009, 1298, 2054, 1292, 2094, 1293, 2144, 1309, 2245, 1361, 2346, 1437, 2310, 1432, 2249, 1396, 2196, 1365, 2133, 1334, 2073, 1322, 2034, 1324, 1977, 1337, 1898, 1365, 1840, 1382
]],
"image_id": rb782i_25um_-07.czi ,
"area": 10981.036 ,
"bbox": 1797 1292 549 145 
 
"id": 0001-1972-0245 ,
"category_id": 0,
"iscrowd": 0,
"segmentation": [[TAGDELETE
69, 1855, 134, 1827, 181, 1809, 235, 1810, 276, 1824, 333, 1853, 391, 1915, 419, 1962, 422, 1993, 410, 2039, 392, 2065, 364, 2088, 321, 2112, 293, 2135, 338, 2087, 374, 2055, 395, 2020, 394, 1999, 385, 1961, 370, 1940, 347, 1913, 318, 1890, 293, 1867, 273, 1853, 257, 1845, 237, 1841, 193, 1840, 149, 1844, 96, 1855
]],
"image_id": rb782i_25um_-07.czi ,
"area": 11850.0211 ,
"bbox": 69 1809 353 326 
 
"id": 0001-1417-1596 ,
"category_id": 0,
"iscrowd": 0,
"segmentation": [[TAGDELETE
1517, 1667, 1523, 1648, 1520, 1585, 1529, 1506, 1558, 1431, 1589, 1385, 1646, 1315, 1680, 1255, 1691, 1207, 1699, 1167, 1677, 1212, 1657, 1254, 1634, 1294, 1601, 1331, 1552, 1394, 1519, 1450, 1497, 1525, 1494, 1574, 1507, 1654
]],
"image_id": rb782i_25um_-07.czi ,
"area": 9893.568 ,
"bbox": 1494 1167 205 500 
 
"id": 0001-1225-1503 ,
"category_id": 0,
"iscrowd": 0,
"segmentation": [[TAGDELETE
1327, 1134, 1357, 1225, 1397, 1273, 1447, 1305, 1510, 1316, 1563, 1309, 1621, 1280, 1659, 1244, 1679, 1210, 1631, 1253, 1582, 1282, 1520, 1295, 1476, 1291, 1440, 1278, 1407, 1256, 1375, 1217, 1363, 1183
]],
"image_id": rb782i_25um_-07.czi ,
"area": 6407.7342 ,
"bbox": 1327 1134 352 182 
 
"id": 0001-0924-1062 ,
"category_id": 0,
"iscrowd": 0,
"segmentation": [[TAGDELETE
791, 872, 920, 878, 987, 884, 1054, 898, 1193, 935, 1260, 954, 1319, 961, 1333, 968, 1319, 976, 1257, 971, 1215, 965, 1121, 940, 1062, 922, 1014, 910, 948, 904, 871, 895
]],
"image_id": rb782i_25um_-07.czi ,
"area": 8724.478 ,
"bbox": 791 872 542 104 
 
"id": 0001-0948-0959 ,
"category_id": 0,
"iscrowd": 0,
"segmentation": [[TAGDELETE
717, 915, 747, 915, 811, 937, 879, 952, 983, 958, 1080, 958, 1150, 959, 1201, 966, 1114, 975, 1024, 982, 958, 981, 866, 972, 815, 958, 743, 932
]],
"image_id": rb782i_25um_-07.czi ,
"area": 7432.543 ,
"bbox": 717 915 484 67 
 
"id": 0001-1006-1165 ,
"category_id": 0,
"iscrowd": 0,
"segmentation": [[TAGDELETE
880, 984, 912, 996, 947, 1015, 981, 1029, 1020, 1037, 1096, 1041, 1274, 1006, 1376, 990, 1451, 975, 1389, 972, 1344, 973, 1267, 983, 1152, 1003, 1103, 1014, 1055, 1014, 1004, 1009, 941, 993, 906, 979
]],
"image_id": rb782i_25um_-07.czi ,
"area": 10020.5355 ,
"bbox": 880 972 571 69 
 
"id": 0001-1033-0734 ,
"category_id": 0,
"iscrowd": 0,
"segmentation": [[TAGDELETE
514, 1080, 573, 1056, 660, 1029, 730, 1002, 778, 989, 832, 986, 870, 987, 906, 997, 931, 1008, 954, 1024, 955, 1030, 948, 1029, 922, 1022, 904, 1012, 862, 1007, 817, 1008, 755, 1016, 714, 1032, 656, 1050, 620, 1057, 571, 1071
]],
"image_id": rb782i_25um_-07.czi ,
"area": 6450.6063 ,
"bbox": 514 986 441 94 
 
"id": 0001-0570-1742 ,
"category_id": 0,
"iscrowd": 0,
"segmentation": [[TAGDELETE
1775, 319, 1755, 479, 1736, 625, 1730, 728, 1732, 791, 1728, 821, 1718, 771, 1710, 697, 1718, 601, 1733, 485, 1757, 358
]],
"image_id": rb782i_25um_-07.czi ,
"area": 7018.662 ,
"bbox": 1710 319 65 502 
 
"id": 0001-0495-1705 ,
"category_id": 0,
"iscrowd": 0,
"segmentation": [[TAGDELETE
1702, 689, 1687, 654, 1683, 622, 1688, 493, 1694, 454, 1711, 400, 1730, 358, 1752, 321, 1752, 302, 1724, 340, 1699, 377, 1679, 427, 1669, 473, 1663, 545, 1658, 591, 1667, 647, 1686, 680
]],
"image_id": rb782i_25um_-07.czi ,
"area": 6331.0591 ,
"bbox": 1658 302 94 387 
 
"id": 0001-0335-1978 ,
"category_id": 0,
"iscrowd": 0,
"segmentation": [[TAGDELETE
2099, 118, 2100, 160, 2070, 251, 2038, 334, 1965, 442, 1856, 553, 1862, 533, 1897, 485, 1951, 421, 1995, 368, 2042, 264, 2079, 163, 2094, 136
]],
"image_id": rb782i_25um_-07.czi ,
"area": 7761.5041 ,
"bbox": 1856 118 244 435 
 
"id": 0001-0537-2001 ,
"category_id": 0,
"iscrowd": 0,
"segmentation": [[TAGDELETE
1791, 651, 1849, 619, 1942, 581, 1999, 555, 2046, 523, 2093, 484, 2128, 458, 2176, 433, 2212, 424, 2192, 450, 2159, 460, 2119, 496, 2057, 547, 1998, 582, 1931, 611, 1838, 642
]],
"image_id": rb782i_25um_-07.czi ,
"area": 8118.497 ,
"bbox": 1791 424 421 227 
 
"id": 0001-0849-2248 ,
"category_id": 0,
"iscrowd": 0,
"segmentation": [[TAGDELETE
2304, 608, 2241, 678, 2213, 726, 2199, 800, 2192, 868, 2197, 938, 2217, 990, 2235, 1044, 2249, 1091, 2256, 1059, 2245, 1013, 2231, 954, 2221, 910, 2221, 847, 2221, 794, 2237, 711, 2289, 637
]],
"image_id": rb782i_25um_-07.czi ,
"area": 8092.1142 ,
"bbox": 2192 608 112 483 
 
