"id": 0001-1347-0449 ,
"category_id": 0,
"iscrowd": 0,
"segmentation": [[TAGDELETE
319, 1144, 376, 1246, 483, 1342, 509, 1379, 545, 1466, 579, 1551, 554, 1407, 514, 1322, 393, 1223
]],
"image_id": rb782i_25um_-04.czi ,
"area": 9352.7196 ,
"bbox": 319 1144 260 407 
 
"id": 0001-1725-1130 ,
"category_id": 0,
"iscrowd": 0,
"segmentation": [[TAGDELETE
1034, 1495, 955, 1571, 952, 1670, 989, 1738, 1074, 1831, 1158, 1887, 1308, 1955, 1074, 1783, 1000, 1687, 983, 1636, 995, 1594, 1014, 1540
]],
"image_id": rb782i_25um_-04.czi ,
"area": 15331.7325 ,
"bbox": 952 1495 356 460 
 
"id": 0001-1564-1998 ,
"category_id": 0,
"iscrowd": 0,
"segmentation": [[TAGDELETE
1786, 1390, 1887, 1526, 1986, 1639, 2065, 1684, 2178, 1738, 2210, 1735, 2122, 1681, 2006, 1605, 1882, 1478, 1834, 1433
]],
"image_id": rb782i_25um_-04.czi ,
"area": 11906.9091 ,
"bbox": 1786 1390 424 348 
 
"id": 0001-1465-2076 ,
"category_id": 0,
"iscrowd": 0,
"segmentation": [[TAGDELETE
1986, 1280, 2020, 1373, 2063, 1523, 2088, 1582, 2128, 1630, 2167, 1647, 2128, 1650, 2071, 1611, 2026, 1483, 1989, 1370
]],
"image_id": rb782i_25um_-04.czi ,
"area": 7652.6748 ,
"bbox": 1986 1280 181 370 
 
