"id": 0001-1140-0502 ,
"category_id": 0,
"iscrowd": 0,
"segmentation": [[TAGDELETE
212, 1172, 279, 1139, 330, 1105, 422, 1092, 493, 1102, 725, 1160, 792, 1188, 697, 1178, 514, 1134, 455, 1121, 384, 1121, 289, 1157, 260, 1169
]],
"image_id": rb782u_25um_-10.czi ,
"area": 11148.4022 ,
"bbox": 212 1092 580 96 
 
"id": 0001-1206-0575 ,
"category_id": 0,
"iscrowd": 0,
"segmentation": [[TAGDELETE
201, 1228, 316, 1208, 425, 1179, 537, 1170, 717, 1187, 949, 1235, 902, 1242, 772, 1229, 662, 1211, 565, 1197, 436, 1202, 328, 1224, 250, 1242
]],
"image_id": rb782u_25um_-10.czi ,
"area": 14391.8436 ,
"bbox": 201 1170 748 72 
 
"id": 0001-1334-0443 ,
"category_id": 0,
"iscrowd": 0,
"segmentation": [[TAGDELETE
184, 1446, 283, 1324, 385, 1261, 453, 1232, 607, 1222, 701, 1226, 703, 1242, 589, 1251, 496, 1256, 427, 1272, 336, 1315, 253, 1380, 213, 1422
]],
"image_id": rb782u_25um_-10.czi ,
"area": 10615.7985 ,
"bbox": 184 1222 519 224 
 
"id": 0001-1331-0787 ,
"category_id": 0,
"iscrowd": 0,
"segmentation": [[TAGDELETE
1087, 1392, 1028, 1340, 987, 1330, 908, 1320, 856, 1304, 802, 1276, 744, 1268, 648, 1283, 586, 1295, 543, 1288, 488, 1284, 539, 1312, 594, 1320, 654, 1310, 710, 1299, 759, 1299, 852, 1335, 908, 1344, 966, 1346, 1030, 1368, 1072, 1394
]],
"image_id": rb782u_25um_-10.czi ,
"area": 12476.6137 ,
"bbox": 488 1268 599 126 
 
"id": 0001-1881-1329 ,
"category_id": 0,
"iscrowd": 0,
"segmentation": [[TAGDELETE
1020, 1934, 1127, 1898, 1221, 1895, 1336, 1885, 1470, 1847, 1586, 1828, 1639, 1831, 1611, 1845, 1379, 1903, 1284, 1922, 1238, 1926, 1162, 1921, 1081, 1927
]],
"image_id": rb782u_25um_-10.czi ,
"area": 12723.9529 ,
"bbox": 1020 1828 619 106 
 
"id": 0001-1170-2207 ,
"category_id": 0,
"iscrowd": 0,
"segmentation": [[TAGDELETE
2402, 924, 2259, 1104, 2158, 1207, 2078, 1280, 2049, 1323, 2020, 1371, 2013, 1417, 2036, 1385, 2080, 1323, 2166, 1246, 2281, 1128, 2353, 1041, 2381, 983
]],
"image_id": rb782u_25um_-10.czi ,
"area": 14396.7904 ,
"bbox": 2013 924 389 493 
 
"id": 0001-1148-1617 ,
"category_id": 0,
"iscrowd": 0,
"segmentation": [[TAGDELETE
1790, 1379, 1775, 1312, 1746, 1249, 1682, 1166, 1559, 1068, 1500, 987, 1436, 917, 1507, 969, 1587, 1056, 1679, 1122, 1749, 1200, 1789, 1273, 1794, 1327, 1798, 1363
]],
"image_id": rb782u_25um_-10.czi ,
"area": 11342.1512 ,
"bbox": 1436 917 362 462 
 
"id": 0001-1391-1419 ,
"category_id": 0,
"iscrowd": 0,
"segmentation": [[TAGDELETE
1142, 1341, 1185, 1341, 1246, 1369, 1300, 1401, 1365, 1420, 1447, 1411, 1542, 1384, 1604, 1371, 1655, 1369, 1697, 1372, 1600, 1390, 1524, 1419, 1442, 1440, 1383, 1441, 1288, 1423, 1214, 1377, 1178, 1356
]],
"image_id": rb782u_25um_-10.czi ,
"area": 9750.9357 ,
"bbox": 1142 1341 555 100 
 
"id": 0001-1537-1033 ,
"category_id": 0,
"iscrowd": 0,
"segmentation": [[TAGDELETE
733, 1668, 834, 1616, 906, 1573, 972, 1462, 1016, 1422, 1088, 1406, 1182, 1430, 1257, 1445, 1310, 1433, 1333, 1448, 1237, 1466, 1108, 1448, 1053, 1442, 1001, 1482, 966, 1544, 913, 1602, 856, 1638, 784, 1665
]],
"image_id": rb782u_25um_-10.czi ,
"area": 15942.6604 ,
"bbox": 733 1406 600 262 
 
"id": 0001-1772-0468 ,
"category_id": 0,
"iscrowd": 0,
"segmentation": [[TAGDELETE
144, 2067, 221, 1948, 324, 1855, 411, 1762, 521, 1617, 575, 1530, 628, 1491, 676, 1478, 753, 1484, 793, 1495, 716, 1502, 645, 1517, 620, 1530, 516, 1680, 406, 1822, 304, 1922, 250, 1963, 156, 2059
]],
"image_id": rb782u_25um_-10.czi ,
"area": 21675.1586 ,
"bbox": 144 1478 649 589 
 
"id": 0001-1799-0437 ,
"category_id": 0,
"iscrowd": 0,
"segmentation": [[TAGDELETE
247, 2059, 321, 1982, 376, 1921, 479, 1824, 561, 1717, 616, 1612, 634, 1540, 518, 1733, 414, 1845, 296, 1962, 241, 2045
]],
"image_id": rb782u_25um_-10.czi ,
"area": 13547.5924 ,
"bbox": 241 1540 393 519 
 
"id": 0001-0645-2349 ,
"category_id": 0,
"iscrowd": 0,
"segmentation": [[TAGDELETE
2392, 882, 2329, 842, 2296, 799, 2288, 747, 2295, 695, 2328, 620, 2372, 553, 2389, 490, 2388, 451, 2379, 408, 2411, 479, 2402, 544, 2381, 586, 2352, 633, 2329, 680, 2318, 727, 2317, 773, 2333, 818, 2375, 852, 2390, 869
]],
"image_id": rb782u_25um_-10.czi ,
"area": 9539.0485 ,
"bbox": 2288 408 123 474 
 
"id": 0001-0977-2256 ,
"category_id": 0,
"iscrowd": 0,
"segmentation": [[TAGDELETE
1969, 1084, 2040, 1049, 2131, 976, 2219, 925, 2292, 900, 2359, 908, 2426, 925, 2481, 941, 2544, 970, 2481, 928, 2419, 900, 2358, 878, 2305, 870, 2256, 882, 2192, 906, 2144, 927, 2089, 973, 2050, 1006, 2016, 1034, 1977, 1063
]],
"image_id": rb782u_25um_-10.czi ,
"area": 12747.0379 ,
"bbox": 1969 870 575 214 
 
"id": 0001-0637-1068 ,
"category_id": 0,
"iscrowd": 0,
"segmentation": [[TAGDELETE
938, 675, 966, 605, 1021, 544, 1073, 523, 1153, 543, 1186, 580, 1199, 611, 1199, 653, 1179, 705, 1127, 752, 1165, 683, 1174, 639, 1170, 600, 1147, 568, 1118, 548, 1079, 545, 1031, 568, 998, 596, 959, 649
]],
"image_id": rb782u_25um_-10.czi ,
"area": 7900.014 ,
"bbox": 938 523 261 229 
 
"id": 0001-1812-2389 ,
"category_id": 0,
"iscrowd": 0,
"segmentation": [[TAGDELETE
2590, 1615, 2546, 1658, 2466, 1764, 2395, 1845, 2321, 1911, 2229, 1973, 2188, 2009, 2296, 1951, 2364, 1906, 2438, 1834, 2506, 1761, 2547, 1708, 2578, 1648
]],
"image_id": rb782u_25um_-10.czi ,
"area": 9914.1796 ,
"bbox": 2188 1615 402 394 
 
"id": 0001-0972-0243 ,
"category_id": 0,
"iscrowd": 0,
"segmentation": [[TAGDELETE
135, 1250, 147, 1182, 228, 1072, 291, 965, 319, 885, 327, 810, 325, 733, 339, 694, 352, 804, 339, 886, 304, 1006, 243, 1100, 175, 1176
]],
"image_id": rb782u_25um_-10.czi ,
"area": 10985.1583 ,
"bbox": 135 694 217 556 
 
"id": 0001-0216-1747 ,
"category_id": 0,
"iscrowd": 0,
"segmentation": [[TAGDELETE
1970, 303, 1956, 247, 1937, 212, 1906, 176, 1869, 155, 1812, 140, 1736, 133, 1645, 129, 1563, 148, 1525, 165, 1694, 151, 1794, 154, 1871, 178, 1916, 224, 1939, 252, 1956, 295
]],
"image_id": rb782u_25um_-10.czi ,
"area": 8026.9815 ,
"bbox": 1525 129 445 174 
 
"id": 0001-0301-0849 ,
"category_id": 0,
"iscrowd": 0,
"segmentation": [[TAGDELETE
1043, 532, 974, 509, 904, 490, 820, 473, 774, 443, 709, 356, 675, 300, 656, 232, 657, 168, 663, 135, 661, 71, 679, 121, 685, 171, 682, 224, 707, 295, 759, 376, 827, 441, 937, 473, 1007, 504
]],
"image_id": rb782u_25um_-10.czi ,
"area": 13867.4845 ,
"bbox": 656 71 387 461 
 
"id": 0001-0668-0318 ,
"category_id": 0,
"iscrowd": 0,
"segmentation": [[TAGDELETE
377, 479, 309, 661, 249, 837, 231, 893, 231, 947, 250, 962, 251, 919, 270, 862, 406, 462, 398, 374
]],
"image_id": rb782u_25um_-10.czi ,
"area": 11921.7494 ,
"bbox": 231 374 175 588 
 
"id": 0001-0602-0266 ,
"category_id": 0,
"iscrowd": 0,
"segmentation": [[TAGDELETE
253, 323, 281, 392, 284, 453, 263, 642, 239, 779, 225, 857, 226, 881, 263, 788, 303, 530, 308, 448, 300, 380, 282, 354
]],
"image_id": rb782u_25um_-10.czi ,
"area": 9961.174 ,
"bbox": 225 323 83 558 
 
"id": 0001-1565-0261 ,
"category_id": 0,
"iscrowd": 0,
"segmentation": [[TAGDELETE
8, 1602, 76, 1567, 145, 1551, 220, 1528, 301, 1536, 433, 1539, 514, 1537, 503, 1547, 392, 1565, 272, 1558, 211, 1552, 137, 1575, 48, 1593
]],
"image_id": rb782u_25um_-10.czi ,
"area": 8317.1928 ,
"bbox": 8 1528 506 74 
 
"id": 0001-0613-1418 ,
"category_id": 0,
"iscrowd": 0,
"segmentation": [[TAGDELETE
1396, 299, 1399, 385, 1375, 532, 1384, 636, 1432, 771, 1457, 828, 1487, 900, 1491, 928, 1447, 867, 1399, 747, 1363, 665, 1345, 583, 1351, 520, 1387, 345
]],
"image_id": rb782u_25um_-10.czi ,
"area": 11945.6589 ,
"bbox": 1345 299 146 629 
 
"id": 0001-0763-1349 ,
"category_id": 0,
"iscrowd": 0,
"segmentation": [[TAGDELETE
1287, 623, 1296, 672, 1315, 691, 1353, 720, 1373, 744, 1384, 777, 1392, 823, 1392, 847, 1377, 903, 1393, 897, 1408, 863, 1411, 813, 1404, 764, 1383, 731, 1361, 707, 1325, 684, 1304, 652
]],
"image_id": rb782u_25um_-10.czi ,
"area": 4147.8784 ,
"bbox": 1287 623 124 280 
 
"id": 0001-0284-1849 ,
"category_id": 0,
"iscrowd": 0,
"segmentation": [[TAGDELETE
2075, 407, 1996, 370, 1888, 352, 1787, 308, 1705, 253, 1629, 160, 1623, 179, 1653, 227, 1703, 281, 1785, 335, 1883, 374, 1994, 389, 2061, 409
]],
"image_id": rb782u_25um_-10.czi ,
"area": 8949.5567 ,
"bbox": 1623 160 452 249 
 
