"id": 0001-0416-0531 ,
"category_id": 0,
"iscrowd": 0,
"segmentation": [[TAGDELETE
385, 193, 457, 299, 489, 324, 551, 337, 589, 347, 623, 367, 632, 400, 628, 453, 615, 516, 624, 565, 643, 617, 677, 640, 653, 583, 648, 501, 660, 407, 648, 357, 620, 327, 587, 313, 508, 301, 473, 281, 435, 240, 412, 216
]],
"image_id": rb782u_50um_-10.czi ,
"area": 11914.3293 ,
"bbox": 385 193 292 447 
 
"id": 0001-0707-0722 ,
"category_id": 0,
"iscrowd": 0,
"segmentation": [[TAGDELETE
536, 589, 541, 703, 559, 759, 609, 812, 675, 825, 731, 811, 784, 776, 836, 721, 855, 665, 908, 613, 855, 632, 827, 675, 776, 740, 716, 780, 677, 789, 621, 780, 571, 728, 552, 631
]],
"image_id": rb782u_50um_-10.czi ,
"area": 12887.1968 ,
"bbox": 536 589 372 236 
 
"id": 0001-0794-0386 ,
"category_id": 0,
"iscrowd": 0,
"segmentation": [[TAGDELETE
216, 601, 192, 745, 209, 825, 271, 903, 355, 947, 471, 961, 505, 964, 581, 987, 540, 951, 477, 932, 408, 920, 349, 911, 280, 864, 237, 789, 217, 725, 220, 657
]],
"image_id": rb782u_50um_-10.czi ,
"area": 13747.9372 ,
"bbox": 192 601 389 386 
 
"id": 0001-1127-0857 ,
"category_id": 0,
"iscrowd": 0,
"segmentation": [[TAGDELETE
1023, 867, 978, 1093, 953, 1175, 904, 1258, 855, 1322, 835, 1340, 790, 1372, 753, 1388, 691, 1370, 746, 1372, 783, 1339, 893, 1212, 934, 1127, 957, 1017, 983, 938
]],
"image_id": rb782u_50um_-10.czi ,
"area": 16061.3832 ,
"bbox": 691 867 332 521 
 
"id": 0001-1821-0558 ,
"category_id": 0,
"iscrowd": 0,
"segmentation": [[TAGDELETE
670, 1686, 646, 1717, 646, 1761, 664, 1833, 666, 1889, 652, 1926, 620, 1955, 574, 1957, 533, 1931, 499, 1871, 465, 1779, 447, 1696, 493, 1787, 535, 1880, 569, 1923, 602, 1925, 621, 1917, 638, 1888, 635, 1845, 624, 1784, 626, 1721, 646, 1700
]],
"image_id": rb782u_50um_-10.czi ,
"area": 11805.5 ,
"bbox": 447 1686 223 271 
 
"id": 0001-1543-1583 ,
"category_id": 0,
"iscrowd": 0,
"segmentation": [[TAGDELETE
1656, 1297, 1695, 1369, 1726, 1461, 1708, 1562, 1691, 1609, 1650, 1656, 1591, 1698, 1536, 1726, 1507, 1733, 1440, 1790, 1472, 1733, 1552, 1685, 1631, 1636, 1674, 1586, 1691, 1506, 1686, 1420, 1671, 1353
]],
"image_id": rb782u_50um_-10.czi ,
"area": 12101.4826 ,
"bbox": 1440 1297 286 493 
 
"id": 0001-1327-1348 ,
"category_id": 0,
"iscrowd": 0,
"segmentation": [[TAGDELETE
1364, 1018, 1334, 1082, 1323, 1149, 1334, 1238, 1366, 1344, 1406, 1480, 1410, 1544, 1382, 1597, 1347, 1637, 1375, 1588, 1380, 1549, 1378, 1492, 1350, 1417, 1316, 1296, 1294, 1214, 1286, 1142, 1308, 1077, 1338, 1038
]],
"image_id": rb782u_50um_-10.czi ,
"area": 15201.4672 ,
"bbox": 1286 1018 124 619 
 
"id": 0001-0245-2229 ,
"category_id": 0,
"iscrowd": 0,
"segmentation": [[TAGDELETE
1981, 55, 2141, 148, 2197, 201, 2280, 291, 2413, 368, 2454, 384, 2477, 436, 2345, 363, 2218, 276, 2164, 217, 2080, 143, 2025, 105
]],
"image_id": rb782u_50um_-10.czi ,
"area": 14003.521 ,
"bbox": 1981 55 496 381 
 
"id": 0001-0423-1737 ,
"category_id": 0,
"iscrowd": 0,
"segmentation": [[TAGDELETE
1912, 575, 1777, 621, 1696, 629, 1630, 609, 1606, 567, 1601, 403, 1596, 281, 1577, 189, 1562, 536, 1584, 605, 1621, 647, 1673, 656, 1754, 657, 1826, 640, 1898, 596
]],
"image_id": rb782u_50um_-10.czi ,
"area": 17967.544 ,
"bbox": 1562 189 350 468 
 
"id": 0001-0635-2053 ,
"category_id": 0,
"iscrowd": 0,
"segmentation": [[TAGDELETE
2069, 456, 2064, 544, 2092, 605, 2150, 671, 2157, 725, 2132, 763, 2094, 771, 2038, 764, 1990, 749, 1965, 719, 1941, 659, 1944, 580, 1916, 648, 1913, 699, 1932, 743, 1956, 773, 2033, 805, 2109, 815, 2162, 789, 2193, 743, 2190, 684, 2168, 636, 2122, 591, 2085, 529
]],
"image_id": rb782u_50um_-10.czi ,
"area": 19102.0064 ,
"bbox": 1913 456 280 359 
 
"id": 0001-0855-2245 ,
"category_id": 0,
"iscrowd": 0,
"segmentation": [[TAGDELETE
2396, 628, 2400, 755, 2386, 804, 2325, 846, 2142, 920, 2082, 960, 2066, 1011, 2072, 1050, 2109, 1082, 2089, 1034, 2097, 1002, 2160, 956, 2374, 863, 2414, 816, 2425, 755, 2414, 694
]],
"image_id": rb782u_50um_-10.czi ,
"area": 15703.5658 ,
"bbox": 2066 628 359 454 
 
"id": 0001-1208-1851 ,
"category_id": 0,
"iscrowd": 0,
"segmentation": [[TAGDELETE
1734, 929, 1825, 1051, 1941, 1247, 1969, 1332, 1969, 1397, 1958, 1456, 1948, 1487, 1940, 1399, 1924, 1303, 1883, 1212, 1784, 1039, 1750, 967
]],
"image_id": rb782u_50um_-10.czi ,
"area": 13468.4439 ,
"bbox": 1734 929 235 558 
 
"id": 0001-1746-2033 ,
"category_id": 0,
"iscrowd": 0,
"segmentation": [[TAGDELETE
2212, 2078, 2158, 2073, 2090, 2045, 2013, 1914, 1953, 1774, 1929, 1742, 1876, 1574, 1854, 1415, 1985, 1741, 2012, 1779, 2064, 1906, 2070, 1946, 2134, 2035
]],
"image_id": rb782u_50um_-10.czi ,
"area": 23645.6275 ,
"bbox": 1854 1415 358 663 
 
