"id": 0001-0227-1049 ,
"category_id": 0,
"iscrowd": 0,
"segmentation": [[TAGDELETE
917, 46, 999, 134, 1049, 184, 1111, 266, 1132, 294, 1138, 325, 1130, 348, 1117, 363, 1094, 366, 1070, 363, 1027, 333, 982, 299, 961, 285, 939, 279, 954, 310, 1006, 364, 1046, 398, 1083, 409, 1118, 406, 1150, 391, 1171, 363, 1182, 334, 1178, 303, 1164, 269, 1098, 184, 1071, 153, 1021, 111, 980, 83, 949, 67
]],
"image_id": rb782i_DMSO_-06.czi ,
"area": 18482.834 ,
"bbox": 917 46 265 363 
 
"id": 0001-0761-1439 ,
"category_id": 0,
"iscrowd": 0,
"segmentation": [[TAGDELETE
1303, 598, 1398, 626, 1421, 640, 1486, 713, 1566, 828, 1576, 864, 1576, 885, 1558, 904, 1537, 920, 1522, 924, 1498, 925, 1466, 904, 1447, 888, 1429, 868, 1454, 868, 1496, 890, 1517, 884, 1530, 878, 1531, 861, 1520, 840, 1446, 733, 1398, 664, 1369, 643, 1332, 616
]],
"image_id": rb782i_DMSO_-06.czi ,
"area": 14802.4267 ,
"bbox": 1303 598 273 327 
 
"id": 0001-0944-1345 ,
"category_id": 0,
"iscrowd": 0,
"segmentation": [[TAGDELETE
1136, 864, 1178, 857, 1308, 863, 1403, 875, 1438, 888, 1466, 902, 1502, 928, 1523, 945, 1541, 978, 1554, 1032, 1534, 1001, 1510, 976, 1471, 949, 1427, 929, 1372, 915, 1303, 908, 1158, 876
]],
"image_id": rb782i_DMSO_-06.czi ,
"area": 12863.2873 ,
"bbox": 1136 857 418 175 
 
"id": 0001-1660-1056 ,
"category_id": 0,
"iscrowd": 0,
"segmentation": [[TAGDELETE
959, 1492, 972, 1491, 1086, 1538, 1126, 1568, 1186, 1634, 1208, 1679, 1217, 1719, 1211, 1752, 1176, 1801, 1146, 1823, 1119, 1829, 1093, 1828, 1046, 1811, 982, 1761, 896, 1666, 938, 1700, 986, 1721, 1028, 1754, 1075, 1783, 1109, 1784, 1144, 1766, 1168, 1735, 1170, 1714, 1155, 1674, 1106, 1618, 1066, 1585, 1012, 1546, 966, 1514, 958, 1500
]],
"image_id": rb782i_DMSO_-06.czi ,
"area": 22685.127 ,
"bbox": 896 1491 321 338 
 
