"id": 0001-0316-1810 ,
"category_id": 0,
"iscrowd": 0,
"segmentation": [[TAGDELETE
1698, 71, 1702, 124, 1717, 181, 1719, 258, 1729, 328, 1751, 407, 1793, 492, 1817, 527, 1868, 553, 1922, 562, 1907, 542, 1873, 528, 1818, 472, 1781, 386, 1761, 332, 1744, 187, 1717, 107
]],
"image_id": rb782u_-ctl_-05.czi ,
"area": 13013.3398 ,
"bbox": 1698 71 224 491 
 
"id": 0001-0151-2442 ,
"category_id": 0,
"iscrowd": 0,
"segmentation": [[TAGDELETE
2579, 75, 2511, 147, 2447, 192, 2379, 217, 2306, 227, 2351, 206, 2409, 188, 2475, 157, 2531, 113, 2562, 82
]],
"image_id": rb782u_-ctl_-05.czi ,
"area": 3313.5208 ,
"bbox": 2306 75 273 152 
 
"id": 0001-0524-2418 ,
"category_id": 0,
"iscrowd": 0,
"segmentation": [[TAGDELETE
2637, 720, 2495, 576, 2411, 498, 2333, 432, 2280, 386, 2199, 329, 2207, 348, 2267, 415, 2326, 465, 2415, 546, 2495, 619, 2582, 686, 2624, 715
]],
"image_id": rb782u_-ctl_-05.czi ,
"area": 12068.504 ,
"bbox": 2199 329 438 391 
 
"id": 0001-0729-1798 ,
"category_id": 0,
"iscrowd": 0,
"segmentation": [[TAGDELETE
1507, 743, 1611, 737, 1667, 746, 1731, 749, 1833, 731, 1918, 707, 2034, 683, 2090, 681, 1963, 725, 1861, 758, 1779, 775, 1715, 778, 1632, 771, 1567, 761
]],
"image_id": rb782u_-ctl_-05.czi ,
"area": 12302.6518 ,
"bbox": 1507 681 583 97 
 
"id": 0001-0838-1629 ,
"category_id": 0,
"iscrowd": 0,
"segmentation": [[TAGDELETE
1327, 755, 1522, 821, 1746, 885, 1932, 903, 1928, 919, 1808, 921, 1663, 893, 1500, 845, 1394, 796
]],
"image_id": rb782u_-ctl_-05.czi ,
"area": 12469.1935 ,
"bbox": 1327 755 605 166 
 
"id": 0001-1562-2052 ,
"category_id": 0,
"iscrowd": 0,
"segmentation": [[TAGDELETE
1779, 1729, 1874, 1649, 1986, 1566, 2074, 1505, 2233, 1433, 2325, 1394, 2238, 1464, 2087, 1534, 1931, 1646, 1847, 1701, 1797, 1730
]],
"image_id": rb782u_-ctl_-05.czi ,
"area": 13982.9094 ,
"bbox": 1779 1394 546 336 
 
"id": 0001-1499-0823 ,
"category_id": 0,
"iscrowd": 0,
"segmentation": [[TAGDELETE
644, 1195, 697, 1291, 747, 1430, 796, 1534, 855, 1631, 1003, 1804, 968, 1748, 959, 1714, 857, 1575, 787, 1444, 737, 1308, 699, 1248
]],
"image_id": rb782u_-ctl_-05.czi ,
"area": 15161.893 ,
"bbox": 644 1195 359 609 
 
"id": 0001-1287-1011 ,
"category_id": 0,
"iscrowd": 0,
"segmentation": [[TAGDELETE
1085, 1545, 1076, 1473, 1066, 1441, 1058, 1377, 1046, 1292, 1040, 1241, 1006, 1137, 984, 1096, 937, 1030, 941, 1065, 988, 1154, 1016, 1256, 1033, 1348, 1052, 1470
]],
"image_id": rb782u_-ctl_-05.czi ,
"area": 8855.5678 ,
"bbox": 937 1030 148 515 
 
"id": 0001-2119-1726 ,
"category_id": 0,
"iscrowd": 0,
"segmentation": [[TAGDELETE
1504, 2145, 1549, 2136, 1640, 2129, 1729, 2120, 1823, 2101, 1898, 2085, 1949, 2086, 1878, 2104, 1793, 2130, 1709, 2142, 1632, 2151, 1562, 2153, 1517, 2150
]],
"image_id": rb782u_-ctl_-05.czi ,
"area": 6252.735 ,
"bbox": 1504 2085 445 68 
 
"id": 0001-0256-0618 ,
"category_id": 0,
"iscrowd": 0,
"segmentation": [[TAGDELETE
894, 145, 692, 200, 596, 225, 541, 250, 484, 279, 440, 318, 391, 343, 342, 367, 395, 361, 446, 340, 484, 317, 513, 294, 568, 264, 637, 241, 717, 220, 873, 162
]],
"image_id": rb782u_-ctl_-05.czi ,
"area": 10421.225 ,
"bbox": 342 145 552 222 
 
