"id": 0001-0429-0521 ,
"category_id": 0,
"iscrowd": 0,
"segmentation": [[TAGDELETE
268, 396, 340, 391, 479, 407, 610, 423, 702, 439, 762, 455, 774, 467, 678, 457, 509, 435, 331, 404
]],
"image_id": rb782i_DMSO_-03.czi ,
"area": 7783.7646 ,
"bbox": 268 391 506 76 
 
"id": 0001-0662-0275 ,
"category_id": 0,
"iscrowd": 0,
"segmentation": [[TAGDELETE
84, 567, 174, 581, 269, 615, 394, 685, 448, 733, 466, 757, 453, 755, 403, 715, 322, 667, 228, 618, 111, 580
]],
"image_id": rb782i_DMSO_-03.czi ,
"area": 5850.3965 ,
"bbox": 84 567 382 190 
 
"id": 0001-0810-1342 ,
"category_id": 0,
"iscrowd": 0,
"segmentation": [[TAGDELETE
1573, 926, 1520, 912, 1394, 861, 1340, 836, 1192, 752, 1132, 712, 1112, 694, 1137, 696, 1248, 756, 1347, 814, 1466, 872, 1520, 895, 1539, 911
]],
"image_id": rb782i_DMSO_-03.czi ,
"area": 7937.1149 ,
"bbox": 1112 694 461 232 
 
"id": 0001-0927-0912 ,
"category_id": 0,
"iscrowd": 0,
"segmentation": [[TAGDELETE
865, 710, 881, 776, 881, 788, 960, 1105, 961, 1145, 935, 1107, 903, 1004, 864, 807, 864, 756
]],
"image_id": rb782i_DMSO_-03.czi ,
"area": 8117.6725 ,
"bbox": 864 710 97 435 
 
"id": 0001-1919-2117 ,
"category_id": 0,
"iscrowd": 0,
"segmentation": [[TAGDELETE
2239, 1753, 2236, 1787, 2239, 1819, 2246, 1855, 2251, 1888, 2250, 1919, 2241, 1951, 2220, 1986, 2189, 2013, 2158, 2032, 2113, 2041, 2068, 2042, 2043, 2044, 2006, 2059, 1957, 2085, 2021, 2064, 2053, 2061, 2127, 2062, 2169, 2051, 2209, 2029, 2243, 1994, 2267, 1951, 2276, 1917, 2277, 1891, 2275, 1861, 2265, 1834, 2255, 1794, 2247, 1763
]],
"image_id": rb782i_DMSO_-03.czi ,
"area": 8757.4566 ,
"bbox": 1957 1753 320 332 
 
