"id": 0001-1017-0607 ,
"category_id": 0,
"iscrowd": 0,
"segmentation": [[TAGDELETE
692, 743, 672, 805, 661, 862, 653, 924, 607, 1003, 562, 1068, 528, 1161, 514, 1238, 514, 1291, 542, 1190, 576, 1108, 630, 1028, 672, 961, 681, 893, 701, 800
]],
"image_id": rb782i_-ctl_-09.czi ,
"area": 11685.1283 ,
"bbox": 514 743 187 548 
 
"id": 0001-0798-0967 ,
"category_id": 0,
"iscrowd": 0,
"segmentation": [[TAGDELETE
870, 1006, 949, 921, 1006, 839, 1051, 709, 1065, 622, 1051, 591, 1026, 689, 992, 788, 944, 890, 884, 963
]],
"image_id": rb782i_-ctl_-09.czi ,
"area": 9216.6831 ,
"bbox": 870 591 195 415 
 
"id": 0001-0662-1592 ,
"category_id": 0,
"iscrowd": 0,
"segmentation": [[TAGDELETE
1486, 915, 1520, 802, 1588, 695, 1647, 557, 1661, 466, 1698, 410, 1670, 593, 1571, 771, 1512, 898
]],
"image_id": rb782i_-ctl_-09.czi ,
"area": 11523.5333 ,
"bbox": 1486 410 212 505 
 
"id": 0001-1585-1744 ,
"category_id": 0,
"iscrowd": 0,
"segmentation": [[TAGDELETE
1627, 1828, 1661, 1718, 1692, 1656, 1760, 1560, 1842, 1365, 1862, 1342, 1839, 1421, 1786, 1571, 1735, 1639, 1684, 1721, 1659, 1786
]],
"image_id": rb782i_-ctl_-09.czi ,
"area": 9351.8952 ,
"bbox": 1627 1342 235 486 
 
"id": 0001-1434-1300 ,
"category_id": 0,
"iscrowd": 0,
"segmentation": [[TAGDELETE
1121, 1565, 1261, 1511, 1348, 1451, 1413, 1375, 1446, 1330, 1480, 1303, 1448, 1350, 1418, 1398, 1390, 1441, 1356, 1477, 1306, 1510, 1238, 1545, 1177, 1561
]],
"image_id": rb782i_-ctl_-09.czi ,
"area": 6941.1624 ,
"bbox": 1121 1303 359 262 
 
