"id": 0001-0257-0836 ,
"category_id": 0,
"iscrowd": 0,
"segmentation": [[TAGDELETE
1071, 31, 1000, 114, 942, 163, 812, 260, 741, 323, 678, 390, 641, 438, 608, 468, 602, 484, 644, 457, 733, 384, 798, 313, 910, 229, 980, 172, 1032, 114, 1058, 57
]],
"image_id": rb782u_DMSO_-03.czi ,
"area": 14428.9445 ,
"bbox": 602 31 469 453 
 
"id": 0001-1405-1185 ,
"category_id": 0,
"iscrowd": 0,
"segmentation": [[TAGDELETE
1146, 1068, 1138, 1222, 1185, 1494, 1197, 1634, 1219, 1742, 1230, 1723, 1233, 1610, 1218, 1458, 1186, 1283, 1155, 1131
]],
"image_id": rb782u_DMSO_-03.czi ,
"area": 16861.9377 ,
"bbox": 1138 1068 95 674 
 
"id": 0001-1743-2160 ,
"category_id": 0,
"iscrowd": 0,
"segmentation": [[TAGDELETE
1940, 1919, 1970, 1878, 2085, 1785, 2288, 1615, 2328, 1591, 2380, 1568, 2280, 1647, 2112, 1791, 1963, 1914
]],
"image_id": rb782u_DMSO_-03.czi ,
"area": 8829.185 ,
"bbox": 1940 1568 440 351 
 
"id": 0001-2120-0588 ,
"category_id": 0,
"iscrowd": 0,
"segmentation": [[TAGDELETE
889, 2059, 646, 2061, 534, 2074, 468, 2092, 390, 2123, 287, 2181, 478, 2114, 553, 2097, 645, 2090, 812, 2091, 864, 2079, 887, 2072
]],
"image_id": rb782u_DMSO_-03.czi ,
"area": 11896.1911 ,
"bbox": 287 2059 602 122 
 
