"id": 0001-0807-0282 ,
"category_id": 0,
"iscrowd": 0,
"segmentation": [[TAGDELETE
116, 431, 116, 656, 213, 884, 336, 1054, 448, 1184, 421, 1111, 336, 992, 268, 883, 183, 728, 153, 631, 128, 498
]],
"image_id": rb782u_-ctl_-02.czi ,
"area": 21904.3596 ,
"bbox": 116 431 332 753 
 
"id": 0001-0683-0564 ,
"category_id": 0,
"iscrowd": 0,
"segmentation": [[TAGDELETE
292, 632, 393, 622, 567, 635, 628, 651, 751, 700, 837, 744, 717, 707, 612, 672, 547, 656, 319, 646
]],
"image_id": rb782u_-ctl_-02.czi ,
"area": 9229.05 ,
"bbox": 292 622 545 122 
 
"id": 0001-0756-0412 ,
"category_id": 0,
"iscrowd": 0,
"segmentation": [[TAGDELETE
672, 846, 512, 802, 413, 736, 244, 667, 152, 655, 355, 751, 453, 807, 555, 844, 653, 858
]],
"image_id": rb782u_-ctl_-02.czi ,
"area": 12776.7186 ,
"bbox": 152 655 520 203 
 
"id": 0001-1064-0543 ,
"category_id": 0,
"iscrowd": 0,
"segmentation": [[TAGDELETE
804, 1325, 789, 1287, 731, 1186, 679, 1120, 591, 1050, 531, 978, 446, 902, 283, 804, 329, 860, 493, 996, 579, 1091, 664, 1156, 788, 1322
]],
"image_id": rb782u_-ctl_-02.czi ,
"area": 19778.8914 ,
"bbox": 283 804 521 521 
 
"id": 0001-1415-1324 ,
"category_id": 0,
"iscrowd": 0,
"segmentation": [[TAGDELETE
1611, 1457, 1561, 1456, 1512, 1451, 1440, 1434, 1353, 1397, 1286, 1377, 1229, 1366, 1037, 1349, 1163, 1385, 1290, 1409, 1352, 1435, 1441, 1471, 1501, 1481, 1581, 1477
]],
"image_id": rb782u_-ctl_-02.czi ,
"area": 12559.0601 ,
"bbox": 1037 1349 574 132 
 
"id": 0001-1001-1787 ,
"category_id": 0,
"iscrowd": 0,
"segmentation": [[TAGDELETE
1453, 1112, 1521, 1132, 1641, 1147, 1731, 1135, 1821, 1104, 1939, 1031, 2085, 910, 2122, 855, 2091, 867, 2001, 919, 1902, 1008, 1793, 1075, 1698, 1102, 1558, 1116
]],
"image_id": rb782u_-ctl_-02.czi ,
"area": 20760.0035 ,
"bbox": 1453 855 669 292 
 
"id": 0001-0632-1825 ,
"category_id": 0,
"iscrowd": 0,
"segmentation": [[TAGDELETE
2013, 308, 1845, 436, 1771, 557, 1713, 673, 1658, 829, 1637, 956, 1677, 897, 1753, 689, 1814, 560, 1953, 376
]],
"image_id": rb782u_-ctl_-02.czi ,
"area": 21470.6915 ,
"bbox": 1637 308 376 648 
 
"id": 0001-0531-2392 ,
"category_id": 0,
"iscrowd": 0,
"segmentation": [[TAGDELETE
2180, 706, 2217, 616, 2269, 544, 2321, 495, 2519, 382, 2604, 357, 2502, 424, 2404, 478, 2320, 535, 2266, 594, 2202, 692
]],
"image_id": rb782u_-ctl_-02.czi ,
"area": 11316.5929 ,
"bbox": 2180 357 424 349 
 
"id": 0001-0188-2075 ,
"category_id": 0,
"iscrowd": 0,
"segmentation": [[TAGDELETE
2377, 287, 2222, 233, 2044, 181, 1870, 115, 1773, 90, 1899, 168, 2004, 209, 2172, 263, 2323, 279
]],
"image_id": rb782u_-ctl_-02.czi ,
"area": 15711.8104 ,
"bbox": 1773 90 604 197 
 
"id": 0001-1938-0377 ,
"category_id": 0,
"iscrowd": 0,
"segmentation": [[TAGDELETE
582, 2149, 517, 2106, 474, 2070, 395, 1963, 284, 1841, 173, 1727, 266, 1791, 348, 1866, 472, 2020, 545, 2105, 580, 2139
]],
"image_id": rb782u_-ctl_-02.czi ,
"area": 10672.6865 ,
"bbox": 173 1727 409 422 
 
