"id": 0001-0422-1245 ,
"category_id": 0,
"iscrowd": 0,
"segmentation": [[TAGDELETE
1002, 504, 1032, 494, 1083, 491, 1144, 453, 1182, 431, 1234, 413, 1283, 408, 1364, 387, 1437, 356, 1488, 328, 1479, 351, 1420, 393, 1362, 420, 1296, 435, 1234, 441, 1196, 455, 1141, 492, 1092, 510, 1041, 516, 1014, 511
]],
"image_id": rb782i_DMSO_-12.czi ,
"area": 10869.7334 ,
"bbox": 1002 328 486 188 
 
"id": 0001-1224-1948 ,
"category_id": 0,
"iscrowd": 0,
"segmentation": [[TAGDELETE
1728, 1327, 1762, 1319, 1842, 1331, 1922, 1320, 2036, 1180, 2112, 1115, 2169, 1085, 2101, 1151, 2048, 1211, 1992, 1293, 1961, 1328, 1920, 1351, 1856, 1363, 1742, 1341
]],
"image_id": rb782i_DMSO_-12.czi ,
"area": 11944.01 ,
"bbox": 1728 1085 441 278 
 
"id": 0001-1305-2274 ,
"category_id": 0,
"iscrowd": 0,
"segmentation": [[TAGDELETE
2020, 1279, 2126, 1303, 2210, 1311, 2361, 1284, 2458, 1280, 2529, 1279, 2506, 1295, 2258, 1332, 2184, 1332, 2105, 1321, 2036, 1288
]],
"image_id": rb782i_DMSO_-12.czi ,
"area": 9480.5115 ,
"bbox": 2020 1279 509 53 
 
"id": 0001-1616-0501 ,
"category_id": 0,
"iscrowd": 0,
"segmentation": [[TAGDELETE
695, 1818, 611, 1668, 542, 1555, 471, 1488, 427, 1459, 371, 1435, 307, 1415, 359, 1452, 422, 1482, 469, 1519, 517, 1575, 605, 1711, 679, 1816
]],
"image_id": rb782i_DMSO_-12.czi ,
"area": 10882.9248 ,
"bbox": 307 1415 388 403 
 
"id": 0001-0297-0621 ,
"category_id": 0,
"iscrowd": 0,
"segmentation": [[TAGDELETE
435, 298, 489, 283, 556, 277, 659, 279, 776, 304, 808, 317, 660, 301, 561, 299, 471, 303
]],
"image_id": rb782i_DMSO_-12.czi ,
"area": 5126.5172 ,
"bbox": 435 277 373 40 
 
