"id": 0001-0337-1853 ,
"category_id": 0,
"iscrowd": 0,
"segmentation": [[TAGDELETE
1560, 361, 1594, 340, 1652, 318, 1712, 308, 1759, 308, 1813, 316, 1879, 332, 1948, 338, 2001, 337, 2058, 334, 2098, 331, 2124, 340, 2147, 342, 2119, 346, 2097, 355, 2068, 358, 2035, 358, 1987, 362, 1931, 366, 1879, 363, 1809, 345, 1757, 337, 1698, 337, 1636, 349, 1597, 357
]],
"image_id": rb782i_25um_-12.czi ,
"area": 11826.1116 ,
"bbox": 1560 308 587 58 
 
"id": 0001-0719-1754 ,
"category_id": 0,
"iscrowd": 0,
"segmentation": [[TAGDELETE
1513, 834, 1576, 762, 1668, 685, 1752, 639, 1860, 609, 1979, 604, 1996, 609, 1960, 620, 1901, 628, 1830, 638, 1728, 677, 1669, 713, 1589, 780
]],
"image_id": rb782i_25um_-12.czi ,
"area": 8807.7489 ,
"bbox": 1513 604 483 230 
 
"id": 0001-0860-1953 ,
"category_id": 0,
"iscrowd": 0,
"segmentation": [[TAGDELETE
1681, 873, 1746, 860, 1815, 853, 1906, 858, 1984, 868, 2053, 866, 2150, 847, 2182, 843, 2225, 831, 2179, 856, 2112, 877, 2017, 890, 1965, 888, 1902, 881, 1841, 879, 1749, 883, 1685, 882
]],
"image_id": rb782i_25um_-12.czi ,
"area": 9016.3383 ,
"bbox": 1681 831 544 59 
 
"id": 0001-1150-0976 ,
"category_id": 0,
"iscrowd": 0,
"segmentation": [[TAGDELETE
803, 1019, 833, 1046, 850, 1073, 873, 1106, 894, 1136, 917, 1154, 944, 1176, 978, 1194, 1010, 1201, 1037, 1212, 1062, 1224, 1103, 1251, 1120, 1269, 1149, 1282, 1121, 1276, 1094, 1262, 1076, 1250, 1053, 1239, 1000, 1222, 969, 1212, 926, 1190, 907, 1173, 870, 1138, 843, 1097, 824, 1064, 809, 1036
]],
"image_id": rb782i_25um_-12.czi ,
"area": 6228.0011 ,
"bbox": 803 1019 346 263 
 
"id": 0001-1778-0644 ,
"category_id": 0,
"iscrowd": 0,
"segmentation": [[TAGDELETE
401, 1799, 456, 1790, 516, 1779, 576, 1759, 633, 1740, 670, 1731, 716, 1731, 762, 1739, 797, 1755, 839, 1785, 870, 1807, 887, 1825, 859, 1816, 812, 1791, 779, 1772, 746, 1759, 720, 1755, 684, 1755, 621, 1767, 545, 1789, 497, 1799, 457, 1803, 418, 1805
]],
"image_id": rb782i_25um_-12.czi ,
"area": 7860.4398 ,
"bbox": 401 1731 486 94 
 
"id": 0001-1531-0373 ,
"category_id": 0,
"iscrowd": 0,
"segmentation": [[TAGDELETE
241, 1705, 226, 1706, 223, 1718, 249, 1724, 295, 1731, 338, 1732, 388, 1721, 422, 1705, 457, 1678, 486, 1645, 510, 1599, 522, 1566, 524, 1527, 522, 1495, 514, 1460, 496, 1415, 478, 1372, 466, 1352, 440, 1330, 462, 1363, 474, 1406, 490, 1453, 500, 1494, 502, 1533, 496, 1573, 469, 1626, 443, 1660, 418, 1680, 387, 1697, 345, 1707, 290, 1709
]],
"image_id": rb782i_25um_-12.czi ,
"area": 10213.46 ,
"bbox": 223 1330 301 402 
 
"id": 0001-0983-1254 ,
"category_id": 0,
"iscrowd": 0,
"segmentation": [[TAGDELETE
1204, 1218, 1196, 1181, 1183, 1148, 1177, 1123, 1175, 1110, 1198, 1066, 1239, 994, 1305, 887, 1333, 831, 1348, 790, 1355, 748, 1328, 802, 1279, 885, 1225, 973, 1172, 1057, 1156, 1090, 1154, 1111, 1162, 1142, 1183, 1197
]],
"image_id": rb782i_25um_-12.czi ,
"area": 8626.3668 ,
"bbox": 1154 748 201 470 
 
