"id": 0001-0486-0597 ,
"category_id": 0,
"iscrowd": 0,
"segmentation": [[TAGDELETE
274, 483, 410, 455, 591, 444, 718, 444, 828, 472, 921, 528, 794, 483, 701, 478, 545, 478, 331, 492
]],
"image_id": rb782i_25um_-03.czi ,
"area": 13700.1183 ,
"bbox": 274 444 647 84 
 
"id": 0001-1205-0652 ,
"category_id": 0,
"iscrowd": 0,
"segmentation": [[TAGDELETE
579, 961, 593, 1023, 613, 1119, 627, 1181, 636, 1322, 678, 1413, 726, 1449, 681, 1376, 667, 1308, 658, 1223, 647, 1082, 630, 1037
]],
"image_id": rb782i_25um_-03.czi ,
"area": 11060.1846 ,
"bbox": 579 961 147 488 
 
"id": 0001-0380-1507 ,
"category_id": 0,
"iscrowd": 0,
"segmentation": [[TAGDELETE
1238, 480, 1342, 424, 1554, 356, 1746, 280, 1777, 285, 1591, 373, 1351, 472
]],
"image_id": rb782i_25um_-03.czi ,
"area": 13912.83 ,
"bbox": 1238 280 539 200 
 
"id": 0001-0888-2215 ,
"category_id": 0,
"iscrowd": 0,
"segmentation": [[TAGDELETE
1998, 766, 2091, 865, 2156, 918, 2303, 989, 2354, 1028, 2464, 1057, 2362, 997, 2289, 949, 2167, 887, 2043, 774, 1967, 720
]],
"image_id": rb782i_25um_-03.czi ,
"area": 12827.8354 ,
"bbox": 1967 720 497 337 
 
"id": 0001-1502-2269 ,
"category_id": 0,
"iscrowd": 0,
"segmentation": [[TAGDELETE
2348, 1201, 2274, 1334, 2215, 1472, 2190, 1605, 2190, 1659, 2201, 1712, 2226, 1766, 2266, 1803, 2226, 1709, 2224, 1639, 2238, 1534, 2300, 1353, 2345, 1249
]],
"image_id": rb782i_25um_-03.czi ,
"area": 15418.3013 ,
"bbox": 2190 1201 158 602 
 
"id": 0001-2051-1579 ,
"category_id": 0,
"iscrowd": 0,
"segmentation": [[TAGDELETE
1215, 1978, 1283, 2032, 1325, 2054, 1410, 2065, 1596, 2082, 1712, 2096, 1854, 2122, 1944, 2125, 1899, 2091, 1746, 2060, 1599, 2043, 1339, 2026, 1271, 2012
]],
"image_id": rb782i_25um_-03.czi ,
"area": 19643.6793 ,
"bbox": 1215 1978 729 147 
 
