"id": 0001-0411-2234 ,
"category_id": 0,
"iscrowd": 0,
"segmentation": [[TAGDELETE
2219, 142, 2188, 215, 2178, 249, 2193, 288, 2233, 327, 2261, 369, 2267, 421, 2266, 555, 2279, 680, 2288, 520, 2291, 420, 2283, 369, 2264, 325, 2233, 295, 2210, 270, 2208, 246, 2229, 148
]],
"image_id": rb782u_-ctl_-04.czi ,
"area": 9275.22 ,
"bbox": 2178 142 113 538 
 
"id": 0001-0971-2357 ,
"category_id": 0,
"iscrowd": 0,
"segmentation": [[TAGDELETE
2064, 1161, 2116, 1153, 2208, 1098, 2354, 997, 2497, 864, 2635, 768, 2651, 766, 2534, 869, 2439, 976, 2182, 1152, 2147, 1166, 2120, 1176, 2084, 1175
]],
"image_id": rb782u_-ctl_-04.czi ,
"area": 16495.0512 ,
"bbox": 2064 766 587 410 
 
"id": 0001-1157-2288 ,
"category_id": 0,
"iscrowd": 0,
"segmentation": [[TAGDELETE
2051, 1274, 2134, 1272, 2240, 1252, 2302, 1222, 2361, 1187, 2502, 1078, 2525, 1040, 2436, 1106, 2357, 1161, 2300, 1197, 2244, 1223, 2146, 1247, 2069, 1262
]],
"image_id": rb782u_-ctl_-04.czi ,
"area": 8882.7751 ,
"bbox": 2051 1040 474 234 
 
"id": 0001-0535-0839 ,
"category_id": 0,
"iscrowd": 0,
"segmentation": [[TAGDELETE
969, 338, 834, 492, 768, 572, 741, 621, 741, 654, 750, 683, 772, 695, 794, 702, 827, 696, 859, 671, 914, 606, 958, 566, 926, 632, 887, 687, 854, 717, 813, 733, 758, 726, 730, 713, 709, 665, 709, 624, 737, 564, 792, 489, 893, 390
]],
"image_id": rb782u_-ctl_-04.czi ,
"area": 16263.3769 ,
"bbox": 709 338 260 395 
 
"id": 0001-0881-1093 ,
"category_id": 0,
"iscrowd": 0,
"segmentation": [[TAGDELETE
1307, 735, 1230, 899, 1195, 950, 1138, 1002, 1086, 1028, 1023, 1026, 965, 1006, 918, 975, 880, 931, 913, 945, 952, 971, 999, 988, 1041, 995, 1075, 996, 1126, 972, 1170, 936, 1206, 890, 1257, 799
]],
"image_id": rb782u_-ctl_-04.czi ,
"area": 11363.5873 ,
"bbox": 880 735 427 293 
 
"id": 0001-1923-2026 ,
"category_id": 0,
"iscrowd": 0,
"segmentation": [[TAGDELETE
2210, 1650, 2136, 1757, 2012, 1983, 1944, 2091, 1842, 2197, 1870, 2139, 1964, 2015, 2055, 1841, 2154, 1691, 2188, 1658
]],
"image_id": rb782u_-ctl_-04.czi ,
"area": 12862.4629 ,
"bbox": 1842 1650 368 547 
 
"id": 0001-1221-0236 ,
"category_id": 0,
"iscrowd": 0,
"segmentation": [[TAGDELETE
365, 846, 238, 993, 166, 1121, 114, 1277, 107, 1366, 133, 1521, 153, 1596, 138, 1400, 142, 1300, 199, 1141, 267, 1010, 358, 874
]],
"image_id": rb782u_-ctl_-04.czi ,
"area": 17786.1619 ,
"bbox": 107 846 258 750 
 
"id": 0001-1650-0537 ,
"category_id": 0,
"iscrowd": 0,
"segmentation": [[TAGDELETE
634, 1391, 556, 1533, 497, 1651, 465, 1753, 445, 1843, 441, 1910, 469, 1842, 508, 1694, 556, 1574, 616, 1459
]],
"image_id": rb782u_-ctl_-04.czi ,
"area": 8787.9618 ,
"bbox": 441 1391 193 519 
 
"id": 0001-1678-0773 ,
"category_id": 0,
"iscrowd": 0,
"segmentation": [[TAGDELETE
656, 1367, 646, 1519, 618, 1667, 628, 1771, 665, 1843, 725, 1901, 816, 1946, 928, 1989, 850, 1923, 744, 1867, 676, 1798, 664, 1730, 660, 1659, 676, 1558, 670, 1437
]],
"image_id": rb782u_-ctl_-04.czi ,
"area": 19681.6046 ,
"bbox": 618 1367 310 622 
 
"id": 0001-1672-0826 ,
"category_id": 0,
"iscrowd": 0,
"segmentation": [[TAGDELETE
801, 1490, 768, 1542, 729, 1701, 721, 1777, 741, 1834, 784, 1855, 834, 1839, 892, 1781, 932, 1706, 864, 1773, 825, 1814, 793, 1827, 765, 1819, 749, 1786, 748, 1753, 793, 1531
]],
"image_id": rb782u_-ctl_-04.czi ,
"area": 10861.4887 ,
"bbox": 721 1490 211 365 
 
"id": 0001-1761-0299 ,
"category_id": 0,
"iscrowd": 0,
"segmentation": [[TAGDELETE
230, 1489, 258, 1655, 302, 1830, 334, 1945, 368, 2033, 348, 1903, 277, 1629, 253, 1538
]],
"image_id": rb782u_-ctl_-04.czi ,
"area": 9194.4225 ,
"bbox": 230 1489 138 544 
 
"id": 0001-1930-0576 ,
"category_id": 0,
"iscrowd": 0,
"segmentation": [[TAGDELETE
369, 1734, 346, 1791, 342, 1863, 366, 1950, 446, 2050, 529, 2103, 576, 2118, 717, 2126, 810, 2109, 608, 2086, 538, 2074, 472, 2029, 429, 1981, 398, 1919, 376, 1869, 368, 1797
]],
"image_id": rb782u_-ctl_-04.czi ,
"area": 16210.6112 ,
"bbox": 342 1734 468 392 
 
