"id": 0001-0851-2164 ,
"category_id": 0,
"iscrowd": 0,
"segmentation": [[TAGDELETE
2506, 989, 2334, 940, 2234, 876, 2168, 818, 2077, 786, 1822, 713, 1896, 762, 1969, 790, 2113, 833, 2165, 856, 2218, 904, 2282, 948, 2356, 976, 2460, 984
]],
"image_id": rb782u_50um_.czi ,
"area": 16226.276 ,
"bbox": 1822 713 684 276 
 
"id": 0001-0627-0699 ,
"category_id": 0,
"iscrowd": 0,
"segmentation": [[TAGDELETE
756, 332, 688, 479, 675, 570, 700, 690, 743, 846, 748, 922, 687, 756, 655, 639, 643, 563, 659, 474, 719, 360
]],
"image_id": rb782u_50um_.czi ,
"area": 13023.2333 ,
"bbox": 643 332 113 590 
 
"id": 0001-0769-0672 ,
"category_id": 0,
"iscrowd": 0,
"segmentation": [[TAGDELETE
794, 1042, 630, 746, 578, 607, 576, 496, 551, 576, 552, 628, 563, 683, 635, 815, 771, 1027
]],
"image_id": rb782u_50um_.czi ,
"area": 11944.01 ,
"bbox": 551 496 243 546 
 
"id": 0001-0636-1159 ,
"category_id": 0,
"iscrowd": 0,
"segmentation": [[TAGDELETE
1256, 358, 1236, 404, 1159, 486, 1107, 579, 1096, 624, 1099, 747, 1127, 914, 1091, 836, 1063, 644, 1076, 563, 1116, 496, 1210, 403
]],
"image_id": rb782u_50um_.czi ,
"area": 11807.1489 ,
"bbox": 1063 358 193 556 
 
"id": 0001-1101-1173 ,
"category_id": 0,
"iscrowd": 0,
"segmentation": [[TAGDELETE
1308, 1145, 1267, 1189, 1206, 1218, 1111, 1197, 1054, 1137, 1039, 1081, 1056, 1032, 1082, 1006, 1132, 993, 1170, 1002, 1224, 984, 1191, 1014, 1130, 1022, 1087, 1041, 1070, 1076, 1074, 1118, 1107, 1161, 1183, 1188, 1258, 1177
]],
"image_id": rb782u_50um_.czi ,
"area": 10365.1614 ,
"bbox": 1039 984 269 234 
 
"id": 0001-1220-0572 ,
"category_id": 0,
"iscrowd": 0,
"segmentation": [[TAGDELETE
661, 1381, 639, 1292, 593, 1184, 544, 1111, 506, 1076, 484, 1059, 541, 1136, 591, 1236, 642, 1350
]],
"image_id": rb782u_50um_.czi ,
"area": 5052.3154 ,
"bbox": 484 1059 177 322 
 
"id": 0001-1357-1638 ,
"category_id": 0,
"iscrowd": 0,
"segmentation": [[TAGDELETE
1435, 1149, 1556, 1244, 1655, 1358, 1778, 1512, 1842, 1566, 1748, 1426, 1678, 1336, 1623, 1274, 1534, 1200, 1450, 1150
]],
"image_id": rb782u_50um_.czi ,
"area": 11111.3013 ,
"bbox": 1435 1149 407 417 
 
"id": 0001-1141-1864 ,
"category_id": 0,
"iscrowd": 0,
"segmentation": [[TAGDELETE
2150, 1237, 2004, 1166, 1878, 1100, 1812, 1078, 1744, 1078, 1680, 1122, 1582, 1226, 1579, 1204, 1683, 1080, 1731, 1050, 1774, 1045, 1835, 1049, 1915, 1082, 2040, 1149, 2140, 1221
]],
"image_id": rb782u_50um_.czi ,
"area": 14982.9843 ,
"bbox": 1579 1045 571 192 
 
"id": 0001-1428-2568 ,
"category_id": 0,
"iscrowd": 0,
"segmentation": [[TAGDELETE
2630.5000, 1571.5000, 2638, 1540, 2639.5000, 1514.5000, 2637, 1490.5000, 2629.5000, 1472, 2599.5000, 1417.5000, 2535, 1324, 2496, 1285, 2534, 1346, 2580.5000, 1428, 2614, 1471, 2626.5000, 1505.5000, 2625.5000, 1527, 2624, 1549
]],
"image_id": rb782u_50um_.czi ,
"area": 3666.3914 ,
"bbox": 2496 1285 144 287