"id": 0001-0809-2397 ,
"category_id": 0,
"iscrowd": 0,
"segmentation": [[TAGDELETE
2675, 607, 2619, 637, 2537, 736, 2477, 803, 2443, 864, 2412, 918, 2392, 936, 2347, 961, 2311, 969, 2210, 986, 2119, 1008, 2191, 1003, 2228, 1011, 2281, 1008, 2355, 994, 2415, 970, 2458, 915, 2513, 823, 2579, 735, 2625, 673, 2675, 625
]],
"image_id": rb782u_-ctl_-03.czi ,
"area": 18180.2557 ,
"bbox": 2119 607 556 404 
 
"id": 0001-0509-1669 ,
"category_id": 0,
"iscrowd": 0,
"segmentation": [[TAGDELETE
1786, 359, 1797, 433, 1793, 533, 1774, 589, 1734, 630, 1681, 655, 1619, 659, 1563, 635, 1542, 599, 1550, 555, 1590, 512, 1652, 469, 1680, 441, 1596, 544, 1584, 569, 1582, 585, 1590, 604, 1614, 618, 1657, 616, 1704, 606, 1735, 580, 1758, 538, 1765, 465, 1776, 362
]],
"image_id": rb782u_-ctl_-03.czi ,
"area": 15744.789 ,
"bbox": 1542 359 255 300 
 
"id": 0001-0415-1359 ,
"category_id": 0,
"iscrowd": 0,
"segmentation": [[TAGDELETE
1599, 231, 1552, 280, 1330, 399, 1260, 447, 1158, 544, 1106, 600, 1207, 533, 1321, 442, 1427, 385, 1536, 323, 1588, 276, 1613, 233
]],
"image_id": rb782u_-ctl_-03.czi ,
"area": 13707.5385 ,
"bbox": 1106 231 507 369 
 
"id": 0001-0799-1355 ,
"category_id": 0,
"iscrowd": 0,
"segmentation": [[TAGDELETE
1117, 836.6667, 1164.6666, 818, 1197, 797, 1218.3334, 777.3334, 1256.6666, 755.3334, 1296.6666, 746.6667, 1332.3334, 757.6667, 1389, 794.3334, 1430.3334, 824.3334, 1473, 837.6667, 1509, 831.6667, 1539.6666, 810.3334, 1567, 766.3334, 1593.6666, 733, 1591.6666, 750.3334, 1575.6666, 797, 1558.3334, 828.3334, 1535.6666, 848.3334, 1514.3334, 859, 1477, 865.6667, 1439.6666, 859, 1397.6666, 835, 1351, 799.6667, 1310.3334, 783.6667, 1287, 777.6667, 1257.6666, 783.6667, 1235.6666, 795, 1194.3334, 820.3334, 1163.6666, 837, 1121, 838.3334
]],
"image_id": rb782u_-ctl_-03.czi ,
"area": 11207.7636 ,
"bbox": 1117 733 477 133 
 
"id": 0001-0657-1065 ,
"category_id": 0,
"iscrowd": 0,
"segmentation": [[TAGDELETE
1239.5000, 760.5000, 1148.7500, 794.7500, 1114.5000, 806.7500, 1064.3334, 808.6667, 1033.6666, 804.6667, 997, 783.3333, 965.3334, 752.6667, 945.5000, 717.5000, 934.5000, 686.5000, 931.5000, 618.5000, 942, 550, 950, 469, 931, 485, 894, 616, 890, 683, 919, 752, 965, 807, 1010, 838, 1053, 845, 1104, 841, 1156, 822, 1203, 792
]],
"image_id": rb782u_-ctl_-03.czi ,
"area": 16150.4253 ,
"bbox": 890 469 350 376 
 
"id": 0001-0554-0587 ,
"category_id": 0,
"iscrowd": 0,
"segmentation": [[TAGDELETE
672, 227, 664, 254, 664, 301, 635, 366, 553, 461, 512, 515, 492, 596, 499, 658, 523, 730, 574, 803, 655, 882, 588, 783, 548, 695, 535, 657, 522, 603, 533, 565, 567, 501, 622, 438, 671, 376, 683, 323, 683, 249
]],
"image_id": rb782u_-ctl_-03.czi ,
"area": 17579.2214 ,
"bbox": 492 227 191 655 
 
"id": 0001-0480-0344 ,
"category_id": 0,
"iscrowd": 0,
"segmentation": [[TAGDELETE
585, 311, 427, 431, 291, 537, 97, 650, 219, 608, 305, 568, 356, 536, 495, 418, 573, 344, 591, 322
]],
"image_id": rb782u_-ctl_-03.czi ,
"area": 13188.1261 ,
"bbox": 97 311 494 339 
 
"id": 0001-1106-0696 ,
"category_id": 0,
"iscrowd": 0,
"segmentation": [[TAGDELETE
388, 1008, 438, 1065, 529, 1151, 596, 1193, 668, 1215, 715, 1213, 791, 1181, 881, 1119, 937, 1088, 1004, 1026, 923, 1075, 856, 1097, 780, 1149, 719, 1174, 657, 1176, 623, 1165, 580, 1142, 463, 1050, 397, 998
]],
"image_id": rb782u_-ctl_-03.czi ,
"area": 17202.4414 ,
"bbox": 388 998 616 217 
 
"id": 0001-1747-1190 ,
"category_id": 0,
"iscrowd": 0,
"segmentation": [[TAGDELETE
1432, 1479, 1341, 1538, 1276, 1610, 1213, 1724, 1175, 1795, 1123, 1851, 949, 2016, 999, 1991, 1153, 1875, 1209, 1811, 1289, 1648, 1369, 1540, 1409, 1510
]],
"image_id": rb782u_-ctl_-03.czi ,
"area": 16182.5794 ,
"bbox": 949 1479 483 537 
 
"id": 0001-1571-1298 ,
"category_id": 0,
"iscrowd": 0,
"segmentation": [[TAGDELETE
1483, 1288, 1371, 1410, 1285, 1520, 1232, 1622, 1164, 1746, 1149, 1819, 1113, 1854, 1147, 1735, 1181, 1648, 1269, 1491, 1352, 1382, 1445, 1310
]],
"image_id": rb782u_-ctl_-03.czi ,
"area": 14260.7538 ,
"bbox": 1113 1288 370 566 
 
"id": 0001-1609-0792 ,
"category_id": 0,
"iscrowd": 0,
"segmentation": [[TAGDELETE
1140, 1518, 1060, 1506, 995, 1519, 930, 1545, 883, 1559, 770, 1586, 444, 1706, 479, 1713, 564, 1697, 764, 1629, 898, 1605, 954, 1582, 1007, 1553, 1046, 1537, 1092, 1543, 1136, 1533
]],
"image_id": rb782u_-ctl_-03.czi ,
"area": 20712.1846 ,
"bbox": 444 1506 696 207 
 
"id": 0001-1784-0556 ,
"category_id": 0,
"iscrowd": 0,
"segmentation": [[TAGDELETE
826, 1927, 656, 1845, 582, 1813, 432, 1754, 334, 1682, 286, 1642, 299, 1673, 382, 1758, 534, 1826, 706, 1899, 775, 1922
]],
"image_id": rb782u_-ctl_-03.czi ,
"area": 12366.1355 ,
"bbox": 286 1642 540 285 
 
"id": 0001-1328-0115 ,
"category_id": 0,
"iscrowd": 0,
"segmentation": [[TAGDELETE
225, 1064, 151, 1131, 126, 1171, 60, 1362, 11, 1529, 6, 1593, 118, 1288, 161, 1165, 219, 1091
]],
"image_id": rb782u_-ctl_-03.czi ,
"area": 11338.0289 ,
"bbox": 6 1064 219 529 
 
