"id": 0001-0649-0240 ,
"category_id": 0,
"iscrowd": 0,
"segmentation": [[TAGDELETE
413, 413, 347, 489, 293, 599, 240, 707, 192, 771, 124, 832, 67, 885, 116, 863, 179, 824, 241, 761, 284, 685, 325, 608, 368, 504, 409, 440
]],
"image_id": rb782u_-ctl_-09.czi ,
"area": 12370.2579 ,
"bbox": 67 413 346 472 
 
"id": 0001-0626-0490 ,
"category_id": 0,
"iscrowd": 0,
"segmentation": [[TAGDELETE
637, 385, 581, 452, 532, 527, 480, 624, 421, 749, 343, 867, 379, 839, 447, 749, 536, 567, 624, 421
]],
"image_id": rb782u_-ctl_-09.czi ,
"area": 9149.9015 ,
"bbox": 343 385 294 482 
 
"id": 0001-0712-0681 ,
"category_id": 0,
"iscrowd": 0,
"segmentation": [[TAGDELETE
409, 896, 492, 755, 592, 640, 683, 571, 797, 531, 897, 529, 953, 545, 841, 557, 748, 579, 653, 632, 587, 700, 492, 809, 452, 867
]],
"image_id": rb782u_-ctl_-09.czi ,
"area": 16377.1529 ,
"bbox": 409 529 544 367 
 
"id": 0001-0792-0809 ,
"category_id": 0,
"iscrowd": 0,
"segmentation": [[TAGDELETE
733, 616, 673, 681, 655, 747, 679, 828, 737, 908, 808, 951, 884, 968, 964, 963, 899, 944, 851, 936, 792, 911, 744, 869, 712, 828, 688, 773, 688, 739, 695, 691, 741, 640, 745, 631
]],
"image_id": rb782u_-ctl_-09.czi ,
"area": 11250.6357 ,
"bbox": 655 616 309 352 
 
"id": 0001-0289-0978 ,
"category_id": 0,
"iscrowd": 0,
"segmentation": [[TAGDELETE
799, 94, 848, 115, 930, 173, 1017, 255, 1076, 333, 1146, 454, 1157, 484, 1084, 401, 1014, 296, 908, 188, 814, 111
]],
"image_id": rb782u_-ctl_-09.czi ,
"area": 10179.657 ,
"bbox": 799 94 358 390 
 
"id": 0001-1679-1762 ,
"category_id": 0,
"iscrowd": 0,
"segmentation": [[TAGDELETE
1512, 1511, 1549, 1526, 1674, 1579, 1784, 1655, 1891, 1757, 1955, 1814, 2013, 1854, 1886, 1718, 1806, 1635, 1721, 1574, 1621, 1526, 1535, 1504
]],
"image_id": rb782u_-ctl_-09.czi ,
"area": 11555.6874 ,
"bbox": 1512 1504 501 350 
 
"id": 0001-1615-2302 ,
"category_id": 0,
"iscrowd": 0,
"segmentation": [[TAGDELETE
2175, 1355, 2189, 1402, 2185, 1472, 2196, 1551, 2215, 1623, 2248, 1691, 2291, 1748, 2357, 1798, 2430, 1880, 2388, 1803, 2334, 1747, 2283, 1691, 2232, 1587, 2220, 1504, 2213, 1438, 2206, 1386, 2192, 1351
]],
"image_id": rb782u_-ctl_-09.czi ,
"area": 12263.902 ,
"bbox": 2175 1351 255 529 
 
