"id": 0001-0367-1148 ,
"category_id": 0,
"iscrowd": 0,
"segmentation": [[TAGDELETE
1135, 491, 1158, 447, 1200, 388, 1213, 344, 1199, 304, 1174, 278, 1134, 273, 1101, 285, 1081, 308, 1080, 336, 1090, 359, 1106, 378, 1149, 400, 1101, 393, 1080, 383, 1066, 367, 1053, 338, 1052, 309, 1070, 274, 1090, 255, 1122, 244, 1154, 242, 1185, 252, 1208, 265, 1227, 284, 1240, 318, 1244, 344, 1237, 386, 1222, 412, 1184, 458, 1152, 484, 1138, 492
]],
"image_id": rb782i_DMSO_-08.czi ,
"area": 11999.2491 ,
"bbox": 1052 242 192 250 
 
"id": 0001-0589-1523 ,
"category_id": 0,
"iscrowd": 0,
"segmentation": [[TAGDELETE
1433, 758, 1510, 654, 1575, 539, 1608, 453, 1614, 421, 1603, 427, 1578, 477, 1519, 593, 1438, 742
]],
"image_id": rb782i_DMSO_-08.czi ,
"area": 5589.8659 ,
"bbox": 1433 421 181 337 
 
"id": 0001-0850-0703 ,
"category_id": 0,
"iscrowd": 0,
"segmentation": [[TAGDELETE
465, 1045, 486, 1016, 517, 986, 585, 942, 720, 873, 797, 827, 847, 783, 887, 730, 942, 656, 905, 740, 875, 788, 841, 830, 807, 858, 741, 898, 669, 931, 591, 977, 540, 1002, 489, 1036
]],
"image_id": rb782i_DMSO_-08.czi ,
"area": 12981.1857 ,
"bbox": 465 656 477 389 
 
"id": 0001-1132-1488 ,
"category_id": 0,
"iscrowd": 0,
"segmentation": [[TAGDELETE
1746, 1023, 1696, 1027, 1570, 1054, 1488, 1089, 1386, 1143, 1311, 1185, 1231, 1242, 1407, 1157, 1520, 1105, 1599, 1078, 1668, 1059, 1711, 1043
]],
"image_id": rb782i_DMSO_-08.czi ,
"area": 9718.7816 ,
"bbox": 1231 1023 515 219 
 
"id": 0001-1135-1701 ,
"category_id": 0,
"iscrowd": 0,
"segmentation": [[TAGDELETE
1447, 1251, 1507, 1205, 1590, 1133, 1658, 1081, 1727, 1042, 1812, 1022, 1875, 1019, 1955, 1021, 1924, 1037, 1882, 1042, 1820, 1050, 1763, 1066, 1731, 1074, 1691, 1094, 1623, 1139, 1550, 1193, 1472, 1247
]],
"image_id": rb782i_DMSO_-08.czi ,
"area": 10636.4101 ,
"bbox": 1447 1019 508 232 
 
"id": 0001-1451-0494 ,
"category_id": 0,
"iscrowd": 0,
"segmentation": [[TAGDELETE
240, 1318, 262, 1359, 356, 1458, 457, 1535, 554, 1572, 668, 1584, 749, 1570, 678, 1563, 549, 1537, 441, 1482, 326, 1387, 273, 1341
]],
"image_id": rb782i_DMSO_-08.czi ,
"area": 13177.4081 ,
"bbox": 240 1318 509 266 
 
"id": 0001-1903-1484 ,
"category_id": 0,
"iscrowd": 0,
"segmentation": [[TAGDELETE
1182, 1895, 1275, 1923, 1383, 1933, 1465, 1929, 1589, 1901, 1653, 1897, 1733, 1897, 1786, 1891, 1689, 1873, 1605, 1873, 1555, 1882, 1461, 1901, 1330, 1899, 1221, 1891
]],
"image_id": rb782i_DMSO_-08.czi ,
"area": 11871.4571 ,
"bbox": 1182 1873 604 60 
 
"id": 0001-1603-2323 ,
"category_id": 0,
"iscrowd": 0,
"segmentation": [[TAGDELETE
2100, 1656, 2140, 1626, 2196, 1602, 2277, 1580, 2382, 1562, 2472, 1553, 2546, 1549, 2442, 1574, 2344, 1592, 2311, 1598, 2187, 1629, 2114, 1658
]],
"image_id": rb782i_DMSO_-08.czi ,
"area": 7098.635 ,
"bbox": 2100 1549 446 109 
 
