"id": 0001-0840-0366 ,
"category_id": 0,
"iscrowd": 0,
"segmentation": [[TAGDELETE
356, 599, 348, 692, 362, 791, 362, 828, 356, 884, 350, 978, 359, 1082, 379, 972, 379, 859, 384, 754, 367, 678
]],
"image_id": rb782i_-ctl_-13.czi ,
"area": 7538.8988 ,
"bbox": 348 599 36 483 
 
"id": 0001-1051-0839 ,
"category_id": 0,
"iscrowd": 0,
"segmentation": [[TAGDELETE
735, 859, 740, 983, 757, 1051, 783, 1102, 867, 1173, 961, 1243, 834, 1178, 763, 1127, 718, 1003, 718, 927
]],
"image_id": rb782i_-ctl_-13.czi ,
"area": 7684.0045 ,
"bbox": 718 859 243 384 
 
"id": 0001-1941-1003 ,
"category_id": 0,
"iscrowd": 0,
"segmentation": [[TAGDELETE
754, 2105, 896, 1978, 1167, 1814, 1252, 1777, 1156, 1854, 890, 2023, 805, 2082
]],
"image_id": rb782i_-ctl_-13.czi ,
"area": 12230.099 ,
"bbox": 754 1777 498 328 
 
"id": 0001-1547-2047 ,
"category_id": 0,
"iscrowd": 0,
"segmentation": [[TAGDELETE
2170, 1331, 2128, 1376, 2077, 1452, 2020, 1582, 1961, 1690, 1924, 1724, 1924, 1763, 2020, 1644, 2096, 1472, 2133, 1404
]],
"image_id": rb782i_-ctl_-13.czi ,
"area": 8769.8236 ,
"bbox": 1924 1331 246 432 
 
"id": 0001-1780-1939 ,
"category_id": 0,
"iscrowd": 0,
"segmentation": [[TAGDELETE
1718, 1616, 1752, 1704, 1800, 1749, 1918, 1822, 2034, 1873, 2111, 1916, 2161, 1944, 2099, 1876, 2000, 1825, 1882, 1769, 1774, 1690
]],
"image_id": rb782i_-ctl_-13.czi ,
"area": 11269.5984 ,
"bbox": 1718 1616 443 328 
 
