"id": 0001-0674-0154 ,
"category_id": 0,
"iscrowd": 0,
"segmentation": [[TAGDELETE
203, 452, 268, 551, 285, 616, 263, 709, 218, 760, 105, 819, 23, 896, 76, 819, 144, 760, 209, 720, 254, 656, 254, 596, 220, 517
]],
"image_id": rb782i_50um_-08.czi ,
"area": 11216.8327 ,
"bbox": 23 452 262 444 
 
"id": 0001-0520-1070 ,
"category_id": 0,
"iscrowd": 0,
"segmentation": [[TAGDELETE
1130, 226, 1150, 302, 1161, 421, 1127, 554, 1068, 687, 980, 814, 1040, 650, 1125, 444, 1130, 322
]],
"image_id": rb782i_50um_-08.czi ,
"area": 14546.0184 ,
"bbox": 980 226 181 588 
 
"id": 0001-1366-1215 ,
"category_id": 0,
"iscrowd": 0,
"segmentation": [[TAGDELETE
1003, 1192, 1139, 1269, 1368, 1461, 1427, 1540, 1238, 1390, 1017, 1204
]],
"image_id": rb782i_50um_-08.czi ,
"area": 9755.058 ,
"bbox": 1003 1192 424 348 
 
"id": 0001-1494-1212 ,
"category_id": 0,
"iscrowd": 0,
"segmentation": [[TAGDELETE
1322, 1698, 1303, 1608, 1280, 1571, 1235, 1444, 1175, 1334, 1102, 1291, 1125, 1331, 1156, 1359, 1221, 1481, 1260, 1613
]],
"image_id": rb782i_50um_-08.czi ,
"area": 10032.078 ,
"bbox": 1102 1291 220 407 
 
"id": 0001-1705-1811 ,
"category_id": 0,
"iscrowd": 0,
"segmentation": [[TAGDELETE
1554, 1868, 1803, 1763, 1879, 1712, 2006, 1582, 2068, 1543, 1933, 1709, 1876, 1760, 1760, 1822
]],
"image_id": rb782i_50um_-08.czi ,
"area": 13232.6472 ,
"bbox": 1554 1543 514 325 
 
"id": 0001-0274-2409 ,
"category_id": 0,
"iscrowd": 0,
"segmentation": [[TAGDELETE
2108, 274, 2303, 288, 2438, 288, 2599, 254, 2710, 229, 2608, 285, 2450, 316, 2325, 319, 2204, 302
]],
"image_id": rb782i_50um_-08.czi ,
"area": 11943.1855 ,
"bbox": 2108 229 602 90 