"id": 0001-1013-0408 ,
"category_id": 0,
"iscrowd": 0,
"segmentation": [[TAGDELETE
565, 724, 596, 780, 611, 871, 595, 948, 485, 1076, 265, 1267, 205, 1302, 247, 1250, 348, 1170, 455, 1054, 536, 983, 556, 947, 576, 876, 576, 814, 559, 746
]],
"image_id": rb782u_DMSO_-10.czi ,
"area": 15673.0606 ,
"bbox": 205 724 406 578 
 
"id": 0001-1611-0740 ,
"category_id": 0,
"iscrowd": 0,
"segmentation": [[TAGDELETE
877, 1334, 803, 1437, 699, 1590, 659, 1694, 637, 1821, 604, 1889, 608, 1837, 619, 1798, 617, 1743, 649, 1626, 693, 1529, 811, 1383, 861, 1334
]],
"image_id": rb782u_DMSO_-10.czi ,
"area": 14178.3074 ,
"bbox": 604 1334 273 555 
 
"id": 0001-0696-1666 ,
"category_id": 0,
"iscrowd": 0,
"segmentation": [[TAGDELETE
1865, 451, 1701, 663, 1507, 862, 1458, 942, 1505, 890, 1611, 803, 1750, 658, 1823, 568, 1874, 471
]],
"image_id": rb782u_DMSO_-10.czi ,
"area": 14793.3576 ,
"bbox": 1458 451 416 491 
 
"id": 0001-1238-1492 ,
"category_id": 0,
"iscrowd": 0,
"segmentation": [[TAGDELETE
1548, 931, 1594, 1067, 1602, 1136, 1588, 1225, 1551, 1309, 1479, 1432, 1419, 1512, 1385, 1546, 1382, 1526, 1437, 1437, 1515, 1307, 1566, 1182, 1571, 1088, 1554, 1013
]],
"image_id": rb782u_DMSO_-10.czi ,
"area": 15070.3775 ,
"bbox": 1382 931 220 615 
 
"id": 0001-1294-2447 ,
"category_id": 0,
"iscrowd": 0,
"segmentation": [[TAGDELETE
2660, 1066, 2588, 1094, 2543, 1116, 2468, 1181, 2398, 1247, 2331, 1325, 2281, 1423, 2251, 1492, 2228, 1523, 2271, 1482, 2310, 1425, 2352, 1362, 2430, 1266, 2511, 1185, 2584, 1128, 2666, 1082
]],
"image_id": rb782u_DMSO_-10.czi ,
"area": 15125.6165 ,
"bbox": 2228 1066 438 457 
 
