"id": 0001-0505-0907 ,
"category_id": 0,
"iscrowd": 0,
"segmentation": [[TAGDELETE
664, 489, 720, 497, 831, 466, 915, 466, 1000, 494, 1068, 523, 1150, 545, 1071, 545, 980, 511, 921, 497, 859, 486, 754, 514, 704, 514
]],
"image_id": rb782i_25um_-10.czi ,
"area": 8419.4264 ,
"bbox": 664 466 486 79 
 
"id": 0001-1367-0767 ,
"category_id": 0,
"iscrowd": 0,
"segmentation": [[TAGDELETE
647, 1557, 737, 1390, 797, 1269, 890, 1178, 783, 1240, 692, 1416, 644, 1531
]],
"image_id": rb782i_25um_-10.czi ,
"area": 8132.5129 ,
"bbox": 644 1178 246 379 
 
"id": 0001-1353-2270 ,
"category_id": 0,
"iscrowd": 0,
"segmentation": [[TAGDELETE
2074, 1497, 2130, 1404, 2210, 1297, 2255, 1257, 2311, 1235, 2385, 1238, 2467, 1238, 2376, 1209, 2300, 1209, 2246, 1226, 2190, 1271, 2125, 1370
]],
"image_id": rb782i_25um_-10.czi ,
"area": 9647.0533 ,
"bbox": 2074 1209 393 288 
 
