"id": 0001-0403-1873 ,
"category_id": 0,
"iscrowd": 0,
"segmentation": [[TAGDELETE
1653, 584, 1720, 511, 1768, 469, 1897, 435, 1984, 395, 2049, 308, 2094, 223, 2058, 328, 2012, 391, 1964, 431, 1888, 461, 1796, 487, 1720, 536, 1686, 573
]],
"image_id": rb782u_50um_-05.czi ,
"area": 9148.2525 ,
"bbox": 1653 223 441 361 
 
"id": 0001-0463-2011 ,
"category_id": 0,
"iscrowd": 0,
"segmentation": [[TAGDELETE
1662, 688, 1737, 619, 1762, 580, 1812, 559, 1900, 543, 2002, 511, 2106, 417, 2204, 332, 2280, 288, 2360, 239, 2221, 367, 2076, 509, 2004, 564, 1932, 585, 1844, 589, 1785, 611, 1713, 677
]],
"image_id": rb782u_50um_-05.czi ,
"area": 24348.8953 ,
"bbox": 1662 239 698 449 
 
"id": 0001-1019-1915 ,
"category_id": 0,
"iscrowd": 0,
"segmentation": [[TAGDELETE
2219, 1188, 2148, 1156, 2031, 1116, 1924, 1068, 1741, 933, 1612, 851, 1689, 931, 1844, 1049, 1919, 1099, 2046, 1143, 2161, 1182
]],
"image_id": rb782u_50um_-05.czi ,
"area": 13409.0825 ,
"bbox": 1612 851 607 337 
 
"id": 0001-0878-1562 ,
"category_id": 0,
"iscrowd": 0,
"segmentation": [[TAGDELETE
1320, 656, 1391, 695, 1489, 778, 1528, 838, 1573, 913, 1650, 993, 1714, 1042, 1805, 1101, 1767, 1095, 1677, 1048, 1601, 992, 1508, 872, 1477, 811, 1371, 705
]],
"image_id": rb782u_50um_-05.czi ,
"area": 13516.2628 ,
"bbox": 1320 656 485 445 
 
"id": 0001-0655-0689 ,
"category_id": 0,
"iscrowd": 0,
"segmentation": [[TAGDELETE
877, 591, 845, 548, 810, 525, 764, 528, 700, 556, 642, 616, 502, 785, 553, 744, 685, 605, 765, 549, 818, 551, 845, 573
]],
"image_id": rb782u_50um_-05.czi ,
"area": 7557.037 ,
"bbox": 502 525 375 260 
 
"id": 0001-0767-0926 ,
"category_id": 0,
"iscrowd": 0,
"segmentation": [[TAGDELETE
1000, 471, 976, 556, 881, 652, 846, 731, 860, 823, 938, 928, 984, 1008, 994, 1063, 989, 979, 946, 897, 900, 827, 885, 768, 885, 709, 930, 644, 985, 579, 1006, 517
]],
"image_id": rb782u_50um_-05.czi ,
"area": 12957.2762 ,
"bbox": 846 471 160 592 
 
"id": 0001-0999-0451 ,
"category_id": 0,
"iscrowd": 0,
"segmentation": [[TAGDELETE
121, 1139, 248, 1099, 437, 995, 521, 968, 668, 932, 728, 900, 781, 856, 704, 948, 596, 992, 453, 1027, 326, 1093, 208, 1143, 148, 1141
]],
"image_id": rb782u_50um_-05.czi ,
"area": 17176.883 ,
"bbox": 121 856 660 287 
 
"id": 0001-1215-0662 ,
"category_id": 0,
"iscrowd": 0,
"segmentation": [[TAGDELETE
405, 1112, 538, 1063, 607, 1025, 682, 1013, 752, 1031, 801, 1078, 860, 1157, 912, 1234, 919, 1304, 919, 1362, 907, 1417, 897, 1303, 870, 1237, 827, 1177, 786, 1118, 755, 1078, 715, 1060, 668, 1046, 608, 1065, 545, 1090, 480, 1117
]],
"image_id": rb782u_50um_-05.czi ,
"area": 18990.7038 ,
"bbox": 405 1013 514 404 
 
"id": 0001-1909-0265 ,
"category_id": 0,
"iscrowd": 0,
"segmentation": [[TAGDELETE
353, 1621, 279, 1736, 204, 1856, 177, 1936, 186, 2001, 218, 2081, 313, 2197, 229, 2042, 208, 1969, 213, 1909, 268, 1800, 351, 1662
]],
"image_id": rb782u_50um_-05.czi ,
"area": 12060.2594 ,
"bbox": 177 1621 176 576 
 
"id": 0001-1951-2018 ,
"category_id": 0,
"iscrowd": 0,
"segmentation": [[TAGDELETE
1824, 1795, 1854, 1861, 1866, 1934, 1905, 1983, 1953, 2006, 2002, 2051, 2052, 2099, 2084, 2107, 2125, 2106, 2180, 2079, 2200, 2050, 2212, 2011, 2209, 1971, 2190, 1922, 2162, 1878, 2130, 1857, 2162, 1917, 2177, 1959, 2184, 1999, 2168, 2043, 2133, 2069, 2089, 2069, 2053, 2053, 2014, 2011, 1956, 1971, 1905, 1942, 1870, 1851
]],
"image_id": rb782u_50um_-05.czi ,
"area": 16821.539 ,
"bbox": 1824 1795 388 312 
 
