"id": 0001-0232-0396 ,
"category_id": 0,
"iscrowd": 0,
"segmentation": [[TAGDELETE
127, 227, 178, 246, 233, 261, 302, 267, 397, 254, 511, 210, 596, 181, 665, 173, 567, 211, 444, 266, 385, 285, 327, 291, 260, 291, 205, 281, 128, 243
]],
"image_id": rb782u_25um_.czi ,
"area": 10309.9223 ,
"bbox": 127 173 538 118 
 
"id": 0001-1821-0447 ,
"category_id": 0,
"iscrowd": 0,
"segmentation": [[TAGDELETE
307, 1562, 387, 1695, 440, 1855, 487, 1963, 577, 2081, 587, 2070, 500, 1935, 463, 1851, 439, 1753, 403, 1673, 345, 1599
]],
"image_id": rb782u_25um_.czi ,
"area": 10464.9216 ,
"bbox": 307 1562 280 519 
 
"id": 0001-1778-0713 ,
"category_id": 0,
"iscrowd": 0,
"segmentation": [[TAGDELETE
585, 1894, 640, 1907, 679, 1898, 737, 1850, 825, 1727, 841, 1683, 836, 1649, 811, 1707, 732, 1819, 683, 1870, 655, 1887, 625, 1894
]],
"image_id": rb782u_25um_.czi ,
"area": 5833.0828 ,
"bbox": 585 1649 256 258 
 
"id": 0001-1565-0552 ,
"category_id": 0,
"iscrowd": 0,
"segmentation": [[TAGDELETE
297, 1421, 461, 1466, 560, 1507, 661, 1570, 732, 1630, 768, 1659, 800, 1711, 808, 1698, 777, 1646, 759, 1615, 665, 1529, 597, 1481, 404, 1419
]],
"image_id": rb782u_25um_.czi ,
"area": 13657.2462 ,
"bbox": 297 1419 511 292 
 
"id": 0001-2019-1513 ,
"category_id": 0,
"iscrowd": 0,
"segmentation": [[TAGDELETE
1229, 2027, 1265, 2024, 1377, 2031, 1437, 2032, 1698, 1998, 1798, 1979, 1723, 2015, 1483, 2059, 1361, 2057, 1281, 2045
]],
"image_id": rb782u_25um_.czi ,
"area": 10741.9415 ,
"bbox": 1229 1979 569 80 
 
"id": 0001-0969-1567 ,
"category_id": 0,
"iscrowd": 0,
"segmentation": [[TAGDELETE
1344, 821, 1362, 882, 1457, 997, 1544, 1056, 1681, 1114, 1786, 1117, 1790, 1105, 1676, 1082, 1600, 1052, 1489, 976, 1409, 898, 1368, 858
]],
"image_id": rb782u_25um_.czi ,
"area": 12109.7272 ,
"bbox": 1344 821 446 296 
 
"id": 0001-0977-1994 ,
"category_id": 0,
"iscrowd": 0,
"segmentation": [[TAGDELETE
1730, 842, 1811, 881, 1867, 894, 1953, 888, 2033, 896, 2120, 931, 2201, 993, 2228, 1028, 2259, 1102, 2251, 1113, 2215, 1063, 2197, 1034, 2107, 965, 2045, 930, 1984, 922, 1909, 926, 1834, 913, 1768, 871
]],
"image_id": rb782u_25um_.czi ,
"area": 13689.4003 ,
"bbox": 1730 842 529 271 
 
"id": 0001-1334-1746 ,
"category_id": 0,
"iscrowd": 0,
"segmentation": [[TAGDELETE
1455, 1297, 1551, 1295, 1704, 1301, 1767, 1315, 1821, 1341, 1873, 1346, 1928, 1348, 1965, 1356, 2037, 1363, 1992, 1374, 1935, 1371, 1857, 1371, 1803, 1358, 1747, 1337, 1714, 1328, 1579, 1316, 1524, 1309
]],
"image_id": rb782u_25um_.czi ,
"area": 9440.1128 ,
"bbox": 1455 1295 582 79 
 
"id": 0001-1117-1895 ,
"category_id": 0,
"iscrowd": 0,
"segmentation": [[TAGDELETE
1671, 1233, 1700, 1185, 1759, 1131, 1822, 1092, 1880, 1072, 1975, 1048, 2087, 1004, 2120, 1001, 2061, 1036, 2009, 1061, 1955, 1080, 1904, 1087, 1840, 1111, 1774, 1146, 1719, 1185, 1692, 1212
]],
"image_id": rb782u_25um_.czi ,
"area": 8075.6249 ,
"bbox": 1671 1001 449 232 
 
"id": 0001-1272-2009 ,
"category_id": 0,
"iscrowd": 0,
"segmentation": [[TAGDELETE
2272, 1371, 2116, 1336, 1985, 1323, 1900, 1308, 1845, 1280, 1792, 1234, 1766, 1194, 1759, 1165, 1747, 1169, 1753, 1210, 1774, 1251, 1825, 1297, 1890, 1333, 2001, 1354, 2107, 1363, 2190, 1380, 2235, 1377
]],
"image_id": rb782u_25um_.czi ,
"area": 11969.5684 ,
"bbox": 1747 1165 525 215 
 
