"id": 0001-1138-0383 ,
"category_id": 0,
"iscrowd": 0,
"segmentation": [[TAGDELETE
172, 969, 198, 1056, 221, 1162, 258, 1208, 336, 1244, 444, 1274, 541, 1308, 578, 1302, 594, 1275, 560, 1281, 532, 1281, 487, 1257, 308, 1199, 285, 1187, 257, 1163, 247, 1147, 226, 1061, 200, 1013
]],
"image_id": rb782u_50um_-11.czi ,
"area": 12685.2031 ,
"bbox": 172 969 422 339 
 
"id": 0001-0911-0562 ,
"category_id": 0,
"iscrowd": 0,
"segmentation": [[TAGDELETE
438, 1139, 646, 933, 677, 887, 687, 824, 674, 767, 632, 717, 589, 697, 531, 684, 599, 723, 637, 752, 654, 793, 658, 844, 639, 898, 454, 1101
]],
"image_id": rb782u_50um_-11.czi ,
"area": 10875.5046 ,
"bbox": 438 684 249 455 
 
"id": 0001-0211-2271 ,
"category_id": 0,
"iscrowd": 0,
"segmentation": [[TAGDELETE
2447, 27, 2426, 106, 2420, 199, 2394, 297, 2350, 354, 2277, 360, 2087, 302, 2217, 375, 2262, 394, 2326, 395, 2384, 371, 2423, 327, 2443, 270, 2455, 168, 2453, 79
]],
"image_id": rb782u_50um_-11.czi ,
"area": 15153.6483 ,
"bbox": 2087 27 368 368 
 
"id": 0001-0682-2069 ,
"category_id": 0,
"iscrowd": 0,
"segmentation": [[TAGDELETE
1854, 518, 1844, 576, 1868, 662, 1904, 714, 2004, 765, 2188, 823, 2295, 846, 2272, 813, 2112, 747, 1970, 705, 1923, 681, 1862, 583
]],
"image_id": rb782u_50um_-11.czi ,
"area": 17307.1483 ,
"bbox": 1844 518 451 328 
 
"id": 0001-1388-1670 ,
"category_id": 0,
"iscrowd": 0,
"segmentation": [[TAGDELETE
1552, 1264, 1606, 1259, 1697, 1288, 1765, 1340, 1791, 1398, 1781, 1453, 1754, 1493, 1712, 1518, 1645, 1516, 1584, 1492, 1550, 1450, 1633, 1486, 1712, 1486, 1750, 1455, 1756, 1402, 1743, 1369, 1690, 1316, 1604, 1279
]],
"image_id": rb782u_50um_-11.czi ,
"area": 12245.7638 ,
"bbox": 1550 1259 241 259 
 
"id": 0001-1779-1740 ,
"category_id": 0,
"iscrowd": 0,
"segmentation": [[TAGDELETE
1519, 1627, 1654, 1792, 1753, 1895, 1793, 1920, 1844, 1932, 1895, 1921, 1938, 1886, 1962, 1841, 1927, 1860, 1893, 1893, 1839, 1894, 1791, 1879, 1664, 1751, 1594, 1682
]],
"image_id": rb782u_50um_-11.czi ,
"area": 13619.3208 ,
"bbox": 1519 1627 443 305 
 
"id": 0001-1699-2161 ,
"category_id": 0,
"iscrowd": 0,
"segmentation": [[TAGDELETE
2003, 1830, 2110, 1861, 2187, 1867, 2224, 1854, 2275, 1819, 2308, 1766, 2320, 1708, 2292, 1635, 2219, 1585, 2111, 1541, 2042, 1531, 2143, 1592, 2217, 1631, 2265, 1667, 2279, 1716, 2259, 1770, 2234, 1797, 2187, 1832, 2070, 1838
]],
"image_id": rb782u_50um_-11.czi ,
"area": 18029.3788 ,
"bbox": 2003 1531 317 336 
 
"id": 0001-1629-0475 ,
"category_id": 0,
"iscrowd": 0,
"segmentation": [[TAGDELETE
208, 1374, 292, 1454, 355, 1497, 426, 1595, 488, 1633, 585, 1677, 654, 1714, 693, 1766, 743, 1885, 728, 1796, 705, 1720, 673, 1683, 588, 1634, 480, 1587, 435, 1548, 398, 1495, 356, 1461, 262, 1404
]],
"image_id": rb782u_50um_-11.czi ,
"area": 18356.691 ,
"bbox": 208 1374 535 511 
 
"id": 0001-1639-0579 ,
"category_id": 0,
"iscrowd": 0,
"segmentation": [[TAGDELETE
773, 1808, 737, 1746, 730, 1664, 717, 1590, 700, 1561, 663, 1537, 575, 1526, 535, 1523, 482, 1486, 447, 1471, 385, 1477, 427, 1494, 485, 1525, 511, 1550, 554, 1565, 618, 1571, 669, 1584, 696, 1622, 708, 1702, 722, 1764, 746, 1784
]],
"image_id": rb782u_50um_-11.czi ,
"area": 13578.0976 ,
"bbox": 385 1471 388 337 
 
"id": 0001-1919-0590 ,
"category_id": 0,
"iscrowd": 0,
"segmentation": [[TAGDELETE
385, 1717, 459, 1809, 575, 1916, 715, 2079, 795, 2121, 784, 2096, 610, 1908, 480, 1784
]],
"image_id": rb782u_50um_-11.czi ,
"area": 13475.0396 ,
"bbox": 385 1717 410 404 
 
"id": 0001-2071-0639 ,
"category_id": 0,
"iscrowd": 0,
"segmentation": [[TAGDELETE
393, 1960, 437, 2061, 524, 2138, 597, 2183, 664, 2197, 737, 2187, 804, 2155, 851, 2096, 876, 2023, 885, 1946, 827, 2073, 778, 2127, 709, 2160, 630, 2158, 543, 2115, 448, 2024, 430, 1995
]],
"image_id": rb782u_50um_-11.czi ,
"area": 16946.8575 ,
"bbox": 393 1946 492 251 
 
