"id": 0001-0334-1444 ,
"category_id": 0,
"iscrowd": 0,
"segmentation": [[TAGDELETE
1318, 465, 1418, 406, 1456, 377, 1494, 301, 1558, 212, 1570, 199, 1534, 275, 1498, 353, 1473, 387, 1438, 421, 1391, 443, 1332, 470
]],
"image_id": rb782u_25um_-03.czi ,
"area": 5622.8445 ,
"bbox": 1318 199 252 271 
 
"id": 0001-0275-1700 ,
"category_id": 0,
"iscrowd": 0,
"segmentation": [[TAGDELETE
1536, 423, 1522, 365, 1523, 305, 1549, 259, 1583, 228, 1832, 141, 1879, 128, 1869, 146, 1785, 189, 1635, 237, 1591, 255, 1562, 279, 1545, 307, 1539, 357, 1536, 404
]],
"image_id": rb782u_25um_-03.czi ,
"area": 9380.7514 ,
"bbox": 1522 128 357 295 
 
"id": 0001-0783-2151 ,
"category_id": 0,
"iscrowd": 0,
"segmentation": [[TAGDELETE
2347, 580, 2287, 624, 2223, 662, 2160, 689, 2084, 733, 2021, 791, 1983, 839, 1965, 895, 1956, 952, 1960, 987, 1991, 900, 2020, 837, 2079, 776, 2144, 729, 2216, 694, 2281, 652, 2325, 609
]],
"image_id": rb782u_25um_-03.czi ,
"area": 11408.1084 ,
"bbox": 1956 580 391 407 
 
"id": 0001-0704-1696 ,
"category_id": 0,
"iscrowd": 0,
"segmentation": [[TAGDELETE
1466, 607, 1621, 615, 1671, 609, 1718, 604, 1755, 604, 1790, 614, 1816, 631, 1851, 664, 1887, 723, 1907, 802, 1921, 832, 1927, 799, 1913, 710, 1860, 638, 1813, 597, 1774, 582, 1734, 576, 1694, 580, 1627, 593, 1549, 593, 1476, 598
]],
"image_id": rb782u_25um_-03.czi ,
"area": 10920.0257 ,
"bbox": 1466 576 461 256 
 
"id": 0001-0924-1688 ,
"category_id": 0,
"iscrowd": 0,
"segmentation": [[TAGDELETE
1574, 1166, 1687, 1059, 1748, 958, 1772, 819, 1782, 725, 1788, 693, 1800, 683, 1802, 846, 1782, 945, 1755, 1006, 1700, 1081, 1634, 1133
]],
"image_id": rb782u_25um_-03.czi ,
"area": 11014.839 ,
"bbox": 1574 683 228 483 
 
"id": 0001-0952-1411 ,
"category_id": 0,
"iscrowd": 0,
"segmentation": [[TAGDELETE
1226, 943, 1300, 855, 1372, 811, 1450, 790, 1530, 794, 1588, 841, 1596, 881, 1591, 947, 1552, 1013, 1435, 1115, 1447, 1075, 1519, 990, 1555, 938, 1563, 894, 1555, 862, 1520, 831, 1467, 825, 1396, 835, 1344, 861, 1292, 898
]],
"image_id": rb782u_25um_-03.czi ,
"area": 17488.5304 ,
"bbox": 1226 790 370 325 
 
"id": 0001-1027-1839 ,
"category_id": 0,
"iscrowd": 0,
"segmentation": [[TAGDELETE
1787, 922, 1838, 899, 1879, 903, 1928, 927, 1952, 966, 1962, 997, 1964, 1034, 1950, 1079, 1918, 1114, 1878, 1139, 1816, 1147, 1756, 1145, 1714, 1155, 1735, 1133, 1816, 1125, 1875, 1110, 1912, 1077, 1935, 1033, 1934, 991, 1908, 943, 1867, 919, 1828, 923
]],
"image_id": rb782u_25um_-03.czi ,
"area": 9915.8285 ,
"bbox": 1714 899 250 256 
 
"id": 0001-1313-0706 ,
"category_id": 0,
"iscrowd": 0,
"segmentation": [[TAGDELETE
461, 1483, 552, 1401, 607, 1343, 665, 1295, 766, 1234, 872, 1181, 952, 1143, 897, 1197, 804, 1247, 701, 1306, 615, 1375, 548, 1436, 491, 1467
]],
"image_id": rb782u_25um_-03.czi ,
"area": 11591.9638 ,
"bbox": 461 1143 491 340 
 
"id": 0001-1731-1343 ,
"category_id": 0,
"iscrowd": 0,
"segmentation": [[TAGDELETE
1572, 1598, 1527, 1647, 1464, 1718, 1399, 1788, 1336, 1826, 1270, 1856, 1214, 1865, 1165, 1849, 1114, 1816, 1170, 1828, 1217, 1836, 1283, 1825, 1334, 1798, 1384, 1766, 1469, 1677, 1504, 1639, 1546, 1611
]],
"image_id": rb782u_25um_-03.czi ,
"area": 10042.796 ,
"bbox": 1114 1598 458 267 
 
