"id": 0001-1085-1377 ,
"category_id": 0,
"iscrowd": 0,
"segmentation": [[TAGDELETE
1515, 1413, 1410, 1321, 1355, 1221, 1279, 1086, 1239, 974, 1240, 893, 1252, 853, 1280, 810, 1336, 758, 1291, 823, 1275, 862, 1270, 909, 1287, 1003, 1334, 1107, 1394, 1209, 1435, 1283, 1515, 1385
]],
"image_id": rb782u_25um_-08.czi ,
"area": 19844.8485 ,
"bbox": 1239 758 276 655 
 
"id": 0001-0326-2351 ,
"category_id": 0,
"iscrowd": 0,
"segmentation": [[TAGDELETE
2531, 464, 2464, 406, 2394, 362, 2320, 325, 2240, 293, 2204, 261, 2171, 187, 2189, 264, 2218, 301, 2294, 339, 2385, 381, 2492, 454, 2510, 465
]],
"image_id": rb782u_25um_-08.czi ,
"area": 7008.7685 ,
"bbox": 2171 187 360 278 
 
"id": 0001-1641-0247 ,
"category_id": 0,
"iscrowd": 0,
"segmentation": [[TAGDELETE
127, 1909, 247, 1709, 301, 1589, 349, 1472, 368, 1373, 287, 1544, 227, 1682, 169, 1776, 127, 1877
]],
"image_id": rb782u_25um_-08.czi ,
"area": 12135.2856 ,
"bbox": 127 1373 241 536 
 
"id": 0001-1469-0383 ,
"category_id": 0,
"iscrowd": 0,
"segmentation": [[TAGDELETE
403, 1079, 447, 1207, 447, 1320, 421, 1390, 424, 1491, 411, 1558, 391, 1644, 353, 1742, 343, 1792, 325, 1860, 319, 1783, 347, 1656, 379, 1554, 384, 1396, 415, 1270, 417, 1203, 415, 1135
]],
"image_id": rb782u_25um_-08.czi ,
"area": 19134.985 ,
"bbox": 319 1079 128 781 
 
"id": 0001-1463-0253 ,
"category_id": 0,
"iscrowd": 0,
"segmentation": [[TAGDELETE
359, 1163, 344, 1292, 301, 1495, 264, 1588, 196, 1699, 148, 1763, 236, 1574, 279, 1466, 301, 1352, 331, 1215
]],
"image_id": rb782u_25um_-08.czi ,
"area": 12557.4112 ,
"bbox": 148 1163 211 600 
 
