"id": 0001-0692-1460 ,
"category_id": 0,
"iscrowd": 0,
"segmentation": [[TAGDELETE
1506, 458, 1441, 506, 1407, 554, 1396, 622, 1430, 709, 1478, 777, 1526, 831, 1562, 927, 1492, 828, 1433, 769, 1373, 698, 1359, 624, 1379, 523, 1427, 483, 1464, 472
]],
"image_id": rb782i_-ctl_-07.czi ,
"area": 13390.9443 ,
"bbox": 1359 458 203 469 
 
"id": 0001-1175-1181 ,
"category_id": 0,
"iscrowd": 0,
"segmentation": [[TAGDELETE
1085, 935, 1062, 1040, 1065, 1125, 1102, 1192, 1144, 1260, 1198, 1322, 1300, 1416, 1209, 1288, 1139, 1209, 1105, 1127, 1093, 1017
]],
"image_id": rb782i_-ctl_-07.czi ,
"area": 11072.5515 ,
"bbox": 1062 935 238 481 
 
"id": 0001-1184-0477 ,
"category_id": 0,
"iscrowd": 0,
"segmentation": [[TAGDELETE
511, 930, 472, 1012, 449, 1077, 438, 1144, 444, 1226, 458, 1300, 463, 1368, 486, 1438, 483, 1379, 475, 1283, 461, 1198, 466, 1122, 517, 989
]],
"image_id": rb782i_-ctl_-07.czi ,
"area": 9278.5179 ,
"bbox": 438 930 79 508 
 
"id": 0001-1131-0702 ,
"category_id": 0,
"iscrowd": 0,
"segmentation": [[TAGDELETE
811, 915, 718, 961, 653, 1012, 605, 1074, 593, 1133, 627, 1206, 667, 1280, 749, 1348, 670, 1221, 630, 1150, 624, 1116, 644, 1068, 706, 1006, 783, 969
]],
"image_id": rb782i_-ctl_-07.czi ,
"area": 12742.0911 ,
"bbox": 593 915 218 433 
 
"id": 0001-1425-0682 ,
"category_id": 0,
"iscrowd": 0,
"segmentation": [[TAGDELETE
757, 1667, 729, 1602, 675, 1529, 650, 1481, 661, 1393, 670, 1300, 636, 1246, 607, 1184, 619, 1271, 630, 1331, 630, 1382, 622, 1458, 647, 1543, 692, 1608
]],
"image_id": rb782i_-ctl_-07.czi ,
"area": 11547.4428 ,
"bbox": 607 1184 150 483 
 
"id": 0001-1913-0424 ,
"category_id": 0,
"iscrowd": 0,
"segmentation": [[TAGDELETE
509, 1704, 449, 1777, 427, 1820, 401, 1862, 364, 1913, 339, 1958, 345, 2020, 407, 2094, 452, 2122, 418, 2060, 379, 2003, 370, 1975, 373, 1933, 421, 1865, 492, 1777
]],
"image_id": rb782i_-ctl_-07.czi ,
"area": 9816.8928 ,
"bbox": 339 1704 170 418 
 
"id": 0001-0271-0880 ,
"category_id": 0,
"iscrowd": 0,
"segmentation": [[TAGDELETE
1029, 87, 920, 103, 838, 135, 784, 181, 742, 264, 732, 340, 732, 400, 748, 455, 757, 389, 764, 296, 780, 245, 821, 184, 893, 136, 984, 111
]],
"image_id": rb782i_-ctl_-07.czi ,
"area": 10192.024 ,
"bbox": 732 87 297 368 
 
"id": 0001-0221-1035 ,
"category_id": 0,
"iscrowd": 0,
"segmentation": [[TAGDELETE
1194, 383, 1190, 331, 1174, 275, 1164, 236, 1162, 187, 1136, 123, 1094, 79, 1036, 59, 965, 68, 876, 103, 962, 92, 1025, 84, 1065, 92, 1096, 113, 1118, 139, 1129, 171, 1134, 217, 1144, 263, 1160, 300, 1177, 344
]],
"image_id": rb782i_-ctl_-07.czi ,
"area": 9051.7903 ,
"bbox": 876 59 318 324 
 
"id": 0001-0351-1807 ,
"category_id": 0,
"iscrowd": 0,
"segmentation": [[TAGDELETE
2032, 361, 1881, 304, 1812, 285, 1747, 284, 1708, 294, 1672, 322, 1643, 357, 1583, 419, 1616, 409, 1657, 380, 1693, 341, 1717, 315, 1773, 304, 1841, 316, 1934, 345, 1984, 357
]],
"image_id": rb782i_-ctl_-07.czi ,
"area": 8334.5066 ,
"bbox": 1583 284 449 135 
 
