"id": 0001-1896-0552 ,
"category_id": 0,
"iscrowd": 0,
"segmentation": [[TAGDELETE
384, 2133, 449, 2082, 537, 1947, 630, 1760, 720, 1659, 653, 1772, 588, 1910, 531, 2029, 486, 2091, 421, 2130
]],
"image_id": rb782i_25um_-11.czi ,
"area": 12470.8425 ,
"bbox": 384 1659 336 474 
 
"id": 0001-0442-0935 ,
"category_id": 0,
"iscrowd": 0,
"segmentation": [[TAGDELETE
641, 345, 766, 373, 992, 435, 1122, 472, 1201, 514, 1229, 540, 1102, 497, 932, 455, 752, 393
]],
"image_id": rb782i_25um_-11.czi ,
"area": 12540.9219 ,
"bbox": 641 345 588 195 
 
"id": 0001-0756-1418 ,
"category_id": 0,
"iscrowd": 0,
"segmentation": [[TAGDELETE
1305, 995, 1351, 941, 1370, 876, 1379, 817, 1410, 749, 1455, 687, 1520, 559, 1531, 517, 1452, 636, 1368, 752, 1353, 811, 1342, 876, 1334, 904
]],
"image_id": rb782i_25um_-11.czi ,
"area": 10640.5324 ,
"bbox": 1305 517 226 478 
 
"id": 0001-0201-2082 ,
"category_id": 0,
"iscrowd": 0,
"segmentation": [[TAGDELETE
1834, 54, 1921, 93, 2147, 232, 2246, 288, 2331, 348, 2266, 322, 2082, 223, 1927, 136
]],
"image_id": rb782i_25um_-11.czi ,
"area": 10457.5014 ,
"bbox": 1834 54 497 294 
 
