"id": 0001-0698-1805 ,
"category_id": 0,
"iscrowd": 0,
"segmentation": [[TAGDELETE
1582, 550, 1609, 671, 1674, 783, 1717, 821, 1790, 841, 1878, 846, 1942, 829, 2029, 815, 1975, 799, 1934, 797, 1853, 814, 1775, 802, 1701, 769, 1654, 710, 1610, 614
]],
"image_id": rb782i_DMSO_-13.czi ,
"area": 12660.4692 ,
"bbox": 1582 550 447 296 
 
"id": 0001-1266-1996 ,
"category_id": 0,
"iscrowd": 0,
"segmentation": [[TAGDELETE
1872, 1056, 1909, 1084, 1953, 1163, 1988, 1201, 2046, 1229, 2104, 1256, 2128, 1300, 2126, 1352, 2101, 1417, 2069, 1455, 2024, 1476, 1982, 1468, 1953, 1445, 1884, 1315, 1866, 1260, 1870, 1235, 1864, 1201, 1908, 1275, 1961, 1396, 1985, 1432, 2010, 1440, 2042, 1431, 2060, 1407, 2074, 1365, 2084, 1329, 2078, 1296, 2054, 1275, 2024, 1265, 1989, 1256, 1945, 1224, 1920, 1187, 1866, 1079
]],
"image_id": rb782i_DMSO_-13.czi ,
"area": 25810.67 ,
"bbox": 1864 1056 264 420 
 
"id": 0001-1523-1602 ,
"category_id": 0,
"iscrowd": 0,
"segmentation": [[TAGDELETE
1829, 1604, 1800, 1584, 1757, 1570, 1673, 1518, 1607, 1487, 1488, 1462, 1440, 1451, 1418, 1452, 1375, 1440, 1422, 1463, 1557, 1506, 1608, 1520, 1717, 1584, 1776, 1600, 1813, 1606
]],
"image_id": rb782i_DMSO_-13.czi ,
"area": 9475.5648 ,
"bbox": 1375 1440 454 166 
 
"id": 0001-0182-1093 ,
"category_id": 0,
"iscrowd": 0,
"segmentation": [[TAGDELETE
816, 47, 867, 105, 932, 146, 983, 160, 1069, 163, 1136, 169, 1198, 195, 1285, 259, 1330, 296, 1370, 317, 1343, 278, 1270, 204, 1204, 160, 1137, 132, 1057, 122, 981, 128, 940, 120, 846, 73
]],
"image_id": rb782i_DMSO_-13.czi ,
"area": 14505.6196 ,
"bbox": 816 47 554 270 
 
