"id": 0001-1007-0347 ,
"category_id": 0,
"iscrowd": 0,
"segmentation": [[TAGDELETE
185, 729, 208, 842, 221, 913, 282, 1017, 352, 1105, 440, 1193, 464, 1232, 474, 1256, 509, 1288, 485, 1218, 437, 1149, 330, 1019, 272, 953, 248, 917, 245, 869, 224, 793, 203, 727
]],
"image_id": rb782u_25um_-05.czi ,
"area": 14878.2773 ,
"bbox": 185 727 324 561 
 
"id": 0001-1165-1029 ,
"category_id": 0,
"iscrowd": 0,
"segmentation": [[TAGDELETE
1088, 910, 1104, 1094, 1084, 1226, 1054, 1326, 1031, 1364, 982, 1404, 954, 1421, 956, 1400, 1003, 1358, 1034, 1321, 1071, 1145, 1076, 1056, 1075, 972
]],
"image_id": rb782u_25um_-05.czi ,
"area": 10098.8595 ,
"bbox": 954 910 150 511 
 
"id": 0001-1858-1518 ,
"category_id": 0,
"iscrowd": 0,
"segmentation": [[TAGDELETE
1591, 1569, 1617, 1636, 1634, 1721, 1624, 1816, 1591, 1908, 1524, 2018, 1472, 2095, 1441, 2116, 1403, 2148, 1452, 2092, 1529, 1959, 1587, 1841, 1601, 1759, 1596, 1665, 1580, 1579
]],
"image_id": rb782u_25um_-05.czi ,
"area": 12890.4946 ,
"bbox": 1403 1569 231 579 
 
"id": 0001-2025-2085 ,
"category_id": 0,
"iscrowd": 0,
"segmentation": [[TAGDELETE
1853, 2087, 1931, 2055, 2084, 1996, 2174, 1970, 2271, 1963, 2318, 1969, 2282, 1980, 2189, 1993, 2118, 2007, 2009, 2042, 1892, 2083
]],
"image_id": rb782u_25um_-05.czi ,
"area": 6646.8288 ,
"bbox": 1853 1963 465 124 
 
"id": 0001-1087-2176 ,
"category_id": 0,
"iscrowd": 0,
"segmentation": [[TAGDELETE
2004, 928, 2048, 906, 2113, 887, 2155, 885, 2222, 907, 2307, 976, 2348, 1057, 2340, 1077, 2322, 1122, 2305, 1168, 2295, 1208, 2266, 1253, 2237, 1274, 2196, 1290, 2253, 1239, 2272, 1186, 2283, 1125, 2304, 1082, 2308, 1059, 2304, 1031, 2281, 1002, 2250, 974, 2224, 947, 2189, 927, 2155, 918, 2112, 917, 2076, 922, 2027, 929, 2015, 929
]],
"image_id": rb782u_25um_-05.czi ,
"area": 15083.5689 ,
"bbox": 2004 885 344 405 
 
"id": 0001-0386-2236 ,
"category_id": 0,
"iscrowd": 0,
"segmentation": [[TAGDELETE
2526, 365, 2421, 357, 2298, 331, 2213, 325, 2149, 331, 2073, 355, 1981, 409, 1946, 448, 2093, 379, 2156, 356, 2214, 351, 2294, 363, 2389, 391, 2444, 391, 2504, 379
]],
"image_id": rb782u_25um_-05.czi ,
"area": 13450.3057 ,
"bbox": 1946 325 580 123 
 
"id": 0001-0286-1788 ,
"category_id": 0,
"iscrowd": 0,
"segmentation": [[TAGDELETE
1450, 393, 1623, 283, 1728, 248, 1780, 239, 1816, 228, 1891, 199, 1980, 180, 2046, 193, 2126, 215, 2071, 220, 2010, 209, 1951, 215, 1800, 265, 1704, 280, 1627, 317, 1560, 347, 1483, 387
]],
"image_id": rb782u_25um_-05.czi ,
"area": 14320.9397 ,
"bbox": 1450 180 676 213 
 
