"id": 0001-0597-1821 ,
"category_id": 0,
"iscrowd": 0,
"segmentation": [[TAGDELETE
1746, 299, 1797, 514, 1856, 695, 1890, 896, 1896, 797, 1882, 692, 1797, 424
]],
"image_id": rb782i_50um_.czi ,
"area": 10085.6681 ,
"bbox": 1746 299 150 597 
 
"id": 0001-0973-2144 ,
"category_id": 0,
"iscrowd": 0,
"segmentation": [[TAGDELETE
1904, 1057, 2142, 949, 2385, 890, 2337, 924, 2147, 980, 1983, 1045
]],
"image_id": rb782i_50um_.czi ,
"area": 9351.0707 ,
"bbox": 1904 890 481 167 
 
"id": 0001-1526-1948 ,
"category_id": 0,
"iscrowd": 0,
"segmentation": [[TAGDELETE
1673, 1546, 1777, 1514, 2054, 1506, 2224, 1529, 2094, 1537, 1780, 1534
]],
"image_id": rb782i_50um_.czi ,
"area": 8947.0833 ,
"bbox": 1673 1506 551 40 
 
"id": 0001-0556-1322 ,
"category_id": 0,
"iscrowd": 0,
"segmentation": [[TAGDELETE
1221, 387, 1311, 480, 1376, 534, 1393, 593, 1387, 641, 1353, 684, 1314, 709, 1257, 706, 1297, 726, 1373, 704, 1407, 658, 1424, 610, 1401, 531, 1336, 463, 1286, 421
]],
"image_id": rb782i_50um_.czi ,
"area": 9036.1254 ,
"bbox": 1221 387 203 339 
 
"id": 0001-1217-0507 ,
"category_id": 0,
"iscrowd": 0,
"segmentation": [[TAGDELETE
359, 1062, 429, 1144, 537, 1257, 624, 1325, 656, 1373, 528, 1274, 449, 1198, 398, 1141
]],
"image_id": rb782i_50um_.czi ,
"area": 6022.7095 ,
"bbox": 359 1062 297 311 
 
"id": 0001-1631-0784 ,
"category_id": 0,
"iscrowd": 0,
"segmentation": [[TAGDELETE
862, 1356, 859, 1478, 836, 1622, 797, 1738, 706, 1907, 737, 1800, 794, 1690, 825, 1548, 839, 1430
]],
"image_id": rb782i_50um_.czi ,
"area": 9296.6561 ,
"bbox": 706 1356 156 551 
 
"id": 0001-1626-0972 ,
"category_id": 0,
"iscrowd": 0,
"segmentation": [[TAGDELETE
788, 1845, 794, 1755, 845, 1667, 924, 1579, 1037, 1469, 1156, 1407, 972, 1568, 876, 1664, 814, 1766
]],
"image_id": rb782i_50um_.czi ,
"area": 10341.252 ,
"bbox": 788 1407 368 438 