"id": 0001-0815-1127 ,
"category_id": 0,
"iscrowd": 0,
"segmentation": [[TAGDELETE
955, 579, 1102, 602, 1204, 644, 1300, 735, 1297, 831, 1257, 918, 1170, 995, 1062, 1051, 1150, 958, 1215, 910, 1263, 819, 1252, 752, 1192, 689, 1088, 633
]],
"image_id": rb782i_50um_-13.czi ,
"area": 20691.573 ,
"bbox": 955 579 345 472 
 
"id": 0001-1571-1035 ,
"category_id": 0,
"iscrowd": 0,
"segmentation": [[TAGDELETE
791, 1684, 986, 1630, 1158, 1520, 1280, 1452, 1192, 1560, 992, 1667, 879, 1690
]],
"image_id": rb782i_50um_-13.czi ,
"area": 14879.9263 ,
"bbox": 791 1452 489 238 
 
"id": 0001-1631-1760 ,
"category_id": 0,
"iscrowd": 0,
"segmentation": [[TAGDELETE
1904, 1356, 1828, 1486, 1797, 1585, 1766, 1692, 1718, 1786, 1616, 1907, 1712, 1839, 1783, 1774, 1825, 1670, 1848, 1568, 1890, 1458
]],
"image_id": rb782i_50um_-13.czi ,
"area": 18691.4233 ,
"bbox": 1616 1356 288 551 
 
"id": 0001-1485-2226 ,
"category_id": 0,
"iscrowd": 0,
"segmentation": [[TAGDELETE
2249, 1221, 2286, 1376, 2303, 1427, 2266, 1548, 2190, 1616, 2133, 1695, 2108, 1749, 2243, 1630, 2286, 1579, 2331, 1512, 2345, 1441, 2320, 1339
]],
"image_id": rb782i_50um_-13.czi ,
"area": 17182.6542 ,
"bbox": 2108 1221 237 528 
 
"id": 0001-2010-1770 ,
"category_id": 0,
"iscrowd": 0,
"segmentation": [[TAGDELETE
1890, 1868, 1958, 1935, 1986, 1995, 1978, 2054, 1921, 2113, 1862, 2147, 1724, 2153, 1554, 2091, 1718, 2111, 1851, 2108, 1930, 2046, 1947, 2000, 1927, 1935
]],
"image_id": rb782i_50um_-13.czi ,
"area": 16368.0838 ,
"bbox": 1554 1868 432 285 
 
"id": 0001-0606-2214 ,
"category_id": 0,
"iscrowd": 0,
"segmentation": [[TAGDELETE
2402, 427, 2289, 605, 2207, 689, 2026, 785, 2249, 610, 2348, 466
]],
"image_id": rb782i_50um_-13.czi ,
"area": 9764.1272 ,
"bbox": 2026 427 376 358 
 
"id": 0001-0433-2125 ,
"category_id": 0,
"iscrowd": 0,
"segmentation": [[TAGDELETE
2088, 172, 2167, 333, 2193, 444, 2193, 506, 2170, 562, 2128, 613, 2048, 658, 2015, 695, 2122, 653, 2170, 616, 2212, 562, 2235, 509, 2221, 398, 2184, 299, 2150, 232
]],
"image_id": rb782i_50um_-13.czi ,
"area": 15470.2425 ,
"bbox": 2015 172 220 523 
 
"id": 0001-0291-1788 ,
"category_id": 0,
"iscrowd": 0,
"segmentation": [[TAGDELETE
1568, 362, 1653, 348, 1726, 308, 1808, 246, 1902, 212, 1933, 203, 2009, 209, 1992, 229, 1947, 229, 1862, 251, 1729, 345, 1636, 379
]],
"image_id": rb782i_50um_-13.czi ,
"area": 10282.715 ,
"bbox": 1568 203 441 176 
 
"id": 0001-0254-1901 ,
"category_id": 0,
"iscrowd": 0,
"segmentation": [[TAGDELETE
1627, 170, 1712, 158, 1941, 170, 2006, 184, 2080, 218, 2136, 277, 2176, 350, 2088, 254, 2017, 212, 1856, 198, 1692, 189
]],
"image_id": rb782i_50um_-13.czi ,
"area": 12573.9005 ,
"bbox": 1627 158 549 192 