"id": 0001-0734-1007 ,
"category_id": 0,
"iscrowd": 0,
"segmentation": [[TAGDELETE
732, 641, 819, 777, 873, 811, 966, 828, 1068, 819, 1204, 783, 1283, 757, 1156, 771, 1017, 794, 921, 788, 859, 766, 780, 687
]],
"image_id": rb782i_-ctl_-06.czi ,
"area": 12699.219 ,
"bbox": 732 641 551 187 
 
"id": 0001-1401-1041 ,
"category_id": 0,
"iscrowd": 0,
"segmentation": [[TAGDELETE
752, 1464, 828, 1390, 921, 1353, 1023, 1339, 1136, 1359, 1271, 1379, 1331, 1396, 1195, 1393, 1096, 1376, 1031, 1368, 969, 1368, 873, 1396, 797, 1444
]],
"image_id": rb782i_-ctl_-06.czi ,
"area": 10666.9152 ,
"bbox": 752 1339 579 125 
 
"id": 0001-1485-1134 ,
"category_id": 0,
"iscrowd": 0,
"segmentation": [[TAGDELETE
1396, 1591, 1328, 1517, 1232, 1449, 1130, 1401, 1006, 1379, 873, 1396, 952, 1407, 1065, 1410, 1175, 1444, 1288, 1517, 1365, 1574
]],
"image_id": rb782i_-ctl_-06.czi ,
"area": 9823.4886 ,
"bbox": 873 1379 523 212 
 
"id": 0001-0996-1971 ,
"category_id": 0,
"iscrowd": 0,
"segmentation": [[TAGDELETE
1735, 901, 1890, 882, 1995, 876, 2071, 898, 2125, 963, 2167, 1031, 2207, 1116, 2159, 1060, 2125, 1003, 2080, 952, 2020, 921, 1904, 904, 1803, 921, 1774, 921
]],
"image_id": rb782i_-ctl_-06.czi ,
"area": 12178.1577 ,
"bbox": 1735 876 472 240 
 
"id": 0001-1686-2123 ,
"category_id": 0,
"iscrowd": 0,
"segmentation": [[TAGDELETE
2085, 1401, 2082, 1543, 2080, 1616, 2102, 1687, 2150, 1760, 2184, 1862, 2204, 1972, 2164, 1882, 2130, 1789, 2077, 1721, 2057, 1650, 2043, 1596, 2051, 1486
]],
"image_id": rb782i_-ctl_-06.czi ,
"area": 13309.3224 ,
"bbox": 2043 1401 161 571 
 
"id": 0001-1523-2315 ,
"category_id": 0,
"iscrowd": 0,
"segmentation": [[TAGDELETE
2303, 1257, 2294, 1441, 2314, 1659, 2317, 1749, 2314, 1789, 2337, 1740, 2337, 1630, 2317, 1418
]],
"image_id": rb782i_-ctl_-06.czi ,
"area": 8281.7409 ,
"bbox": 2294 1257 43 532 
 
"id": 0001-1163-2317 ,
"category_id": 0,
"iscrowd": 0,
"segmentation": [[TAGDELETE
2241, 927, 2283, 1102, 2323, 1249, 2393, 1399, 2382, 1334, 2269, 966
]],
"image_id": rb782i_-ctl_-06.czi ,
"area": 8921.5249 ,
"bbox": 2241 927 152 472 
 
"id": 0001-0887-2390 ,
"category_id": 0,
"iscrowd": 0,
"segmentation": [[TAGDELETE
2252, 641, 2294, 771, 2368, 907, 2472, 1054, 2529, 1133, 2441, 955, 2308, 732
]],
"image_id": rb782i_-ctl_-06.czi ,
"area": 11160.7692 ,
"bbox": 2252 641 277 492 
 
"id": 0001-0534-2382 ,
"category_id": 0,
"iscrowd": 0,
"segmentation": [[TAGDELETE
2393, 235, 2373, 398, 2354, 545, 2359, 678, 2379, 834, 2390, 681, 2385, 514, 2410, 356
]],
"image_id": rb782i_-ctl_-06.czi ,
"area": 11611.751 ,
"bbox": 2354 235 56 599 
 
"id": 0001-1449-2522 ,
"category_id": 0,
"iscrowd": 0,
"segmentation": [[TAGDELETE
2602, 1195, 2591, 1271, 2566, 1339, 2501, 1421, 2455, 1497, 2430, 1619, 2433, 1704, 2461, 1582, 2484, 1512, 2526, 1418, 2568, 1370, 2602, 1311, 2614, 1257
]],
"image_id": rb782i_-ctl_-06.czi ,
"area": 9043.5456 ,
"bbox": 2430 1195 184 509 
 
"id": 0001-0337-1065 ,
"category_id": 0,
"iscrowd": 0,
"segmentation": [[TAGDELETE
811, 305, 1009, 305, 1122, 319, 1249, 348, 1319, 356, 1269, 370, 1187, 359, 1071, 342, 927, 328
]],
"image_id": rb782i_-ctl_-06.czi ,
"area": 9078.9976 ,
"bbox": 811 305 508 65 
 
"id": 0001-0446-1326 ,
"category_id": 0,
"iscrowd": 0,
"segmentation": [[TAGDELETE
1048, 480, 1133, 441, 1260, 413, 1370, 415, 1540, 427, 1605, 455, 1424, 441, 1291, 438, 1141, 463
]],
"image_id": rb782i_-ctl_-06.czi ,
"area": 9745.1645 ,
"bbox": 1048 413 557 67 
 
"id": 0001-1852-0583 ,
"category_id": 0,
"iscrowd": 0,
"segmentation": [[TAGDELETE
446, 1611, 492, 1726, 545, 1822, 644, 2003, 720, 2094, 596, 1848, 497, 1681
]],
"image_id": rb782i_-ctl_-06.czi ,
"area": 10520.9851 ,
"bbox": 446 1611 274 483 
 
"id": 0001-2068-1740 ,
"category_id": 0,
"iscrowd": 0,
"segmentation": [[TAGDELETE
1585, 2204, 1602, 2122, 1659, 2006, 1726, 1952, 1800, 1933, 1837, 1941, 1896, 1975, 1842, 1955, 1760, 1964, 1692, 1998, 1650, 2080, 1616, 2161
]],
"image_id": rb782i_-ctl_-06.czi ,
"area": 7373.1816 ,
"bbox": 1585 1933 311 271 
 
"id": 0001-0736-1612 ,
"category_id": 0,
"iscrowd": 0,
"segmentation": [[TAGDELETE
1719, 469, 1655, 541, 1589, 645, 1545, 742, 1519, 810, 1505, 886, 1509, 954, 1521, 1003, 1534, 941, 1535, 877, 1550, 793, 1606, 669, 1671, 561, 1699, 510
]],
"image_id": rb782i_-ctl_-06.czi ,
"area": 10854.0686 ,
"bbox": 1505 469 214 534 
 
"id": 0001-0602-1695 ,
"category_id": 0,
"iscrowd": 0,
"segmentation": [[TAGDELETE
1863, 474, 1813, 454, 1741, 446, 1674, 458, 1602, 497, 1555, 565, 1542, 643, 1527, 758, 1550, 723, 1561, 639, 1577, 578, 1607, 530, 1654, 485, 1711, 469, 1789, 462, 1821, 466
]],
"image_id": rb782i_-ctl_-06.czi ,
"area": 7617.2229 ,
"bbox": 1527 446 336 312 
 
