"id": 0001-0231-0406 ,
"category_id": 0,
"iscrowd": 0,
"segmentation": [[TAGDELETE
96, 280, 293, 219, 377, 195, 480, 183, 647, 168, 716, 167, 624, 191, 499, 208, 404, 221, 235, 269, 107, 295
]],
"image_id": rb782u_DMSO_.czi ,
"area": 12839.3779 ,
"bbox": 96 167 620 128 
 
"id": 0001-0648-0689 ,
"category_id": 0,
"iscrowd": 0,
"segmentation": [[TAGDELETE
367, 616, 389, 601, 503, 569, 592, 563, 649, 569, 776, 612, 928, 681, 1012, 733, 952, 708, 805, 668, 688, 616, 583, 599, 424, 621, 383, 620
]],
"image_id": rb782u_DMSO_.czi ,
"area": 16674.7844 ,
"bbox": 367 563 645 170 
 
"id": 0001-0710-1242 ,
"category_id": 0,
"iscrowd": 0,
"segmentation": [[TAGDELETE
919, 647, 999, 608, 1079, 597, 1142, 602, 1206, 631, 1290, 692, 1389, 743, 1499, 794, 1565, 816, 1537, 824, 1497, 823, 1409, 800, 1294, 741, 1188, 666, 1145, 644, 1083, 630, 1016, 627, 957, 639
]],
"image_id": rb782u_DMSO_.czi ,
"area": 18272.5956 ,
"bbox": 919 597 646 227 
 
"id": 0001-0354-1528 ,
"category_id": 0,
"iscrowd": 0,
"segmentation": [[TAGDELETE
1368, 125, 1383, 259, 1381, 338, 1374, 391, 1375, 429, 1405, 480, 1452, 515, 1525, 549, 1599, 571, 1649, 584, 1681, 584, 1689, 579, 1660, 567, 1582, 534, 1535, 518, 1457, 484, 1420, 450, 1408, 428, 1405, 383, 1411, 332, 1407, 265, 1396, 204, 1382, 171
]],
"image_id": rb782u_DMSO_.czi ,
"area": 13362.088 ,
"bbox": 1368 125 321 459 
 
"id": 0001-0355-1741 ,
"category_id": 0,
"iscrowd": 0,
"segmentation": [[TAGDELETE
2073, 233, 2006, 267, 1904, 334, 1807, 379, 1689, 434, 1570, 444, 1460, 435, 1409, 423, 1419, 441, 1464, 463, 1527, 476, 1621, 478, 1691, 468, 1797, 423, 1930, 359, 1974, 325, 2051, 258
]],
"image_id": rb782u_DMSO_.czi ,
"area": 18052.4637 ,
"bbox": 1409 233 664 245 
 
"id": 0001-0269-1914 ,
"category_id": 0,
"iscrowd": 0,
"segmentation": [[TAGDELETE
2293, 167, 2210, 172, 2109, 190, 1943, 252, 1781, 291, 1662, 325, 1536, 356, 1553, 371, 1654, 357, 1769, 329, 1970, 278, 2117, 219, 2237, 185
]],
"image_id": rb782u_DMSO_.czi ,
"area": 17679.806 ,
"bbox": 1536 167 757 204 
 
"id": 0001-0405-2278 ,
"category_id": 0,
"iscrowd": 0,
"segmentation": [[TAGDELETE
2396, 107, 2259, 248, 2176, 353, 2161, 406, 2172, 495, 2175, 566, 2170, 625, 2162, 672, 2168, 704, 2182, 678, 2203, 605, 2206, 541, 2196, 452, 2200, 404, 2213, 362, 2262, 288, 2322, 214, 2366, 176, 2384, 136
]],
"image_id": rb782u_DMSO_.czi ,
"area": 14822.2138 ,
"bbox": 2161 107 235 597 
 
"id": 0001-0528-2093 ,
"category_id": 0,
"iscrowd": 0,
"segmentation": [[TAGDELETE
2207, 819, 2156, 771, 2102, 702, 2043, 601, 2004, 498, 1984, 436, 1979, 387, 1983, 342, 2003, 312, 2034, 279, 2065, 251, 2093, 238, 2073, 269, 2033, 310, 2015, 360, 2014, 390, 2023, 433, 2050, 515, 2102, 642, 2152, 730, 2187, 790
]],
"image_id": rb782u_DMSO_.czi ,
"area": 15536.1996 ,
"bbox": 1979 238 228 581 
 
"id": 0001-1915-1154 ,
"category_id": 0,
"iscrowd": 0,
"segmentation": [[TAGDELETE
1104, 2079, 1068, 2021, 1016, 1968, 987, 1917, 976, 1867, 983, 1819, 1013, 1773, 1054, 1751, 1111, 1743, 1254, 1773, 1332, 1811, 1304, 1803, 1224, 1796, 1134, 1788, 1104, 1783, 1072, 1789, 1045, 1802, 1025, 1827, 1018, 1851, 1020, 1876, 1033, 1906, 1057, 1952, 1085, 1987, 1103, 2031, 1117, 2070, 1117, 2087
]],
"image_id": rb782u_DMSO_.czi ,
"area": 17758.1301 ,
"bbox": 976 1743 356 344 

 
