"id": 0001-0484-1605 ,
"category_id": 0,
"iscrowd": 0,
"segmentation": [[TAGDELETE
1811, 339, 1698, 407, 1399, 630, 1455, 622, 1777, 384
]],
"image_id": rb782i_-ctl_-04.czi ,
"area": 10011.4664 ,
"bbox": 1399 339 412 291 
 
"id": 0001-0691-1777 ,
"category_id": 0,
"iscrowd": 0,
"segmentation": [[TAGDELETE
1935, 879, 1766, 785, 1712, 732, 1653, 593, 1625, 503, 1619, 548, 1650, 678, 1690, 757, 1735, 805, 1854, 873
]],
"image_id": rb782i_-ctl_-04.czi ,
"area": 11949.7812 ,
"bbox": 1619 503 316 376 
 
"id": 0001-1531-1737 ,
"category_id": 0,
"iscrowd": 0,
"segmentation": [[TAGDELETE
1503, 1690, 1588, 1625, 1732, 1475, 1800, 1430, 1972, 1373, 1972, 1399, 1786, 1478, 1605, 1656
]],
"image_id": rb782i_-ctl_-04.czi ,
"area": 14785.1129 ,
"bbox": 1503 1373 469 317 
 
"id": 0001-1863-1694 ,
"category_id": 0,
"iscrowd": 0,
"segmentation": [[TAGDELETE
1772, 1596, 1692, 1712, 1630, 1803, 1616, 1885, 1642, 1995, 1690, 2082, 1746, 2130, 1695, 2032, 1656, 1921, 1656, 1848, 1673, 1791, 1743, 1701
]],
"image_id": rb782i_-ctl_-04.czi ,
"area": 13910.3566 ,
"bbox": 1616 1596 156 534 
 
"id": 0001-1158-2557 ,
"category_id": 0,
"iscrowd": 0,
"segmentation": [[TAGDELETE
2447, 862, 2472, 983, 2534, 1161, 2605, 1300, 2667, 1455, 2636, 1300, 2540, 1085
]],
"image_id": rb782i_-ctl_-04.czi ,
"area": 12031.4032 ,
"bbox": 2447 862 220 593 
 
"id": 0001-0319-2476 ,
"category_id": 0,
"iscrowd": 0,
"segmentation": [[TAGDELETE
2388, 25, 2393, 110, 2484, 285, 2582, 613, 2489, 410, 2461, 302, 2376, 127, 2371, 57
]],
"image_id": rb782i_-ctl_-04.czi ,
"area": 10901.063 ,
"bbox": 2371 25 211 588 
 
"id": 0001-0457-0544 ,
"category_id": 0,
"iscrowd": 0,
"segmentation": [[TAGDELETE
701, 189, 610, 314, 500, 435, 429, 554, 387, 726, 427, 672, 452, 582, 534, 452, 650, 314, 695, 243
]],
"image_id": rb782i_-ctl_-04.czi ,
"area": 15020.0852 ,
"bbox": 387 189 314 537 
 
