"id": 0001-1890-0423 ,
"category_id": 0,
"iscrowd": 0,
"segmentation": [[TAGDELETE
90, 1650, 356, 1805, 562, 1958, 757, 2130, 565, 2017, 359, 1868, 127, 1701
]],
"image_id": rb782u_50um_-06.czi ,
"area": 23563.1811 ,
"bbox": 90 1650 667 480 
 
"id": 0001-1122-1271 ,
"category_id": 0,
"iscrowd": 0,
"segmentation": [[TAGDELETE
989, 975, 1153, 1009, 1370, 1119, 1517, 1223, 1554, 1269, 1382, 1158, 1167, 1048, 1048, 1003
]],
"image_id": rb782u_50um_-06.czi ,
"area": 11902.7868 ,
"bbox": 989 975 565 294 
 
"id": 0001-0819-1487 ,
"category_id": 0,
"iscrowd": 0,
"segmentation": [[TAGDELETE
1175, 726, 1362, 743, 1491, 759, 1611, 810, 1799, 912, 1669, 875, 1559, 823, 1483, 792, 1371, 774, 1230, 754
]],
"image_id": rb782u_50um_-06.czi ,
"area": 13855.1175 ,
"bbox": 1175 726 624 186 
 
"id": 0001-1223-1887 ,
"category_id": 0,
"iscrowd": 0,
"segmentation": [[TAGDELETE
1596, 1115, 1670, 1122, 1952, 1260, 2090, 1299, 2134, 1310, 2179, 1332, 2020, 1312, 1834, 1235, 1678, 1152
]],
"image_id": rb782u_50um_-06.czi ,
"area": 11674.4102 ,
"bbox": 1596 1115 583 217 
 
"id": 0001-0256-1268 ,
"category_id": 0,
"iscrowd": 0,
"segmentation": [[TAGDELETE
1076, 78, 1135, 177, 1353, 351, 1461, 435, 1347, 315, 1159, 171, 1112, 110
]],
"image_id": rb782u_50um_-06.czi ,
"area": 7494.3778 ,
"bbox": 1076 78 385 357 
 
"id": 0001-0384-2563 ,
"category_id": 0,
"iscrowd": 0,
"segmentation": [[TAGDELETE
2564, 37, 2465, 215, 2428, 326, 2431, 380, 2456, 471, 2508, 541, 2593, 616, 2698, 732, 2680, 687, 2610, 590, 2531, 508, 2485, 451, 2475, 389, 2476, 289, 2512, 183, 2562, 82
]],
"image_id": rb782u_50um_-06.czi ,
"area": 19731.8969 ,
"bbox": 2428 37 270 695 
 
"id": 0001-0778-2356 ,
"category_id": 0,
"iscrowd": 0,
"segmentation": [[TAGDELETE
2177, 874, 2183, 851, 2241, 833, 2401, 797, 2466, 772, 2505, 732, 2536, 682, 2515, 745, 2473, 788, 2431, 808, 2334, 837, 2212, 858
]],
"image_id": rb782u_50um_-06.czi ,
"area": 6215.6341 ,
"bbox": 2177 682 359 192 
 
"id": 0001-0598-2172 ,
"category_id": 0,
"iscrowd": 0,
"segmentation": [[TAGDELETE
2262, 368, 2177, 413, 2133, 476, 2093, 570, 2083, 636, 2085, 686, 2109, 729, 2150, 775, 2179, 789, 2221, 816, 2248, 829, 2215, 787, 2172, 761, 2125, 700, 2113, 669, 2118, 599, 2147, 519, 2182, 450, 2231, 396
]],
"image_id": rb782u_50um_-06.czi ,
"area": 11900.3134 ,
"bbox": 2083 368 179 461 
 
