"id": 0001-0551-0220 ,
"category_id": 0,
"iscrowd": 0,
"segmentation": [[TAGDELETE
39, 464, 71, 524, 95, 611, 125, 665, 172, 713, 247, 735, 296, 723, 349, 677, 389, 595, 401, 520, 392, 420, 375, 367, 365, 440, 367, 508, 349, 592, 331, 635, 305, 672, 264, 693, 208, 687, 165, 659, 125, 608, 96, 536, 61, 487
]],
"image_id": rb782u_-ctl_-14.czi ,
"area": 18475.4138 ,
"bbox": 39 367 362 368 
 
"id": 0001-0568-0566 ,
"category_id": 0,
"iscrowd": 0,
"segmentation": [[TAGDELETE
497, 284, 520, 371, 531, 427, 553, 593, 589, 756, 635, 853, 616, 749, 583, 587, 548, 380
]],
"image_id": rb782u_-ctl_-14.czi ,
"area": 10975.2648 ,
"bbox": 497 284 138 569 
 
"id": 0001-1086-0546 ,
"category_id": 0,
"iscrowd": 0,
"segmentation": [[TAGDELETE
528, 775, 538, 915, 552, 1016, 548, 1102, 522, 1262, 516, 1287, 530, 1398, 537, 1302, 564, 1219, 577, 1108, 576, 956, 545, 794
]],
"image_id": rb782u_-ctl_-14.czi ,
"area": 12584.6185 ,
"bbox": 516 775 61 623 
 
"id": 0001-1298-0981 ,
"category_id": 0,
"iscrowd": 0,
"segmentation": [[TAGDELETE
1274, 1464, 1131, 1442, 993, 1422, 899, 1381, 817, 1294, 733, 1185, 689, 1114, 718, 1209, 790, 1328, 882, 1417, 977, 1453, 1113, 1482, 1230, 1482
]],
"image_id": rb782u_-ctl_-14.czi ,
"area": 19695.6205 ,
"bbox": 689 1114 585 368 
 
"id": 0001-0421-2091 ,
"category_id": 0,
"iscrowd": 0,
"segmentation": [[TAGDELETE
2059, 124, 2087, 215, 2091, 307, 2075, 477, 2069, 719, 2093, 636, 2107, 487, 2123, 331, 2123, 233, 2086, 139
]],
"image_id": rb782u_-ctl_-14.czi ,
"area": 13324.1627 ,
"bbox": 2059 124 64 595 
 
"id": 0001-0598-2539 ,
"category_id": 0,
"iscrowd": 0,
"segmentation": [[TAGDELETE
2489, 302, 2469, 441, 2478, 557, 2503, 685, 2609, 894, 2550, 703, 2518, 579, 2506, 443, 2501, 342
]],
"image_id": rb782u_-ctl_-14.czi ,
"area": 13761.9531 ,
"bbox": 2469 302 140 592 
 
"id": 0001-1047-2127 ,
"category_id": 0,
"iscrowd": 0,
"segmentation": [[TAGDELETE
2295, 826, 2239, 914, 2150, 1061, 2087, 1142, 1988, 1251, 1959, 1269, 2020, 1245, 2139, 1119, 2224, 990, 2272, 914, 2296, 857
]],
"image_id": rb782u_-ctl_-14.czi ,
"area": 9951.2805 ,
"bbox": 1959 826 337 443 
 
"id": 0001-1894-2283 ,
"category_id": 0,
"iscrowd": 0,
"segmentation": [[TAGDELETE
2586, 1837, 2571, 1836, 2491, 1859, 2437, 1885, 2349, 1916, 2273, 1925, 2198, 1915, 2055, 1892, 1981, 1899, 2038, 1905, 2177, 1936, 2281, 1952, 2335, 1948, 2430, 1917, 2558, 1853
]],
"image_id": rb782u_-ctl_-14.czi ,
"area": 10934.0416 ,
"bbox": 1981 1836 605 116 
 
