"id": 0001-0410-1544 ,
"category_id": 0,
"iscrowd": 0,
"segmentation": [[TAGDELETE
1582, 153, 1565, 260, 1529, 449, 1500, 667, 1551, 486, 1585, 305, 1588, 218
]],
"image_id": rb782i_50um_-15.czi ,
"area": 8299.8791 ,
"bbox": 1500 153 88 514 
 
"id": 0001-0617-1581 ,
"category_id": 0,
"iscrowd": 0,
"segmentation": [[TAGDELETE
1619, 342, 1557, 644, 1543, 805, 1543, 893, 1571, 805, 1579, 718, 1616, 480
]],
"image_id": rb782i_50um_-15.czi ,
"area": 10347.0232 ,
"bbox": 1543 342 76 551 
 
"id": 0001-0503-0993 ,
"category_id": 0,
"iscrowd": 0,
"segmentation": [[TAGDELETE
1161, 336, 1014, 494, 873, 602, 825, 670, 997, 542, 1116, 415
]],
"image_id": rb782i_50um_-15.czi ,
"area": 7643.6057 ,
"bbox": 825 336 336 334 
 
"id": 0001-0654-1865 ,
"category_id": 0,
"iscrowd": 0,
"segmentation": [[TAGDELETE
1902, 404, 1868, 619, 1842, 842, 1828, 904, 1831, 701, 1862, 489
]],
"image_id": rb782i_50um_-15.czi ,
"area": 8157.2468 ,
"bbox": 1828 404 74 500 
 
"id": 0001-0545-2062 ,
"category_id": 0,
"iscrowd": 0,
"segmentation": [[TAGDELETE
2085, 319, 2082, 463, 2057, 653, 2020, 771, 2054, 740, 2099, 562, 2105, 387
]],
"image_id": rb782i_50um_-15.czi ,
"area": 7670.8131 ,
"bbox": 2020 319 85 452 
 
"id": 0001-0964-1550 ,
"category_id": 0,
"iscrowd": 0,
"segmentation": [[TAGDELETE
1331, 975, 1410, 930, 1497, 904, 1571, 898, 1667, 924, 1718, 972, 1769, 1031, 1653, 944, 1562, 921, 1441, 938
]],
"image_id": rb782i_50um_-15.czi ,
"area": 7016.1886 ,
"bbox": 1331 898 438 133 
 
"id": 0001-1082-1805 ,
"category_id": 0,
"iscrowd": 0,
"segmentation": [[TAGDELETE
1947, 873, 1924, 1006, 1882, 1125, 1820, 1181, 1709, 1249, 1653, 1291, 1777, 1232, 1856, 1184, 1913, 1133, 1955, 1020, 1958, 938
]],
"image_id": rb782i_50um_-15.czi ,
"area": 10102.1574 ,
"bbox": 1653 873 305 418 
 
"id": 0001-1528-0942 ,
"category_id": 0,
"iscrowd": 0,
"segmentation": [[TAGDELETE
966, 1291, 958, 1486, 947, 1565, 932, 1608, 932, 1647, 963, 1715, 980, 1766, 924, 1692, 907, 1664, 904, 1608, 913, 1540, 938, 1433, 941, 1348
]],
"image_id": rb782i_50um_-15.czi ,
"area": 9699.819 ,
"bbox": 904 1291 76 475 
 
"id": 0001-1842-0412 ,
"category_id": 0,
"iscrowd": 0,
"segmentation": [[TAGDELETE
226, 1616, 311, 1707, 393, 1800, 540, 1927, 599, 2068, 548, 2006, 523, 1947, 413, 1859, 294, 1738
]],
"image_id": rb782i_50um_-15.czi ,
"area": 11448.5071 ,
"bbox": 226 1616 373 452 
 
"id": 0001-1612-2318 ,
"category_id": 0,
"iscrowd": 0,
"segmentation": [[TAGDELETE
2065, 1752, 2198, 1701, 2331, 1670, 2450, 1551, 2571, 1472, 2526, 1534, 2356, 1690
]],
"image_id": rb782i_50um_-15.czi ,
"area": 11615.0488 ,
"bbox": 2065 1472 506 280 