"id": 0001-0290-0753 ,
"category_id": 0,
"iscrowd": 0,
"segmentation": [[TAGDELETE
790, 99, 742, 170, 712, 221, 698, 261, 696, 310, 703, 339, 719, 386, 749, 431, 774, 462, 811, 481, 785, 457, 754, 406, 730, 361, 718, 314, 721, 274, 733, 230, 791, 123, 797, 106
]],
"image_id": rb782i_DMSO_-04.czi ,
"area": 6563.5579 ,
"bbox": 696 99 115 382 
 
"id": 0001-1139-0462 ,
"category_id": 0,
"iscrowd": 0,
"segmentation": [[TAGDELETE
579, 1312, 581, 1269, 572, 1219, 547, 1166, 511, 1093, 497, 1063, 476, 1035, 447, 1015, 408, 996, 370, 987, 346, 978, 331, 967, 355, 967, 428, 981, 468, 997, 495, 1019, 522, 1059, 557, 1135, 587, 1201, 592, 1233, 593, 1269, 587, 1292
]],
"image_id": rb782i_DMSO_-04.czi ,
"area": 7571.8774 ,
"bbox": 331 967 262 345 
 
"id": 0001-1939-0404 ,
"category_id": 0,
"iscrowd": 0,
"segmentation": [[TAGDELETE
599, 2111, 587, 2093, 578, 2039, 558, 1982, 534, 1922, 491, 1872, 422, 1822, 380, 1799, 330, 1786, 273, 1785, 204, 1769, 257, 1774, 286, 1769, 329, 1768, 368, 1775, 418, 1792, 462, 1816, 506, 1849, 539, 1886, 566, 1926, 598, 2020, 604, 2066, 602, 2092
]],
"image_id": rb782i_DMSO_-04.czi ,
"area": 10178.8325 ,
"bbox": 204 1768 400 343 
 
