"id": 0001-0416-0577 ,
"category_id": 0,
"iscrowd": 0,
"segmentation": [[TAGDELETE
367, 251, 447, 284, 542, 328, 604, 362, 654, 401, 706, 458, 748, 515, 787, 578, 786, 582, 762, 565, 700, 488, 644, 427, 618, 402, 568, 369, 496, 326, 418, 287, 388, 263
]],
"image_id": rb782i_DMSO_.czi ,
"area": 8426.0221 ,
"bbox": 367 251 420 331 
 
"id": 0001-0315-1061 ,
"category_id": 0,
"iscrowd": 0,
"segmentation": [[TAGDELETE
1195, 563, 1176, 515, 1103, 399, 1057, 311, 1000, 203, 955, 109, 927, 67, 934, 109, 982, 225, 1079, 400, 1123, 471, 1172, 531
]],
"image_id": rb782i_DMSO_.czi ,
"area": 9210.0873 ,
"bbox": 927 67 268 496 
 
"id": 0001-1120-0617 ,
"category_id": 0,
"iscrowd": 0,
"segmentation": [[TAGDELETE
877, 1178, 810, 1177, 747, 1187, 673, 1195, 593, 1199, 533, 1186, 493, 1173, 431, 1137, 395, 1104, 368, 1071, 358, 1048, 359, 1041, 372, 1049, 397, 1079, 440, 1113, 487, 1144, 537, 1164, 571, 1171, 642, 1175, 740, 1171, 781, 1167, 812, 1169, 855, 1175
]],
"image_id": rb782i_DMSO_.czi ,
"area": 8608.2286 ,
"bbox": 358 1041 519 158 
 
"id": 0001-1698-0491 ,
"category_id": 0,
"iscrowd": 0,
"segmentation": [[TAGDELETE
737, 1439, 642, 1622, 558, 1790, 527, 1834, 491, 1873, 462, 1905, 415, 1927, 329, 1947, 277, 1957, 245, 1957, 278, 1938, 355, 1917, 422, 1893, 458, 1867, 490, 1834, 531, 1771, 669, 1525, 702, 1478
]],
"image_id": rb782i_DMSO_.czi ,
"area": 14836.2297 ,
"bbox": 245 1439 492 518 
 
"id": 0001-1812-1206 ,
"category_id": 0,
"iscrowd": 0,
"segmentation": [[TAGDELETE
1045, 1983, 1045, 1973, 1087, 1909, 1187, 1810, 1259, 1727, 1323, 1666, 1367, 1642, 1226, 1797, 1195, 1839, 1061, 1974
]],
"image_id": rb782i_DMSO_.czi ,
"area": 8062.4335 ,
"bbox": 1045 1642 322 341 
 
"id": 0001-1496-2306 ,
"category_id": 0,
"iscrowd": 0,
"segmentation": [[TAGDELETE
2088, 1442, 2136, 1462, 2332, 1520, 2460, 1550, 2524, 1546, 2476, 1528, 2136, 1444
]],
"image_id": rb782i_DMSO_.czi ,
"area": 7590.0156 ,
"bbox": 2088 1442 436 108 
 
