"id": 0001-0821-0222 ,
"category_id": 0,
"iscrowd": 0,
"segmentation": [[TAGDELETE
373, 602, 308, 828, 263, 907, 184, 980, 57, 1040, 189, 1017, 280, 958, 348, 856, 387, 706
]],
"image_id": rb782i_50um_-10.czi ,
"area": 16723.4278 ,
"bbox": 57 602 330 438 
 
"id": 0001-0311-0763 ,
"category_id": 0,
"iscrowd": 0,
"segmentation": [[TAGDELETE
935, 161, 918, 251, 893, 328, 842, 401, 783, 446, 701, 461, 591, 446, 704, 432, 805, 401, 842, 350, 896, 229
]],
"image_id": rb782i_50um_-10.czi ,
"area": 10374.2305 ,
"bbox": 591 161 344 300 
 
"id": 0001-1179-1382 ,
"category_id": 0,
"iscrowd": 0,
"segmentation": [[TAGDELETE
1574, 1006, 1497, 1105, 1441, 1206, 1410, 1269, 1376, 1303, 1294, 1328, 1190, 1342, 1294, 1353, 1379, 1339, 1418, 1300, 1464, 1240, 1548, 1071
]],
"image_id": rb782i_50um_-10.czi ,
"area": 11304.2259 ,
"bbox": 1190 1006 384 347 
 
"id": 0001-0770-2222 ,
"category_id": 0,
"iscrowd": 0,
"segmentation": [[TAGDELETE
2164, 593, 2145, 715, 2125, 800, 2147, 893, 2212, 910, 2297, 870, 2356, 802, 2291, 915, 2235, 947, 2153, 932, 2102, 890, 2088, 805, 2096, 706
]],
"image_id": rb782i_50um_-10.czi ,
"area": 15232.7969 ,
"bbox": 2088 593 268 354 
 
"id": 0001-1708-2487 ,
"category_id": 0,
"iscrowd": 0,
"segmentation": [[TAGDELETE
2260, 1579, 2303, 1740, 2385, 1834, 2486, 1837, 2588, 1783, 2670, 1709, 2715, 1630, 2557, 1766, 2475, 1803, 2390, 1794, 2328, 1709, 2291, 1622
]],
"image_id": rb782i_50um_-10.czi ,
"area": 15569.1782 ,
"bbox": 2260 1579 455 258 
 
"id": 0001-1984-2392 ,
"category_id": 0,
"iscrowd": 0,
"segmentation": [[TAGDELETE
2614, 1887, 2484, 1967, 2407, 2023, 2170, 2080, 2252, 2082, 2376, 2063, 2484, 2020, 2574, 1938
]],
"image_id": rb782i_50um_-10.czi ,
"area": 10216.7579 ,
"bbox": 2170 1887 444 195 
 
"id": 0001-1650-2212 ,
"category_id": 0,
"iscrowd": 0,
"segmentation": [[TAGDELETE
2088, 1489, 2099, 1642, 2181, 1766, 2274, 1811, 2337, 1811, 2238, 1766, 2147, 1673, 2116, 1560
]],
"image_id": rb782i_50um_-10.czi ,
"area": 9103.7315 ,
"bbox": 2088 1489 249 322 