"id": 0001-0333-1573 ,
"category_id": 0,
"iscrowd": 0,
"segmentation": [[TAGDELETE
1598, 182, 1701, 230, 1762, 282, 1771, 331, 1757, 394, 1721, 441, 1680, 471, 1633, 483, 1577, 484, 1519, 473, 1458, 455, 1376, 425, 1453, 428, 1517, 444, 1592, 458, 1647, 447, 1696, 416, 1729, 377, 1745, 331, 1737, 292, 1719, 266, 1675, 240, 1605, 194
]],
"image_id": rb782u_DMSO_-13.czi ,
"area": 13714.1342 ,
"bbox": 1376 182 395 302 
 
"id": 0001-0702-1501 ,
"category_id": 0,
"iscrowd": 0,
"segmentation": [[TAGDELETE
1811, 640, 1666, 704, 1559, 726, 1392, 728, 1281, 715, 1191, 702, 1289, 733, 1426, 763, 1525, 764, 1603, 761, 1696, 728, 1802, 661
]],
"image_id": rb782u_DMSO_-13.czi ,
"area": 14312.695 ,
"bbox": 1191 640 620 124 
 
"id": 0001-0814-1680 ,
"category_id": 0,
"iscrowd": 0,
"segmentation": [[TAGDELETE
1932, 656, 1875, 761, 1831, 847, 1776, 885, 1567, 935, 1429, 972, 1581, 964, 1732, 933, 1821, 896, 1857, 860, 1881, 804, 1925, 702
]],
"image_id": rb782u_DMSO_-13.czi ,
"area": 13251.6099 ,
"bbox": 1429 656 503 316 
 
"id": 0001-1703-0614 ,
"category_id": 0,
"iscrowd": 0,
"segmentation": [[TAGDELETE
721, 1474, 731, 1638, 737, 1697, 727, 1739, 697, 1779, 641, 1810, 556, 1853, 463, 1933, 512, 1915, 585, 1871, 701, 1817, 744, 1769, 765, 1723, 765, 1661, 744, 1547
]],
"image_id": rb782u_DMSO_-13.czi ,
"area": 12452.7043 ,
"bbox": 463 1474 302 459 
 
"id": 0001-1500-2080 ,
"category_id": 0,
"iscrowd": 0,
"segmentation": [[TAGDELETE
2339, 1676, 2222, 1557, 2143, 1501, 2014, 1439, 1891, 1365, 1821, 1325, 1925, 1421, 2061, 1487, 2175, 1552, 2318, 1676
]],
"image_id": rb782u_DMSO_-13.czi ,
"area": 11220.955 ,
"bbox": 1821 1325 518 351 
 
"id": 0001-1272-1724 ,
"category_id": 0,
"iscrowd": 0,
"segmentation": [[TAGDELETE
1430, 1221, 1487, 1175, 1591, 1129, 1675, 1116, 1829, 1112, 1891, 1129, 1945, 1161, 1969, 1201, 1985, 1248, 1983, 1303, 1982, 1349, 1995, 1391, 2018, 1432, 1979, 1416, 1969, 1385, 1959, 1348, 1957, 1296, 1957, 1256, 1941, 1213, 1910, 1175, 1857, 1148, 1785, 1141, 1734, 1141, 1653, 1147, 1583, 1159, 1514, 1183, 1474, 1203
]],
"image_id": rb782u_DMSO_-13.czi ,
"area": 16836.3793 ,
"bbox": 1430 1112 588 320 
 
"id": 0001-1586-1866 ,
"category_id": 0,
"iscrowd": 0,
"segmentation": [[TAGDELETE
1686, 1319, 1873, 1405, 1960, 1458, 2036, 1543, 2046, 1626, 2024, 1698, 1973, 1746, 1912, 1793, 1834, 1821, 1737, 1854, 1858, 1787, 1969, 1707, 1996, 1653, 1996, 1603, 1988, 1538, 1938, 1501, 1850, 1431, 1718, 1347
]],
"image_id": rb782u_DMSO_-13.czi ,
"area": 21749.3603 ,
"bbox": 1686 1319 360 535 
 
