"id": 0001-0417-2030 ,
"category_id": 0,
"iscrowd": 0,
"segmentation": [[TAGDELETE
2131, 167, 2054, 212, 1971, 300, 1930, 412, 1936, 480, 1970, 568, 2044, 668, 2027, 616, 1976, 508, 1960, 436, 1972, 371, 2019, 289, 2088, 208
]],
"image_id": rb782u_-ctl_-12.czi ,
"area": 11726.3515 ,
"bbox": 1930 167 201 501 
 
"id": 0001-0613-1903 ,
"category_id": 0,
"iscrowd": 0,
"segmentation": [[TAGDELETE
1735, 373, 1838, 503, 1954, 667, 2028, 805, 2072, 853, 2035, 840, 1988, 781, 1899, 644, 1768, 457, 1734, 392
]],
"image_id": rb782u_-ctl_-12.czi ,
"area": 12432.0927 ,
"bbox": 1734 373 338 480 
 
"id": 0001-0538-1797 ,
"category_id": 0,
"iscrowd": 0,
"segmentation": [[TAGDELETE
1730, 268, 1706, 352, 1700, 447, 1718, 529, 1758, 623, 1826, 708, 1856, 772, 1879, 805, 1895, 809, 1859, 708, 1795, 619, 1751, 528, 1732, 440, 1724, 321
]],
"image_id": rb782u_-ctl_-12.czi ,
"area": 12375.2046 ,
"bbox": 1700 268 195 541 
 
"id": 0001-0861-2377 ,
"category_id": 0,
"iscrowd": 0,
"segmentation": [[TAGDELETE
2507, 627, 2408, 640, 2346, 668, 2294, 717, 2260, 790, 2248, 868, 2265, 962, 2336, 1096, 2313, 998, 2287, 933, 2282, 868, 2301, 798, 2335, 724, 2405, 674, 2501, 649
]],
"image_id": rb782u_-ctl_-12.czi ,
"area": 14888.1709 ,
"bbox": 2248 627 259 469 
 
"id": 0001-1899-0955 ,
"category_id": 0,
"iscrowd": 0,
"segmentation": [[TAGDELETE
1088, 1704, 1021, 1715, 946, 1732, 873, 1772, 836, 1815, 822, 1863, 827, 1929, 857, 1993, 913, 2054, 977, 2094, 911, 2021, 861, 1936, 852, 1859, 883, 1800, 935, 1766, 1007, 1743, 1049, 1731
]],
"image_id": rb782u_-ctl_-12.czi ,
"area": 11918.4516 ,
"bbox": 822 1704 266 390 
 
"id": 0001-1924-1444 ,
"category_id": 0,
"iscrowd": 0,
"segmentation": [[TAGDELETE
1563, 1841, 1516, 1795, 1473, 1770, 1434, 1755, 1388, 1769, 1358, 1794, 1331, 1833, 1326, 1874, 1338, 1921, 1364, 1975, 1405, 2040, 1462, 2093, 1431, 2052, 1389, 1967, 1360, 1905, 1356, 1864, 1365, 1831, 1391, 1803, 1425, 1787, 1470, 1798, 1511, 1828, 1547, 1855
]],
"image_id": rb782u_-ctl_-12.czi ,
"area": 11033.8017 ,
"bbox": 1326 1755 237 338 
 
"id": 0001-0946-0610 ,
"category_id": 0,
"iscrowd": 0,
"segmentation": [[TAGDELETE
470, 704, 496, 756, 565, 868, 614, 996, 656, 1090, 695, 1139, 750, 1188, 708, 1136, 674, 1069, 631, 962, 606, 883, 578, 824, 537, 771, 486, 708
]],
"image_id": rb782u_-ctl_-12.czi ,
"area": 10979.3871 ,
"bbox": 470 704 280 484 
 
"id": 0001-0484-0300 ,
"category_id": 0,
"iscrowd": 0,
"segmentation": [[TAGDELETE
480, 616, 394, 538, 314, 455, 247, 392, 181, 364, 121, 352, 182, 387, 227, 410, 275, 445, 331, 501, 385, 560, 451, 604
]],
"image_id": rb782u_-ctl_-12.czi ,
"area": 6647.6532 ,
"bbox": 121 352 359 264 
 
"id": 0001-0569-0490 ,
"category_id": 0,
"iscrowd": 0,
"segmentation": [[TAGDELETE
734, 769, 596, 639, 441, 503, 348, 433, 246, 370, 254, 395, 328, 464, 453, 565, 579, 669, 681, 737
]],
"image_id": rb782u_-ctl_-12.czi ,
"area": 15152.8239 ,
"bbox": 246 370 488 399 
 
