"id": 0001-0925-0601 ,
"category_id": 0,
"iscrowd": 0,
"segmentation": [[TAGDELETE
583, 606, 588, 741, 598, 900, 605, 1036, 623, 1139, 646, 1244, 610, 1157, 579, 1060, 569, 924, 556, 750, 558, 708, 565, 645, 572, 628
]],
"image_id": rb782u_DMSO_-14.czi ,
"area": 12874.8298 ,
"bbox": 556 606 90 638 
 
"id": 0001-0826-0939 ,
"category_id": 0,
"iscrowd": 0,
"segmentation": [[TAGDELETE
842, 517, 849, 630, 882, 770, 931, 926, 1006, 1081, 1036, 1136, 1004, 1051, 945, 886, 899, 711, 874, 602
]],
"image_id": rb782u_DMSO_-14.czi ,
"area": 11543.3205 ,
"bbox": 842 517 194 619 
 
"id": 0001-0213-1178 ,
"category_id": 0,
"iscrowd": 0,
"segmentation": [[TAGDELETE
1478, 228, 1384, 223, 1319, 230, 1128, 218, 1024, 207, 879, 166, 892, 183, 994, 239, 1119, 256, 1292, 260, 1362, 252, 1450, 234
]],
"image_id": rb782u_DMSO_-14.czi ,
"area": 14252.5092 ,
"bbox": 879 166 599 94 
 
"id": 0001-0507-1956 ,
"category_id": 0,
"iscrowd": 0,
"segmentation": [[TAGDELETE
1776, 258, 1868, 359, 1948, 465, 2046, 636, 2097, 717, 2136, 757, 2096, 675, 2016, 525, 1960, 428, 1906, 360, 1804, 275
]],
"image_id": rb782u_DMSO_-14.czi ,
"area": 11614.2244 ,
"bbox": 1776 258 360 499 
 
"id": 0001-2068-0606 ,
"category_id": 0,
"iscrowd": 0,
"segmentation": [[TAGDELETE
988, 2131, 941, 2083, 833, 2027, 720, 2005, 601, 2009, 465, 2039, 348, 2078, 224, 2126, 313, 2106, 348, 2109, 465, 2069, 623, 2042, 733, 2042, 879, 2085, 975, 2129
]],
"image_id": rb782u_DMSO_-14.czi ,
"area": 18744.189 ,
"bbox": 224 2005 764 126 
 
