"id": 0001-1437-0366 ,
"category_id": 0,
"iscrowd": 0,
"segmentation": [[TAGDELETE
491, 1172, 426, 1242, 385, 1325, 359, 1443, 333, 1531, 291, 1602, 249, 1688, 241, 1703, 274, 1673, 355, 1557, 370, 1516, 401, 1386, 422, 1307, 480, 1200
]],
"image_id": rb782u_-ctl_-15.czi ,
"area": 11872.2816 ,
"bbox": 241 1172 250 531 
 
"id": 0001-1186-0866 ,
"category_id": 0,
"iscrowd": 0,
"segmentation": [[TAGDELETE
941, 879, 917, 952, 853, 1178, 800, 1355, 792, 1400, 794, 1469, 800, 1493, 816, 1421, 897, 1157, 938, 954
]],
"image_id": rb782u_-ctl_-15.czi ,
"area": 14202.2169 ,
"bbox": 792 879 149 614 
 
"id": 0001-0604-0616 ,
"category_id": 0,
"iscrowd": 0,
"segmentation": [[TAGDELETE
496, 340, 560, 414, 624, 501, 656, 566, 668, 649, 681, 728, 718, 813, 736, 869, 710, 734, 689, 600, 672, 521, 632, 461, 576, 398, 534, 366
]],
"image_id": rb782u_-ctl_-15.czi ,
"area": 10588.5912 ,
"bbox": 496 340 240 529 
 
"id": 0001-0999-1870 ,
"category_id": 0,
"iscrowd": 0,
"segmentation": [[TAGDELETE
1778, 644, 1861, 786, 1894, 874, 1909, 941, 1916, 1030, 1894, 1109, 1857, 1184, 1821, 1269, 1786, 1354, 1845, 1277, 1920, 1136, 1962, 1028, 1952, 938, 1917, 822, 1869, 744, 1798, 644
]],
"image_id": rb782u_-ctl_-15.czi ,
"area": 20134.2353 ,
"bbox": 1778 644 184 710 
 
"id": 0001-0857-2163 ,
"category_id": 0,
"iscrowd": 0,
"segmentation": [[TAGDELETE
1881, 696, 1988, 788, 2116, 878, 2273, 964, 2353, 996, 2445, 1018, 2400, 985, 2194, 886, 2017, 778, 1952, 728
]],
"image_id": rb782u_-ctl_-15.czi ,
"area": 14113.9992 ,
"bbox": 1881 696 564 322 
 
"id": 0001-0408-2276 ,
"category_id": 0,
"iscrowd": 0,
"segmentation": [[TAGDELETE
2522, 244, 2498, 332, 2448, 403, 2357, 481, 2246, 531, 2159, 546, 2103, 563, 2031, 573, 2094, 552, 2144, 526, 2217, 511, 2299, 477, 2388, 413, 2464, 337, 2511, 259
]],
"image_id": rb782u_-ctl_-15.czi ,
"area": 12204.5406 ,
"bbox": 2031 244 491 329 
 
