"id": 0001-1490-2239 ,
"category_id": 0,
"iscrowd": 0,
"segmentation": [[TAGDELETE
1975, 1690, 2043, 1562, 2139, 1410, 2210, 1356, 2283, 1314, 2376, 1291, 2450, 1325, 2498, 1401, 2503, 1478, 2492, 1554, 2475, 1452, 2450, 1393, 2419, 1359, 2368, 1339, 2269, 1368, 2187, 1435, 2082, 1577, 2009, 1664
]],
"image_id": n2i_DMSO_-02.czi ,
"area": 26541.9696 ,
"bbox": 1975 1291 528 399 
 
"id": 0001-1131-2307 ,
"category_id": 0,
"iscrowd": 0,
"segmentation": [[TAGDELETE
2037, 1238, 2218, 1091, 2277, 1054, 2410, 1009, 2543, 980, 2653, 966, 2574, 1000, 2356, 1065, 2255, 1105, 2170, 1175, 2077, 1243, 1961, 1297
]],
"image_id": n2i_DMSO_-02.czi ,
"area": 18229.7235 ,
"bbox": 1961 966 692 331 
 
"id": 0001-0777-1363 ,
"category_id": 0,
"iscrowd": 0,
"segmentation": [[TAGDELETE
1602, 908, 1564, 793, 1533, 723, 1496, 675, 1441, 651, 1385, 647, 1321, 658, 1215, 698, 1125, 740, 1282, 693, 1351, 678, 1416, 677, 1483, 697, 1517, 754, 1566, 865
]],
"image_id": n2i_DMSO_-02.czi ,
"area": 10944.7596 ,
"bbox": 1125 647 477 261 
 
"id": 0001-1174-1112 ,
"category_id": 0,
"iscrowd": 0,
"segmentation": [[TAGDELETE
1366, 1333, 1317, 1163, 1285, 1101, 1246, 1051, 1200, 1024, 1140, 1015, 1076, 1028, 973, 1101, 913, 1173, 858, 1273, 928, 1205, 1002, 1121, 1089, 1063, 1162, 1048, 1233, 1089, 1289, 1181, 1341, 1305
]],
"image_id": n2i_DMSO_-02.czi ,
"area": 19078.097 ,
"bbox": 858 1015 508 318 
 
"id": 0001-1297-0898 ,
"category_id": 0,
"iscrowd": 0,
"segmentation": [[TAGDELETE
593, 1544, 701, 1447, 886, 1279, 992, 1136, 1069, 1069, 1161, 1051, 1204, 1067, 1145, 1068, 1046, 1132, 956, 1235, 864, 1357, 781, 1436, 662, 1519
]],
"image_id": n2i_DMSO_-02.czi ,
"area": 20960.3483 ,
"bbox": 593 1051 611 493 
 
"id": 0001-1228-1092 ,
"category_id": 0,
"iscrowd": 0,
"segmentation": [[TAGDELETE
1018, 1388, 1092, 1335, 1184, 1297, 1237, 1273, 1265, 1229, 1270, 1183, 1252, 1136, 1234, 1095, 1197, 1069, 1177, 1069, 1154, 1069, 1100, 1099, 1064, 1124, 1041, 1164, 994, 1220, 972, 1239, 933, 1276, 914, 1312, 916, 1327, 960, 1285, 1029, 1233, 1092, 1157, 1140, 1116, 1186, 1124, 1213, 1156, 1221, 1183, 1216, 1223, 1197, 1252, 1144, 1283, 1094, 1312, 1050, 1345, 1032, 1364
]],
"image_id": n2i_DMSO_-02.czi ,
"area": 22472.4152 ,
"bbox": 914 1069 356 319 
 
"id": 0001-0662-0317 ,
"category_id": 0,
"iscrowd": 0,
"segmentation": [[TAGDELETE
169, 503, 299, 515, 369, 532, 419, 561, 447, 601, 465, 647, 454, 692, 432, 735, 410, 764, 335, 793, 263, 813, 217, 822, 299, 786, 378, 743, 415, 708, 429, 674, 426, 649, 421, 626, 408, 602, 383, 581, 362, 571, 238, 538, 177, 515
]],
"image_id": n2i_DMSO_-02.czi ,
"area": 14724.927 ,
"bbox": 169 503 296 319 
 
"id": 0001-0564-0337 ,
"category_id": 0,
"iscrowd": 0,
"segmentation": [[TAGDELETE
655, 718, 590, 673, 518, 638, 467, 610, 438, 585, 414, 547, 370, 483, 331, 462, 274, 449, 201, 464, 150, 498, 90, 547, 20, 607, 80, 524, 126, 472, 185, 436, 249, 415, 303, 411, 350, 427, 380, 450, 406, 474, 436, 524, 473, 578, 512, 606, 584, 647, 650, 699
]],
"image_id": n2i_DMSO_-02.czi ,
"area": 18348.4463 ,
"bbox": 20 411 635 307 
 
"id": 0001-1603-1066 ,
"category_id": 0,
"iscrowd": 0,
"segmentation": [[TAGDELETE
656, 1665, 808, 1614, 1026, 1550, 1084, 1539, 1217, 1533, 1476, 1543, 1250, 1570, 1158, 1567, 1098, 1570, 985, 1597, 813, 1642, 724, 1670, 673, 1673
]],
"image_id": n2i_DMSO_-02.czi ,
"area": 18455.6266 ,
"bbox": 656 1533 820 140 
 
"id": 0001-1729-1201 ,
"category_id": 0,
"iscrowd": 0,
"segmentation": [[TAGDELETE
1409, 1898, 1457, 1826, 1488, 1742, 1489, 1661, 1468, 1614, 1434, 1585, 1389, 1569, 1365, 1561, 1297, 1569, 1088, 1581, 1020, 1590, 914, 1633, 1080, 1618, 1272, 1615, 1360, 1606, 1408, 1617, 1436, 1633, 1450, 1673, 1445, 1741, 1429, 1802, 1420, 1847
]],
"image_id": n2i_DMSO_-02.czi ,
"area": 23810.5203 ,
"bbox": 914 1561 575 337 
 
