"id": 0001-0856-0359 ,
"category_id": 0,
"iscrowd": 0,
"segmentation": [[TAGDELETE
73, 1111, 167, 1011, 281, 890, 340, 827, 410, 768, 558, 674, 625, 631, 645, 601, 620, 648, 502, 741, 424, 796, 354, 856, 252, 967, 142, 1070
]],
"image_id": n2i_DMSO_-05.czi ,
"area": 15059.6594 ,
"bbox": 73 601 572 510 
 
"id": 0001-1450-0790 ,
"category_id": 0,
"iscrowd": 0,
"segmentation": [[TAGDELETE
410, 1449, 584, 1489, 743, 1489, 919, 1474, 1088, 1435, 1170, 1411, 1090, 1419, 956, 1434, 847, 1454, 714, 1455, 546, 1451, 454, 1442
]],
"image_id": n2i_DMSO_-05.czi ,
"area": 16179.2815 ,
"bbox": 410 1411 760 78 
 
"id": 0001-1080-1388 ,
"category_id": 0,
"iscrowd": 0,
"segmentation": [[TAGDELETE
1452, 711, 1384, 897, 1342, 1105, 1321, 1279, 1325, 1449, 1350, 1263, 1382, 1063, 1422, 894, 1456, 747
]],
"image_id": n2i_DMSO_-05.czi ,
"area": 15622.7683 ,
"bbox": 1321 711 135 738 
 
"id": 0001-1157-1455 ,
"category_id": 0,
"iscrowd": 0,
"segmentation": [[TAGDELETE
1496, 1571, 1470, 1416, 1453, 1254, 1452, 936, 1465, 744, 1434, 851, 1417, 951, 1418, 1100, 1414, 1226, 1417, 1315, 1442, 1427, 1478, 1554
]],
"image_id": n2i_DMSO_-05.czi ,
"area": 20200.1925 ,
"bbox": 1414 744 82 827 
 
"id": 0001-1616-1572 ,
"category_id": 0,
"iscrowd": 0,
"segmentation": [[TAGDELETE
1393, 1962, 1437, 1925, 1560, 1713, 1640, 1505, 1684, 1381, 1749, 1270, 1752, 1295, 1681, 1477, 1608, 1691, 1525, 1841, 1440, 1940
]],
"image_id": n2i_DMSO_-05.czi ,
"area": 17749.061 ,
"bbox": 1393 1270 359 692 
 
"id": 0001-0841-2159 ,
"category_id": 0,
"iscrowd": 0,
"segmentation": [[TAGDELETE
1885, 1124, 2048, 979, 2202, 794, 2298, 672, 2433, 559, 2417, 586, 2350, 664, 2278, 750, 2137, 934, 2049, 1010, 1920, 1115
]],
"image_id": n2i_DMSO_-05.czi ,
"area": 17368.9831 ,
"bbox": 1885 559 548 565 
 
