"id": 0001-1609-0459 ,
"category_id": 0,
"iscrowd": 0,
"segmentation": [[TAGDELETE
299, 1472, 480, 1503, 545, 1537, 605, 1588, 622, 1661, 599, 1709, 562, 1746, 500, 1746, 438, 1692, 387, 1667, 297, 1642, 379, 1647, 432, 1659, 486, 1690, 523, 1707, 545, 1698, 568, 1684, 571, 1639, 559, 1594, 531, 1568, 506, 1562, 446, 1548, 370, 1514, 331, 1503
]],
"image_id": n2i_50um_.czi ,
"area": 20195.2457 ,
"bbox": 297 1472 325 274 
 
"id": 0001-1985-1232 ,
"category_id": 0,
"iscrowd": 0,
"segmentation": [[TAGDELETE
1077, 1952, 1141, 1870, 1190, 1848, 1240, 1848, 1311, 1868, 1365, 1930, 1387, 1989, 1376, 2037, 1331, 2091, 1300, 2116, 1257, 2122, 1170, 2074, 1215, 2080, 1266, 2085, 1339, 2037, 1348, 2000, 1342, 1950, 1308, 1918, 1274, 1902, 1240, 1882, 1195, 1885, 1141, 1904
]],
"image_id": n2i_50um_.czi ,
"area": 16112.5 ,
"bbox": 1077 1848 310 274 
 
"id": 0001-0801-1716 ,
"category_id": 0,
"iscrowd": 0,
"segmentation": [[TAGDELETE
1495, 802, 1704, 876, 1780, 867, 1839, 842, 1907, 709, 1938, 689, 1868, 853, 1808, 898, 1735, 913, 1636, 890, 1557, 862
]],
"image_id": n2i_50um_.czi ,
"area": 13384.3486 ,
"bbox": 1495 689 443 224 
 
"id": 0001-0380-1527 ,
"category_id": 0,
"iscrowd": 0,
"segmentation": [[TAGDELETE
1602, 144, 1661, 249, 1684, 302, 1684, 370, 1661, 463, 1596, 540, 1537, 591, 1452, 616, 1370, 613, 1472, 582, 1571, 520, 1636, 441, 1661, 356, 1644, 280
]],
"image_id": n2i_50um_.czi ,
"area": 13950.7553 ,
"bbox": 1370 144 314 472 
 
"id": 0001-0396-2293 ,
"category_id": 0,
"iscrowd": 0,
"segmentation": [[TAGDELETE
2362, 622, 2385, 545, 2373, 356, 2356, 266, 2334, 203, 2291, 184, 2238, 170, 2207, 212, 2201, 263, 2212, 305, 2232, 232, 2263, 206, 2297, 220, 2303, 232, 2325, 277, 2339, 404
]],
"image_id": n2i_50um_.czi ,
"area": 15307.8231 ,
"bbox": 2201 170 184 452 
 
