"id": 0001-1233-1604 ,
"category_id": 0,
"iscrowd": 0,
"segmentation": [[TAGDELETE
1761, 1457, 1643, 1460, 1590, 1459, 1528, 1438, 1478, 1397, 1453, 1344, 1447, 1290, 1460, 1238, 1500, 1170, 1559, 1113, 1621, 1058, 1685, 1018, 1710, 1007, 1686, 1039, 1619, 1100, 1527, 1187, 1492, 1241, 1481, 1295, 1488, 1352, 1519, 1392, 1564, 1424, 1618, 1435, 1703, 1444
]],
"image_id": n2i_DMSO_-10.czi ,
"area": 16758.0553 ,
"bbox": 1447 1007 314 453 
 
"id": 0001-1565-2240 ,
"category_id": 0,
"iscrowd": 0,
"segmentation": [[TAGDELETE
2299, 1768, 2225, 1739, 2142, 1689, 2108, 1643, 2092, 1596, 2116, 1524, 2175, 1447, 2227, 1407, 2328, 1378, 2421, 1367, 2350, 1363, 2284, 1366, 2227, 1378, 2157, 1413, 2102, 1474, 2065, 1544, 2060, 1611, 2073, 1659, 2115, 1713, 2156, 1742, 2225, 1763, 2269, 1767
]],
"image_id": n2i_DMSO_-10.czi ,
"area": 17751.5344 ,
"bbox": 2060 1363 361 405 
 
"id": 0001-0713-0703 ,
"category_id": 0,
"iscrowd": 0,
"segmentation": [[TAGDELETE
1024, 508, 905, 589, 798, 683, 683, 757, 561, 815, 466, 853, 400, 887, 382, 919, 459, 879, 576, 845, 706, 787, 830, 700, 983, 559
]],
"image_id": n2i_DMSO_-10.czi ,
"area": 17824.0872 ,
"bbox": 382 508 642 411 
 
"id": 0001-0917-0600 ,
"category_id": 0,
"iscrowd": 0,
"segmentation": [[TAGDELETE
948, 666, 790, 781, 612, 893, 461, 965, 375, 1024, 311, 1083, 252, 1168, 330, 1093, 439, 1016, 681, 899, 822, 803, 912, 721
]],
"image_id": n2i_DMSO_-10.czi ,
"area": 20973.5397 ,
"bbox": 252 666 696 502 
 
"id": 0001-0560-2378 ,
"category_id": 0,
"iscrowd": 0,
"segmentation": [[TAGDELETE
2111, 491, 2171, 594, 2234, 644, 2288, 657, 2372, 644, 2482, 589, 2579, 527, 2645, 464, 2514, 538, 2381, 602, 2312, 622, 2265, 621, 2211, 596, 2131, 512
]],
"image_id": n2i_DMSO_-10.czi ,
"area": 13085.8926 ,
"bbox": 2111 464 534 193 
 
