"id": 0001-0588-2311 ,
"category_id": 0,
"iscrowd": 0,
"segmentation": [[TAGDELETE
2550, 355, 2514, 366, 2396, 405, 2370, 419, 2338, 459, 2304, 497, 2271, 520, 2197, 556, 2159, 598, 2123, 653, 2072, 822, 2134, 718, 2170, 634, 2215, 587, 2286, 544, 2328, 521, 2371, 465, 2397, 438, 2485, 392
]],
"image_id": n2i_DMSO_-12.czi ,
"area": 14572.4012 ,
"bbox": 2072 355 478 467 
 
"id": 0001-1011-1778 ,
"category_id": 0,
"iscrowd": 0,
"segmentation": [[TAGDELETE
1691, 1012, 1694, 946, 1710, 848, 1746, 808, 1790, 805, 1844, 841, 1866, 878, 1863, 929, 1827, 984, 1800, 1029, 1794, 1032, 1790, 1050, 1814, 1084, 1823, 1120, 1836, 1218, 1782, 1104, 1750, 1072, 1748, 1030, 1762, 1008, 1796, 973, 1820, 936, 1830, 922, 1830, 885, 1807, 856, 1783, 845, 1766, 845, 1751, 861, 1732, 912, 1716, 973
]],
"image_id": n2i_DMSO_-12.czi ,
"area": 17969.1929 ,
"bbox": 1691 805 175 413 
 
"id": 0001-1812-0745 ,
"category_id": 0,
"iscrowd": 0,
"segmentation": [[TAGDELETE
606, 1810, 706, 1894, 764, 1949, 798, 1958, 822, 1944, 841, 1916, 838, 1877, 812, 1824, 761, 1741, 754, 1727, 751, 1715, 756, 1701, 773, 1712, 794, 1778, 819, 1830, 843, 1870, 871, 1897, 885, 1908, 839, 1790, 807, 1705, 789, 1678, 767, 1670, 749, 1667, 729, 1675, 713, 1706, 727, 1755, 791, 1859, 805, 1888, 804, 1911, 789, 1920, 757, 1911, 730, 1883, 673, 1839, 627, 1812
]],
"image_id": n2i_DMSO_-12.czi ,
"area": 19571.1264 ,
"bbox": 606 1667 279 291 
 
"id": 0001-0266-0406 ,
"category_id": 0,
"iscrowd": 0,
"segmentation": [[TAGDELETE
141, 159, 264, 291, 296, 312, 319, 320, 349, 323, 402, 308, 447, 301, 501, 311, 565, 339, 626, 370, 671, 373, 625, 358, 555, 303, 515, 281, 471, 270, 438, 267, 389, 277, 350, 290, 327, 292, 299, 277, 207, 196, 164, 160
]],
"image_id": n2i_DMSO_-12.czi ,
"area": 12849.2714 ,
"bbox": 141 159 530 214 
 
