"id": 0001-1394-1140 ,
"category_id": 0,
"iscrowd": 0,
"segmentation": [[TAGDELETE
893, 1260, 1100, 1280, 1205, 1276, 1258, 1286, 1308, 1318, 1334, 1356, 1360, 1408, 1376, 1471, 1388, 1528, 1346, 1447, 1317, 1382, 1290, 1347, 1265, 1328, 1238, 1316, 1182, 1308, 1037, 1303, 945, 1288, 921, 1279
]],
"image_id": n2i_25um_-09.czi ,
"area": 13169.9879 ,
"bbox": 893 1260 495 268 
 
"id": 0001-1699-1142 ,
"category_id": 0,
"iscrowd": 0,
"segmentation": [[TAGDELETE
1037, 1321, 1065, 1547, 1111, 1765, 1137, 1850, 1196, 1986, 1248, 2078, 1236, 2022, 1195, 1925, 1157, 1806, 1105, 1587, 1061, 1398
]],
"image_id": n2i_25um_-09.czi ,
"area": 15852.7938 ,
"bbox": 1037 1321 211 757 
 
"id": 0001-1307-0576 ,
"category_id": 0,
"iscrowd": 0,
"segmentation": [[TAGDELETE
632, 1002, 627, 1088, 612, 1164, 579, 1222, 551, 1312, 560, 1396, 580, 1469, 585, 1584, 585, 1612, 559, 1533, 531, 1402, 520, 1342, 524, 1281, 553, 1189, 596, 1117, 615, 1052
]],
"image_id": n2i_25um_-09.czi ,
"area": 13897.1652 ,
"bbox": 520 1002 112 610 
 
"id": 0001-1016-1849 ,
"category_id": 0,
"iscrowd": 0,
"segmentation": [[TAGDELETE
1529, 933, 1600, 912, 1650, 895, 1706, 885, 1790, 890, 1858, 906, 1918, 940, 1965, 976, 2009, 1032, 2052, 1078, 2093, 1106, 2132, 1126, 2167, 1134, 2169, 1141, 2152, 1147, 2119, 1137, 2074, 1121, 2021, 1089, 1984, 1050, 1913, 979, 1876, 945, 1818, 924, 1762, 919, 1698, 915, 1653, 918, 1627, 921, 1575, 929
]],
"image_id": n2i_25um_-09.czi ,
"area": 14871.6816 ,
"bbox": 1529 885 640 262 
 
