"id": 0001-0432-2119 ,
"category_id": 0,
"iscrowd": 0,
"segmentation": [[TAGDELETE
1849, 305, 1900, 432, 1936, 492, 1985, 536, 2034, 555, 2094, 560, 2189, 533, 2389, 459, 2234, 488, 2144, 521, 2089, 525, 2036, 521, 1981, 495, 1922, 417, 1882, 340
]],
"image_id": n2i_50um_-13.czi ,
"area": 13186.4772 ,
"bbox": 1849 305 540 255 
 
"id": 0001-1026-2506 ,
"category_id": 0,
"iscrowd": 0,
"segmentation": [[TAGDELETE
2464, 1341, 2481, 1212, 2510, 1040, 2525, 888, 2537, 711, 2549, 841, 2545, 1016, 2518, 1180, 2484, 1324
]],
"image_id": n2i_50um_-13.czi ,
"area": 12249.0616 ,
"bbox": 2464 711 85 630 
 
"id": 0001-1375-1859 ,
"category_id": 0,
"iscrowd": 0,
"segmentation": [[TAGDELETE
1733, 1042, 1739, 1253, 1786, 1445, 1853, 1564, 1986, 1708, 1875, 1534, 1827, 1441, 1779, 1257, 1749, 1081
]],
"image_id": n2i_50um_-13.czi ,
"area": 16934.4906 ,
"bbox": 1733 1042 253 666 
 
"id": 0001-1291-1037 ,
"category_id": 0,
"iscrowd": 0,
"segmentation": [[TAGDELETE
724, 1062, 866, 1176, 1088, 1350, 1351, 1520, 1175, 1368, 967, 1208, 780, 1084
]],
"image_id": n2i_50um_-13.czi ,
"area": 16692.9226 ,
"bbox": 724 1062 627 458 
 
"id": 0001-1317-0764 ,
"category_id": 0,
"iscrowd": 0,
"segmentation": [[TAGDELETE
614, 1007, 708, 1211, 826, 1452, 915, 1627, 803, 1462, 747, 1367, 686, 1251, 627, 1086
]],
"image_id": n2i_50um_-13.czi ,
"area": 13366.2104 ,
"bbox": 614 1007 301 620 
 
"id": 0001-0677-1016 ,
"category_id": 0,
"iscrowd": 0,
"segmentation": [[TAGDELETE
670, 697, 770, 703, 859, 703, 938, 684, 1048, 647, 1159, 628, 1252, 620, 1318, 619, 1362, 624, 1172, 657, 1075, 673, 1008, 688, 958, 711, 910, 725, 835, 735, 700, 716
]],
"image_id": n2i_50um_-13.czi ,
"area": 14455.3273 ,
"bbox": 670 619 692 116 
 
"id": 0001-0355-0454 ,
"category_id": 0,
"iscrowd": 0,
"segmentation": [[TAGDELETE
707, 194, 576, 260, 474, 324, 325, 406, 280, 433, 148, 533, 327, 433, 427, 385, 661, 244, 684, 228, 708, 216, 760, 183, 737, 178, 716, 190
]],
"image_id": n2i_50um_-13.czi ,
"area": 13019.111 ,
"bbox": 148 178 612 355 
 
