"id": 0001-0747-1331 ,
"category_id": 0,
"iscrowd": 0,
"segmentation": [[TAGDELETE
1105, 870, 1206, 876, 1308, 859, 1393, 831, 1475, 777, 1514, 698, 1557, 582, 1548, 656, 1531, 735, 1472, 822, 1393, 876, 1317, 898, 1238, 913, 1158, 893
]],
"image_id": n2i_50um_-05.czi ,
"area": 14517.9866 ,
"bbox": 1105 582 452 331 
 
"id": 0001-1099-0403 ,
"category_id": 0,
"iscrowd": 0,
"segmentation": [[TAGDELETE
165, 1133, 304, 1198, 373, 1227, 438, 1229, 494, 1212, 529, 1188, 576, 1138, 616, 1060, 642, 983, 642, 970, 628, 980, 589, 1050, 555, 1119, 532, 1149, 482, 1184, 457, 1194, 415, 1201, 341, 1187, 233, 1151
]],
"image_id": n2i_50um_-05.czi ,
"area": 11734.5961 ,
"bbox": 165 970 477 259 
 
"id": 0001-1478-2436 ,
"category_id": 0,
"iscrowd": 0,
"segmentation": [[TAGDELETE
2294, 1250, 2280, 1366, 2294, 1484, 2330, 1572, 2368, 1624, 2418, 1658, 2502, 1688, 2592, 1706, 2434, 1628, 2388, 1604, 2352, 1552, 2324, 1454, 2314, 1372
]],
"image_id": n2i_50um_-05.czi ,
"area": 12953.1539 ,
"bbox": 2280 1250 312 456 
 
"id": 0001-1399-1795 ,
"category_id": 0,
"iscrowd": 0,
"segmentation": [[TAGDELETE
1731, 1107, 1751, 1282, 1763, 1376, 1770, 1435, 1788, 1504, 1820, 1575, 1840, 1620, 1868, 1692, 1811, 1615, 1763, 1530, 1738, 1436, 1722, 1207
]],
"image_id": n2i_50um_-05.czi ,
"area": 11399.0393 ,
"bbox": 1722 1107 146 585 
 
"id": 0001-1043-1990 ,
"category_id": 0,
"iscrowd": 0,
"segmentation": [[TAGDELETE
1794, 1142, 1850, 1168, 1907, 1206, 1964, 1222, 2028, 1214, 2084, 1167, 2122, 1099, 2155, 1003, 2166, 895, 2176, 827, 2187, 951, 2179, 1014, 2160, 1078, 2108, 1187, 2072, 1226, 2007, 1254, 1966, 1259, 1923, 1252, 1880, 1226, 1816, 1175
]],
"image_id": n2i_50um_-05.czi ,
"area": 15693.6722 ,
"bbox": 1794 827 393 432 
 
