"id": 0001-0687-0818 ,
"category_id": 0,
"iscrowd": 0,
"segmentation": [[TAGDELETE
720, 375, 817, 648, 885, 860, 916, 1000, 828, 778, 772, 618, 726, 446
]],
"image_id": n2i_50um_-16.czi ,
"area": 11987.7066 ,
"bbox": 720 375 196 625 
 
"id": 0001-1454-0904 ,
"category_id": 0,
"iscrowd": 0,
"segmentation": [[TAGDELETE
1228, 1514, 1123, 1473, 1048, 1450, 940, 1457, 857, 1426, 809, 1395, 763, 1394, 708, 1411, 659, 1425, 581, 1421, 655, 1443, 704, 1443, 747, 1425, 785, 1423, 828, 1438, 871, 1469, 933, 1486, 1027, 1485, 1113, 1497, 1173, 1510
]],
"image_id": n2i_50um_-16.czi ,
"area": 13836.1548 ,
"bbox": 581 1394 647 120 
 
"id": 0001-1190-1818 ,
"category_id": 0,
"iscrowd": 0,
"segmentation": [[TAGDELETE
1574, 993, 1793, 1179, 1960, 1310, 2062, 1388, 1944, 1325, 1821, 1239, 1686, 1122, 1607, 1031
]],
"image_id": n2i_50um_-16.czi ,
"area": 10136.7849 ,
"bbox": 1574 993 488 395 
 
"id": 0001-0825-2285 ,
"category_id": 0,
"iscrowd": 0,
"segmentation": [[TAGDELETE
2562, 1091, 2530, 1050, 2438, 932, 2332, 818, 2217, 718, 2102, 622, 2009, 560, 2156, 700, 2341, 868, 2473, 1014, 2528, 1068
]],
"image_id": n2i_50um_-16.czi ,
"area": 14271.4718 ,
"bbox": 2009 560 553 531 
 
