"id": 0001-1359-0725 ,
"category_id": 0,
"iscrowd": 0,
"segmentation": [[TAGDELETE
996, 1553, 999, 1474, 1016, 1385, 1014, 1316, 996, 1260, 966, 1216, 907, 1184, 824, 1165, 731, 1176, 635, 1221, 539, 1310, 478, 1400, 434, 1486, 540, 1365, 632, 1281, 686, 1246, 751, 1220, 830, 1212, 895, 1224, 959, 1277, 972, 1364, 986, 1542
]],
"image_id": n2i_DMSO_-03.czi ,
"area": 29210.7595 ,
"bbox": 434 1165 582 388 
 
"id": 0001-1256-0929 ,
"category_id": 0,
"iscrowd": 0,
"segmentation": [[TAGDELETE
700, 1021, 806, 1008, 926, 1000, 1019, 1017, 1096, 1066, 1131, 1126, 1151, 1176, 1159, 1230, 1156, 1285, 1118, 1380, 1031, 1512, 1071, 1408, 1112, 1285, 1120, 1224, 1108, 1172, 1092, 1133, 1052, 1084, 1002, 1058, 970, 1044, 862, 1034, 739, 1029
]],
"image_id": n2i_DMSO_-03.czi ,
"area": 22204.4644 ,
"bbox": 700 1000 459 512 
 
"id": 0001-0390-0876 ,
"category_id": 0,
"iscrowd": 0,
"segmentation": [[TAGDELETE
819, 89, 860, 168, 897, 260, 923, 347, 921, 401, 909, 465, 884, 540, 846, 607, 791, 692, 872, 611, 915, 543, 945, 485, 958, 430, 962, 378, 955, 317, 946, 275, 926, 223, 894, 171, 857, 124
]],
"image_id": n2i_DMSO_-03.czi ,
"area": 16297.1799 ,
"bbox": 791 89 171 603 
 
"id": 0001-0654-1924 ,
"category_id": 0,
"iscrowd": 0,
"segmentation": [[TAGDELETE
1593, 653, 1742, 554, 1820, 520, 1908, 505, 1982, 512, 2028, 524, 2100, 578, 2153, 643, 2229, 743, 2264, 804, 2210, 742, 2146, 690, 2071, 595, 2020, 564, 1982, 545, 1916, 540, 1839, 553, 1781, 575, 1681, 629, 1585, 673
]],
"image_id": n2i_DMSO_-03.czi ,
"area": 19980.0606 ,
"bbox": 1585 505 679 299 
 
"id": 0001-1879-1668 ,
"category_id": 0,
"iscrowd": 0,
"segmentation": [[TAGDELETE
1709, 2103, 1756, 2044, 1803, 1963, 1849, 1861, 1862, 1808, 1861, 1740, 1835, 1704, 1798, 1674, 1751, 1660, 1706, 1656, 1645, 1665, 1570, 1683, 1475, 1704, 1514, 1707, 1629, 1698, 1688, 1688, 1747, 1691, 1788, 1705, 1819, 1729, 1831, 1759, 1833, 1794, 1816, 1856, 1768, 1975, 1727, 2074
]],
"image_id": n2i_DMSO_-03.czi ,
"area": 15934.4157 ,
"bbox": 1475 1656 387 447 
 
