"id": 0001-1141-0822 ,
"category_id": 0,
"iscrowd": 0,
"segmentation": [[TAGDELETE
670, 839, 729, 935, 805, 1040, 859, 1170, 898, 1283, 938, 1370, 975, 1444, 893, 1353, 859, 1255, 791, 1091, 687, 918
]],
"image_id": n2i_50um_-08.czi ,
"area": 14982.1598 ,
"bbox": 670 839 305 605 
 
"id": 0001-1093-0410 ,
"category_id": 0,
"iscrowd": 0,
"segmentation": [[TAGDELETE
693, 1026, 585, 1143, 535, 1171, 477, 1184, 411, 1174, 333, 1127, 164, 1034, 128, 1002, 187, 1027, 288, 1068, 348, 1100, 412, 1139, 460, 1152, 507, 1148, 568, 1124, 627, 1066, 663, 1035
]],
"image_id": n2i_50um_-08.czi ,
"area": 13246.6631 ,
"bbox": 128 1002 565 182 
 
"id": 0001-1630-1100 ,
"category_id": 0,
"iscrowd": 0,
"segmentation": [[TAGDELETE
1265, 1469, 1292, 1549, 1304, 1614, 1306, 1654, 1304, 1678, 1285, 1704, 1246, 1737, 1208, 1756, 1160, 1748, 1123, 1728, 1067, 1683, 1011, 1639, 968, 1618, 928, 1605, 861, 1589, 914, 1608, 969, 1643, 1014, 1674, 1057, 1725, 1101, 1761, 1139, 1781, 1196, 1791, 1231, 1788, 1268, 1777, 1299, 1751, 1327, 1711, 1337, 1685, 1339, 1638, 1335, 1589, 1316, 1538, 1285, 1486
]],
"image_id": n2i_50um_-08.czi ,
"area": 18740.0667 ,
"bbox": 861 1469 478 322 
 
"id": 0001-0583-2107 ,
"category_id": 0,
"iscrowd": 0,
"segmentation": [[TAGDELETE
2275, 605, 2184, 714, 2119, 762, 2066, 770, 2032, 762, 1976, 717, 1951, 677, 1940, 626, 1942, 572, 1962, 520, 2002, 476, 2050, 433, 2067, 396, 2046, 456, 2024, 486, 1987, 533, 1975, 589, 1979, 649, 2014, 708, 2070, 736, 2104, 732, 2150, 701, 2195, 656, 2244, 620
]],
"image_id": n2i_50um_-08.czi ,
"area": 15867.6341 ,
"bbox": 1940 396 335 374 
 
"id": 0001-0360-1747 ,
"category_id": 0,
"iscrowd": 0,
"segmentation": [[TAGDELETE
1651, 68, 1711, 204, 1780, 340, 1835, 462, 1844, 509, 1842, 549, 1819, 602, 1775, 652, 1804, 588, 1815, 532, 1807, 480, 1792, 436, 1676, 176, 1659, 122
]],
"image_id": n2i_50um_-08.czi ,
"area": 11621.6445 ,
"bbox": 1651 68 193 584 
 
"id": 0001-1705-2104 ,
"category_id": 0,
"iscrowd": 0,
"segmentation": [[TAGDELETE
2092, 1486, 2138, 1514, 2201, 1570, 2230, 1610, 2262, 1672, 2277, 1754, 2271, 1810, 2246, 1870, 2207, 1909, 2157, 1925, 2099, 1921, 2044, 1907, 1932, 1862, 2002, 1874, 2066, 1887, 2117, 1893, 2156, 1887, 2193, 1871, 2220, 1836, 2235, 1801, 2235, 1750, 2213, 1660, 2179, 1595, 2128, 1530, 2107, 1509
]],
"image_id": n2i_50um_-08.czi ,
"area": 18541.3709 ,
"bbox": 1932 1486 345 439 
 
"id": 0001-1034-2238 ,
"category_id": 0,
"iscrowd": 0,
"segmentation": [[TAGDELETE
2016, 809, 2063, 826, 2193, 932, 2282, 1035, 2381, 1152, 2461, 1259, 2382, 1190, 2314, 1125, 2230, 1021, 2155, 939, 2067, 856, 2039, 829
]],
"image_id": n2i_50um_-08.czi ,
"area": 12836.9045 ,
"bbox": 2016 809 445 450 
 
