"id": 0001-0478-0617 ,
"category_id": 0,
"iscrowd": 0,
"segmentation": [[TAGDELETE
717, 203, 679, 225, 657, 239, 635, 275, 624, 323, 613, 410, 608, 474, 591, 564, 580, 622, 557, 689, 542, 719, 517, 754, 564, 702, 586, 670, 608, 607, 625, 517, 637, 443, 644, 370, 652, 310, 663, 274, 675, 253, 708, 225
]],
"image_id": n2i_25um_-02.czi ,
"area": 10389.0709 ,
"bbox": 517 203 200 551 
 
"id": 0001-0577-0415 ,
"category_id": 0,
"iscrowd": 0,
"segmentation": [[TAGDELETE
219, 789, 282, 759, 347, 734, 434, 679, 481, 640, 518, 592, 556, 502, 587, 445, 598, 398, 605, 365, 612, 392, 612, 416, 608, 441, 594, 484, 580, 512, 566, 548, 551, 590, 533, 633, 481, 681, 435, 715, 376, 749, 324, 764, 265, 773
]],
"image_id": n2i_25um_-02.czi ,
"area": 11728.0004 ,
"bbox": 219 365 393 424 
 
"id": 0001-0513-1174 ,
"category_id": 0,
"iscrowd": 0,
"segmentation": [[TAGDELETE
1076, 163, 1100, 253, 1140, 376, 1146, 419, 1148, 552, 1153, 637, 1180, 707, 1206, 765, 1256, 827, 1272, 863, 1205, 804, 1166, 763, 1133, 684, 1114, 623, 1122, 469, 1112, 383, 1092, 284, 1090, 233
]],
"image_id": n2i_25um_-02.czi ,
"area": 14871.6816 ,
"bbox": 1076 163 196 700 
 
"id": 0001-1172-0592 ,
"category_id": 0,
"iscrowd": 0,
"segmentation": [[TAGDELETE
882, 1318, 838, 1231, 763, 1115, 727, 1075, 676, 1043, 612, 1020, 522, 1019, 403, 1040, 376, 1048, 303, 1046, 384, 1056, 543, 1050, 608, 1051, 656, 1068, 704, 1096, 730, 1124, 812, 1254, 871, 1326
]],
"image_id": n2i_25um_-02.czi ,
"area": 15050.5903 ,
"bbox": 303 1019 579 307 
 
"id": 0001-0555-2238 ,
"category_id": 0,
"iscrowd": 0,
"segmentation": [[TAGDELETE
1978, 432, 2133, 429, 2203, 438, 2282, 471, 2334, 502, 2405, 554, 2438, 598, 2499, 681, 2480, 673, 2417, 615, 2395, 589, 2349, 551, 2257, 492, 2219, 472, 2147, 458, 2031, 447
]],
"image_id": n2i_25um_-02.czi ,
"area": 12097.3603 ,
"bbox": 1978 429 521 252 
 
"id": 0001-0635-2482 ,
"category_id": 0,
"iscrowd": 0,
"segmentation": [[TAGDELETE
2292, 867, 2364, 829, 2389, 808, 2419, 792, 2470, 779, 2534, 764, 2579, 749, 2606, 733, 2631, 687, 2639, 634, 2639, 605, 2622, 550, 2589, 484, 2578, 458, 2548, 409, 2554, 403, 2583, 424, 2636, 509, 2657, 555, 2673, 613, 2673, 650, 2657, 702, 2634, 741, 2615, 760, 2580, 782, 2502, 805, 2449, 813, 2352, 843
]],
"image_id": n2i_25um_-02.czi ,
"area": 15168.4887 ,
"bbox": 2292 403 381 464 
 
"id": 0001-1341-1981 ,
"category_id": 0,
"iscrowd": 0,
"segmentation": [[TAGDELETE
1591, 1273, 1615, 1269, 1735, 1289, 1868, 1321, 1998, 1365, 2070, 1380, 2191, 1389, 2372, 1392, 2238, 1408, 2140, 1414, 2038, 1406, 1940, 1377, 1819, 1342, 1678, 1300
]],
"image_id": n2i_25um_-02.czi ,
"area": 15324.3124 ,
"bbox": 1591 1269 781 145 
 
"id": 0001-1614-2463 ,
"category_id": 0,
"iscrowd": 0,
"segmentation": [[TAGDELETE
2517, 1247, 2554, 1357, 2576, 1485, 2561, 1575, 2537, 1651, 2492, 1725, 2461, 1755, 2410, 1830, 2382, 1882, 2358, 1981, 2350, 1947, 2360, 1867, 2374, 1825, 2406, 1774, 2470, 1691, 2504, 1641, 2530, 1575, 2540, 1507, 2540, 1442, 2528, 1347, 2528, 1301
]],
"image_id": n2i_25um_-02.czi ,
"area": 17381.35 ,
"bbox": 2350 1247 226 734 
 
"id": 0001-1784-1844 ,
"category_id": 0,
"iscrowd": 0,
"segmentation": [[TAGDELETE
1993, 2035, 1976, 1951, 1952, 1886, 1922, 1809, 1885, 1743, 1849, 1697, 1790, 1630, 1696, 1533, 1729, 1586, 1798, 1669, 1857, 1737, 1888, 1794, 1926, 1875, 1962, 1985
]],
"image_id": n2i_25um_-02.czi ,
"area": 8804.4511 ,
"bbox": 1696 1533 297 502 
 
