"id": 0001-1394-0759 ,
"category_id": 0,
"iscrowd": 0,
"segmentation": [[TAGDELETE
527, 1201, 570, 1326, 636, 1440, 719, 1518, 786, 1554, 868, 1581, 947, 1588, 992, 1582, 952, 1569, 876, 1545, 802, 1518, 738, 1486, 676, 1426, 603, 1322
]],
"image_id": n2i_50um_-04.czi ,
"area": 15706.0392 ,
"bbox": 527 1201 465 387 
 
"id": 0001-1251-0889 ,
"category_id": 0,
"iscrowd": 0,
"segmentation": [[TAGDELETE
608, 1137, 702, 1249, 759, 1305, 807, 1333, 867, 1356, 920, 1365, 963, 1365, 1018, 1353, 1087, 1330, 1171, 1290, 1120, 1296, 1046, 1313, 970, 1328, 923, 1329, 868, 1318, 810, 1296, 770, 1269, 711, 1221, 678, 1193
]],
"image_id": n2i_50um_-04.czi ,
"area": 14075.2494 ,
"bbox": 608 1137 563 228 
 
"id": 0001-1124-0928 ,
"category_id": 0,
"iscrowd": 0,
"segmentation": [[TAGDELETE
782, 918, 818, 986, 847, 1016, 886, 1050, 935, 1071, 1004, 1098, 1050, 1131, 1082, 1183, 1082, 1230, 1070, 1271, 1043, 1304, 1015, 1320, 964, 1330, 922, 1328, 952, 1314, 999, 1299, 1024, 1282, 1044, 1251, 1047, 1219, 1047, 1198, 1035, 1172, 1027, 1155, 994, 1136, 952, 1119, 890, 1094, 836, 1056, 799, 1010, 775, 955
]],
"image_id": n2i_50um_-04.czi ,
"area": 16058.0853 ,
"bbox": 775 918 307 412 
 
"id": 0001-1114-0838 ,
"category_id": 0,
"iscrowd": 0,
"segmentation": [[TAGDELETE
630, 914, 660, 971, 683, 1095, 710, 1188, 766, 1260, 836, 1304, 932, 1315, 1003, 1294, 1036, 1268, 1046, 1227, 1046, 1198, 1035, 1176, 1022, 1158, 999, 1140, 975, 1127, 948, 1120, 935, 1120, 974, 1158, 1000, 1179, 1014, 1206, 1006, 1228, 999, 1246, 972, 1267, 939, 1274, 896, 1266, 819, 1247, 784, 1220, 755, 1190, 738, 1144, 723, 1094, 704, 1040, 682, 978, 655, 948
]],
"image_id": n2i_50um_-04.czi ,
"area": 22145.9275 ,
"bbox": 630 914 416 401 
 
"id": 0001-1004-1882 ,
"category_id": 0,
"iscrowd": 0,
"segmentation": [[TAGDELETE
1847, 786, 1865, 848, 1907, 942, 1951, 1066, 1967, 1117, 1968, 1149, 1960, 1173, 1940, 1193, 1909, 1198, 1859, 1196, 1837, 1189, 1803, 1194, 1761, 1188, 1911, 1222, 1949, 1217, 1976, 1201, 1992, 1178, 2003, 1146, 1999, 1098, 1983, 1052, 1929, 929, 1885, 842
]],
"image_id": n2i_50um_-04.czi ,
"area": 12289.4604 ,
"bbox": 1761 786 242 436 
 
"id": 0001-1022-2069 ,
"category_id": 0,
"iscrowd": 0,
"segmentation": [[TAGDELETE
1949, 744, 2035, 868, 2100, 985, 2132, 1054, 2160, 1197, 2189, 1300, 2189, 1228, 2177, 1124, 2155, 1033, 2119, 957, 2053, 860, 2000, 790
]],
"image_id": n2i_50um_-04.czi ,
"area": 11061.009 ,
"bbox": 1949 744 240 556 
 
"id": 0001-1190-2295 ,
"category_id": 0,
"iscrowd": 0,
"segmentation": [[TAGDELETE
2138, 881, 2188, 955, 2244, 1070, 2302, 1249, 2361, 1366, 2413, 1449, 2453, 1499, 2449, 1465, 2390, 1345, 2344, 1246, 2273, 1062, 2230, 970, 2210, 943, 2180, 909
]],
"image_id": n2i_50um_-04.czi ,
"area": 16988.0807 ,
"bbox": 2138 881 315 618 
 
"id": 0001-1386-1591 ,
"category_id": 0,
"iscrowd": 0,
"segmentation": [[TAGDELETE
1794, 1714, 1737, 1633, 1626, 1498, 1545, 1398, 1497, 1313, 1442, 1193, 1409, 1101, 1388, 1054, 1404, 1118, 1408, 1165, 1420, 1218, 1452, 1302, 1496, 1386, 1568, 1486, 1640, 1574, 1705, 1646, 1778, 1719
]],
"image_id": n2i_50um_-04.czi ,
"area": 19160.5434 ,
"bbox": 1388 1054 406 665 
 
"id": 0001-0530-2166 ,
"category_id": 0,
"iscrowd": 0,
"segmentation": [[TAGDELETE
2328, 323, 2346, 424, 2335, 503, 2273, 641, 2223, 696, 2179, 726, 2120, 737, 2015, 733, 1987, 726, 2012, 717, 2095, 704, 2141, 697, 2194, 664, 2232, 621, 2281, 527, 2315, 457, 2326, 370
]],
"image_id": n2i_50um_-04.czi ,
"area": 16075.3991 ,
"bbox": 1987 323 359 414 
 
