"id": 0001-0545-1022 ,
"category_id": 0,
"iscrowd": 0,
"segmentation": [[TAGDELETE
1230, 707, 1105, 696, 1010, 677, 941, 644, 895, 601, 858, 543, 822, 425, 814, 364, 814, 504, 841, 581, 891, 645, 955, 692, 1050, 727, 1159, 724, 1214, 720
]],
"image_id": n2i_25um_-08.czi ,
"area": 13883.9738 ,
"bbox": 814 364 416 363 
 
"id": 0001-1052-0486 ,
"category_id": 0,
"iscrowd": 0,
"segmentation": [[TAGDELETE
568, 1432, 549, 1334, 528, 1250, 489, 1110, 479, 1070, 476, 984, 479, 901, 456, 821, 419, 729, 392, 673, 440, 733, 493, 821, 512, 878, 512, 936, 511, 1012, 517, 1084, 533, 1138, 559, 1217, 573, 1290, 581, 1396, 581, 1405
]],
"image_id": n2i_25um_-08.czi ,
"area": 19271.0215 ,
"bbox": 392 673 189 759 
 
"id": 0001-0445-1817 ,
"category_id": 0,
"iscrowd": 0,
"segmentation": [[TAGDELETE
1721, 275, 1670, 411, 1662, 473, 1696, 552, 1757, 600, 1812, 615, 1882, 599, 1937, 563, 1960, 517, 1973, 460, 1969, 416, 1948, 481, 1917, 539, 1886, 563, 1849, 575, 1812, 575, 1766, 559, 1722, 521, 1704, 469, 1697, 408, 1713, 339
]],
"image_id": n2i_25um_-08.czi ,
"area": 15154.4728 ,
"bbox": 1662 275 311 340 
 
"id": 0001-0604-2182 ,
"category_id": 0,
"iscrowd": 0,
"segmentation": [[TAGDELETE
2473, 645, 2390, 625, 2276, 613, 2172, 592, 2072, 563, 2025, 563, 1985, 567, 1921, 580, 1892, 596, 1946, 597, 2016, 592, 2069, 596, 2132, 613, 2205, 633, 2284, 639, 2384, 640
]],
"image_id": n2i_25um_-08.czi ,
"area": 11334.7311 ,
"bbox": 1892 563 581 82 
 
"id": 0001-0314-2329 ,
"category_id": 0,
"iscrowd": 0,
"segmentation": [[TAGDELETE
2261, 61, 2212, 123, 2177, 191, 2164, 265, 2166, 352, 2183, 408, 2224, 475, 2264, 522, 2318, 558, 2372, 568, 2441, 563, 2495, 548, 2460, 539, 2398, 535, 2357, 532, 2310, 511, 2262, 471, 2227, 412, 2206, 359, 2193, 305, 2196, 247, 2208, 193, 2222, 132
]],
"image_id": n2i_25um_-08.czi ,
"area": 16576.6732 ,
"bbox": 2164 61 331 507 
 
"id": 0001-1189-0354 ,
"category_id": 0,
"iscrowd": 0,
"segmentation": [[TAGDELETE
329, 1559, 369, 1471, 425, 1251, 429, 1207, 399, 1082, 344, 926, 317, 874, 279, 819, 291, 874, 316, 967, 363, 1120, 381, 1191, 377, 1243, 352, 1394, 343, 1460, 340, 1508
]],
"image_id": n2i_25um_-08.czi ,
"area": 22039.5716 ,
"bbox": 279 819 150 740 
 
"id": 0001-1247-1255 ,
"category_id": 0,
"iscrowd": 0,
"segmentation": [[TAGDELETE
923, 1026, 984, 1129, 1032, 1212, 1130, 1298, 1204, 1336, 1252, 1369, 1316, 1422, 1382, 1465, 1430, 1469, 1490, 1464, 1587, 1434, 1466, 1448, 1391, 1433, 1315, 1369, 1279, 1332, 1210, 1296, 1118, 1230, 1066, 1182, 1008, 1106, 970, 1066
]],
"image_id": n2i_25um_-08.czi ,
"area": 22242.3898 ,
"bbox": 923 1026 664 443 
 
"id": 0001-1571-1545 ,
"category_id": 0,
"iscrowd": 0,
"segmentation": [[TAGDELETE
1642, 1421, 1538, 1453, 1476, 1497, 1438, 1568, 1428, 1618, 1439, 1664, 1476, 1704, 1514, 1721, 1563, 1710, 1596, 1682, 1615, 1652, 1638, 1624, 1663, 1601, 1622, 1622, 1575, 1669, 1544, 1685, 1512, 1692, 1482, 1677, 1468, 1658, 1460, 1622, 1467, 1580, 1490, 1525, 1524, 1489, 1590, 1452
]],
"image_id": n2i_25um_-08.czi ,
"area": 11134.3863 ,
"bbox": 1428 1421 235 300 
 
"id": 0001-1545-2244 ,
"category_id": 0,
"iscrowd": 0,
"segmentation": [[TAGDELETE
2582, 1427, 2489, 1537, 2405, 1617, 2321, 1653, 2234, 1663, 2133, 1641, 2029, 1594, 1906, 1503, 1990, 1534, 2102, 1585, 2192, 1613, 2273, 1623, 2340, 1610, 2392, 1585, 2506, 1490, 2553, 1447
]],
"image_id": n2i_25um_-08.czi ,
"area": 18874.4544 ,
"bbox": 1906 1427 676 236 
 
"id": 0001-1872-0731 ,
"category_id": 0,
"iscrowd": 0,
"segmentation": [[TAGDELETE
789, 1814, 752, 1903, 728, 1940, 702, 1952, 666, 1948, 635, 1921, 623, 1882, 630, 1845, 650, 1811, 702, 1792, 748, 1791, 801, 1787, 856, 1785, 876, 1778, 804, 1768, 748, 1762, 700, 1762, 654, 1778, 622, 1799, 599, 1834, 586, 1886, 602, 1926, 617, 1951, 643, 1972, 674, 1983, 707, 1980, 739, 1962, 760, 1941, 774, 1901, 777, 1868
]],
"image_id": n2i_25um_-08.czi ,
"area": 13348.8966 ,
"bbox": 586 1762 290 221 
 
