"id": 0001-0594-0696 ,
"category_id": 0,
"iscrowd": 0,
"segmentation": [[TAGDELETE
473, 368, 552, 399, 615, 443, 657, 481, 721, 565, 736, 617, 753, 664, 807, 725, 920, 821, 859, 797, 773, 736, 716, 667, 695, 599, 652, 527, 579, 449, 508, 397
]],
"image_id": n2i_50um_-07.czi ,
"area": 14427.2955 ,
"bbox": 473 368 447 453 
 
"id": 0001-0159-0963 ,
"category_id": 0,
"iscrowd": 0,
"segmentation": [[TAGDELETE
1288, 288, 1120, 236, 1047, 213, 929, 149, 795, 87, 639, 20, 797, 116, 920, 183, 1036, 256, 1117, 275, 1255, 299
]],
"image_id": n2i_50um_-07.czi ,
"area": 16058.0853 ,
"bbox": 639 20 649 279 
 
"id": 0001-0167-1462 ,
"category_id": 0,
"iscrowd": 0,
"segmentation": [[TAGDELETE
1592, 245, 1575, 168, 1543, 95, 1507, 61, 1469, 43, 1432, 39, 1373, 53, 1345, 87, 1333, 144, 1347, 192, 1371, 224, 1415, 257, 1468, 296, 1428, 240, 1393, 203, 1377, 171, 1372, 141, 1375, 100, 1411, 73, 1457, 69, 1497, 87, 1525, 120, 1553, 169, 1577, 223
]],
"image_id": n2i_50um_-07.czi ,
"area": 12599.4588 ,
"bbox": 1333 39 259 257 
 
"id": 0001-1496-1267 ,
"category_id": 0,
"iscrowd": 0,
"segmentation": [[TAGDELETE
955, 1626, 1076, 1575, 1140, 1554, 1238, 1545, 1322, 1535, 1400, 1505, 1488, 1439, 1580, 1362, 1512, 1446, 1460, 1498, 1419, 1527, 1359, 1558, 1248, 1579, 1143, 1589, 1055, 1615, 987, 1631
]],
"image_id": n2i_50um_-07.czi ,
"area": 15284.7381 ,
"bbox": 955 1362 625 269 
 
"id": 0001-1950-0976 ,
"category_id": 0,
"iscrowd": 0,
"segmentation": [[TAGDELETE
726, 2114, 806, 2073, 960, 2015, 1048, 1963, 1134, 1882, 1192, 1814, 1226, 1786, 1170, 1894, 1107, 1965, 1038, 2015, 967, 2054, 855, 2098, 786, 2113
]],
"image_id": n2i_50um_-07.czi ,
"area": 16451.3547 ,
"bbox": 726 1786 500 328 
 
"id": 0001-1148-1998 ,
"category_id": 0,
"iscrowd": 0,
"segmentation": [[TAGDELETE
2185, 944, 2005, 1141, 1932, 1230, 1812, 1353, 1908, 1282, 2070, 1100, 2161, 990
]],
"image_id": n2i_50um_-07.czi ,
"area": 7052.4651 ,
"bbox": 1812 944 373 409 
 
"id": 0001-1064-2265 ,
"category_id": 0,
"iscrowd": 0,
"segmentation": [[TAGDELETE
2130, 796, 2184, 920, 2206, 974, 2260, 1060, 2350, 1245, 2392, 1333, 2400, 1317, 2354, 1202, 2292, 1070, 2245, 990, 2158, 841
]],
"image_id": n2i_50um_-07.czi ,
"area": 9233.9968 ,
"bbox": 2130 796 270 537 
 
"id": 0001-1424-2547 ,
"category_id": 0,
"iscrowd": 0,
"segmentation": [[TAGDELETE
2406, 1349, 2394, 1417, 2396, 1493, 2414, 1529, 2449, 1561, 2488, 1574, 2517, 1570, 2634, 1542, 2653, 1529, 2677, 1504, 2693, 1466, 2701, 1414, 2697, 1381, 2688, 1358, 2680, 1336, 2673, 1297, 2658, 1274, 2654, 1322, 2664, 1356, 2669, 1408, 2672, 1429, 2665, 1468, 2637, 1502, 2609, 1516, 2509, 1541, 2473, 1538, 2437, 1517, 2421, 1490, 2409, 1417
]],
"image_id": n2i_50um_-07.czi ,
"area": 13598.7092 ,
"bbox": 2394 1274 307 300 
 
"id": 0001-0749-1682 ,
"category_id": 0,
"iscrowd": 0,
"segmentation": [[TAGDELETE
1746, 417, 1734, 549, 1747, 646, 1755, 742, 1736, 843, 1698, 906, 1659, 950, 1622, 997, 1598, 1034, 1576, 1082, 1667, 991, 1743, 890, 1772, 839, 1788, 789, 1787, 741, 1786, 661, 1776, 613, 1759, 501
]],
"image_id": n2i_50um_-07.czi ,
"area": 16518.9607 ,
"bbox": 1576 417 212 665 
 
"id": 0001-0736-1459 ,
"category_id": 0,
"iscrowd": 0,
"segmentation": [[TAGDELETE
1176, 839, 1263, 785, 1367, 730, 1544, 686, 1668, 654, 1743, 633, 1738, 649, 1635, 693, 1435, 742, 1366, 762, 1240, 818
]],
"image_id": n2i_50um_-07.czi ,
"area": 11695.8463 ,
"bbox": 1176 633 567 206 
 
