"id": 0001-0543-2091 ,
"category_id": 0,
"iscrowd": 0,
"segmentation": [[TAGDELETE
1949, 183, 1981, 257, 1996, 315, 2025, 412, 2065, 509, 2098, 556, 2130, 608, 2156, 680, 2178, 741, 2206, 828, 2234, 903, 2218, 785, 2184, 665, 2154, 591, 2104, 504, 2064, 428, 2030, 325, 2017, 273, 1988, 212, 1973, 189
]],
"image_id": n2i_25um_-15.czi ,
"area": 17200.7924 ,
"bbox": 1949 183 285 720 
 
"id": 0001-0480-1466 ,
"category_id": 0,
"iscrowd": 0,
"segmentation": [[TAGDELETE
1479, 753, 1466, 627, 1440, 490, 1427, 407, 1426, 356, 1435, 317, 1469, 269, 1491, 234, 1506, 207, 1504, 240, 1486, 274, 1463, 310, 1453, 348, 1450, 389, 1450, 411, 1466, 483, 1482, 574, 1487, 642, 1488, 712
]],
"image_id": n2i_25um_-15.czi ,
"area": 9335.4059 ,
"bbox": 1426 207 80 546 
 
"id": 0001-1000-1007 ,
"category_id": 0,
"iscrowd": 0,
"segmentation": [[TAGDELETE
1348, 874, 1255, 850, 1112, 846, 1018, 866, 900, 930, 788, 1022, 707, 1100, 666, 1154, 848, 1012, 952, 938, 1058, 889, 1167, 880, 1304, 880
]],
"image_id": n2i_25um_-15.czi ,
"area": 17791.1087 ,
"bbox": 666 846 682 308 
 
"id": 0001-1485-2297 ,
"category_id": 0,
"iscrowd": 0,
"segmentation": [[TAGDELETE
2509, 1719, 2470, 1649, 2446, 1563, 2420, 1521, 2342, 1441, 2229, 1348, 2086, 1252, 2224, 1372, 2374, 1513, 2413, 1560, 2434, 1624, 2470, 1685
]],
"image_id": n2i_25um_-15.czi ,
"area": 11063.4824 ,
"bbox": 2086 1252 423 467 
 
"id": 0001-1046-2471 ,
"category_id": 0,
"iscrowd": 0,
"segmentation": [[TAGDELETE
2504, 1397, 2536, 1245, 2514, 1093, 2512, 977, 2508, 791, 2480, 723, 2436, 673, 2406, 663, 2452, 723, 2480, 819, 2472, 929, 2476, 1043, 2492, 1181, 2506, 1297, 2488, 1429
]],
"image_id": n2i_25um_-15.czi ,
"area": 18663.3916 ,
"bbox": 2406 663 130 766 
 
"id": 0001-1964-0523 ,
"category_id": 0,
"iscrowd": 0,
"segmentation": [[TAGDELETE
155, 1903, 256, 1969, 369, 2019, 473, 2039, 577, 2026, 692, 1998, 801, 1959, 825, 1946, 860, 1949, 917, 1954, 879, 1927, 855, 1921, 813, 1921, 765, 1931, 699, 1958, 629, 1969, 507, 1986, 440, 1981, 307, 1950, 197, 1914, 129, 1889
]],
"image_id": n2i_25um_-15.czi ,
"area": 24432.1662 ,
"bbox": 129 1889 788 150 
 
