"id": 0001-0695-0835 ,
"category_id": 0,
"iscrowd": 0,
"segmentation": [[TAGDELETE
732, 428, 744, 456, 747, 514, 744, 572, 757, 638, 781, 706, 817, 773, 872, 838, 916, 886, 953, 962, 881, 882, 795, 784, 749, 704, 727, 625, 717, 578, 717, 525, 729, 482
]],
"image_id": n2i_25um_-10.czi ,
"area": 10976.0892 ,
"bbox": 717 428 236 534 
 
"id": 0001-0959-0211 ,
"category_id": 0,
"iscrowd": 0,
"segmentation": [[TAGDELETE
132, 591, 196, 707, 218, 793, 238, 923, 264, 1021, 290, 1123, 262, 1327, 260, 1193, 248, 1097, 222, 983, 198, 889, 174, 751, 146, 665
]],
"image_id": n2i_25um_-10.czi ,
"area": 16507.4182 ,
"bbox": 132 591 158 736 
 
"id": 0001-1224-1639 ,
"category_id": 0,
"iscrowd": 0,
"segmentation": [[TAGDELETE
1756, 937, 1660, 961, 1608, 989, 1564, 1029, 1534, 1093, 1522, 1173, 1532, 1237, 1562, 1303, 1642, 1449, 1696, 1511, 1650, 1407, 1608, 1325, 1566, 1233, 1556, 1163, 1576, 1071, 1608, 1027, 1644, 997, 1714, 961
]],
"image_id": n2i_25um_-10.czi ,
"area": 15722.5285 ,
"bbox": 1522 937 234 574 
 
"id": 0001-1416-1133 ,
"category_id": 0,
"iscrowd": 0,
"segmentation": [[TAGDELETE
930, 1249, 996, 1425, 1064, 1517, 1160, 1581, 1244, 1583, 1292, 1567, 1336, 1529, 1268, 1561, 1208, 1567, 1158, 1549, 1116, 1517, 1068, 1477, 1044, 1441, 952, 1263
]],
"image_id": n2i_25um_-10.czi ,
"area": 11136.8597 ,
"bbox": 930 1249 406 334 
 
"id": 0001-1954-1313 ,
"category_id": 0,
"iscrowd": 0,
"segmentation": [[TAGDELETE
1008, 1885, 1059, 1884, 1119, 1878, 1248, 1851, 1318, 1842, 1386, 1851, 1459, 1887, 1513, 1933, 1571, 1993, 1618, 2066, 1531, 1980, 1477, 1933, 1431, 1902, 1380, 1881, 1334, 1870, 1250, 1880, 1196, 1891, 1103, 1904, 1045, 1898
]],
"image_id": n2i_25um_-10.czi ,
"area": 12776.7186 ,
"bbox": 1008 1842 610 224 
 
"id": 0001-1581-1929 ,
"category_id": 0,
"iscrowd": 0,
"segmentation": [[TAGDELETE
1914, 1305, 1810, 1396, 1784, 1468, 1781, 1529, 1801, 1580, 1825, 1646, 1880, 1713, 1952, 1768, 2006, 1800, 2049, 1834, 2078, 1858, 2041, 1806, 1985, 1756, 1920, 1705, 1864, 1652, 1837, 1598, 1818, 1545, 1814, 1506, 1814, 1465, 1853, 1393, 1904, 1337
]],
"image_id": n2i_25um_-10.czi ,
"area": 14868.3838 ,
"bbox": 1781 1305 297 553 
 
"id": 0001-0550-1763 ,
"category_id": 0,
"iscrowd": 0,
"segmentation": [[TAGDELETE
1520, 356, 1560, 407, 1607, 543, 1632, 613, 1660, 663, 1730, 693, 1814, 717, 1912, 704, 1952, 696, 1991, 697, 2007, 709, 1940, 711, 1890, 732, 1830, 744, 1771, 740, 1686, 712, 1634, 681, 1588, 604, 1552, 472, 1538, 399
]],
"image_id": n2i_25um_-10.czi ,
"area": 15523.0082 ,
"bbox": 1520 356 487 388 
 
"id": 0001-0912-2208 ,
"category_id": 0,
"iscrowd": 0,
"segmentation": [[TAGDELETE
2161, 624, 2174, 692, 2196, 739, 2216, 780, 2222, 816, 2222, 852, 2221, 884, 2210, 925, 2195, 991, 2193, 1033, 2161, 1201, 2200, 1103, 2240, 955, 2255, 852, 2246, 780, 2227, 739, 2196, 689
]],
"image_id": n2i_25um_-10.czi ,
"area": 11603.5063 ,
"bbox": 2161 624 94 577 
 
