"id": 0001-0365-0188 ,
"category_id": 0,
"iscrowd": 0,
"segmentation": [[TAGDELETE
75, 137, 210, 172, 267, 202, 298, 251, 302, 306, 284, 368, 259, 437, 211, 500, 163, 550, 113, 593, 160, 524, 221, 437, 255, 365, 270, 309, 273, 277, 267, 246, 253, 229, 222, 205, 106, 156
]],
"image_id": n2i_DMSO_.czi ,
"area": 12131.9878 ,
"bbox": 75 137 227 456 
 
"id": 0001-0997-0499 ,
"category_id": 0,
"iscrowd": 0,
"segmentation": [[TAGDELETE
691, 966, 654, 983, 373, 1011, 308, 1023, 349, 1028, 456, 1024, 649, 998, 681, 977
]],
"image_id": n2i_DMSO_.czi ,
"area": 4902.2629 ,
"bbox": 308 966 383 62 
 
"id": 0001-1071-2278 ,
"category_id": 0,
"iscrowd": 0,
"segmentation": [[TAGDELETE
2526, 1259, 2507, 1183, 2490, 1069, 2479, 1010, 2432, 938, 2386, 905, 2325, 883, 2278, 886, 2205, 904, 2117, 956, 2030, 1026, 2079, 1011, 2167, 966, 2234, 927, 2297, 914, 2357, 926, 2425, 976, 2461, 1062, 2475, 1124, 2486, 1186, 2514, 1243
]],
"image_id": n2i_DMSO_.czi ,
"area": 16846.2729 ,
"bbox": 2030 883 496 376 
 
"id": 0001-1317-2294 ,
"category_id": 0,
"iscrowd": 0,
"segmentation": [[TAGDELETE
2079, 1147, 2263, 1124, 2378, 1121, 2437, 1144, 2490, 1197, 2510, 1266, 2494, 1332, 2456, 1389, 2401, 1452, 2328, 1514, 2352, 1469, 2447, 1354, 2464, 1320, 2471, 1247, 2451, 1201, 2426, 1174, 2390, 1158, 2368, 1156, 2206, 1154, 2111, 1152
]],
"image_id": n2i_DMSO_.czi ,
"area": 17158.7448 ,
"bbox": 2079 1121 431 393 
 
"id": 0001-1931-1492 ,
"category_id": 0,
"iscrowd": 0,
"segmentation": [[TAGDELETE
1244, 2141, 1314, 2055, 1490, 1898, 1597, 1809, 1669, 1759, 1740, 1721, 1636, 1813, 1492, 1930, 1350, 2055, 1302, 2093
]],
"image_id": n2i_DMSO_.czi ,
"area": 11129.4395 ,
"bbox": 1244 1721 496 420 
 
"id": 0001-1969-1093 ,
"category_id": 0,
"iscrowd": 0,
"segmentation": [[TAGDELETE
860, 1994, 937, 1939, 1102, 1874, 1189, 1837, 1253, 1839, 1293, 1865, 1322, 1894, 1326, 1935, 1298, 1999, 1228, 2047, 1146, 2090, 1114, 2101, 1190, 2041, 1268, 1975, 1288, 1926, 1276, 1893, 1244, 1875, 1189, 1878, 1088, 1913, 1004, 1942, 912, 1974
]],
"image_id": n2i_DMSO_.czi ,
"area": 18224.7767 ,
"bbox": 860 1837 466 264 
 
"id": 0001-0269-2218 ,
"category_id": 0,
"iscrowd": 0,
"segmentation": [[TAGDELETE
2559, 357, 2443, 289, 2342, 224, 2264, 193, 2202, 181, 2132, 192, 2086, 209, 2004, 258, 1878, 350, 1982, 304, 2076, 248, 2125, 220, 2174, 215, 2220, 218, 2280, 231, 2397, 290, 2519, 356
]],
"image_id": n2i_DMSO_.czi ,
"area": 15409.2322 ,
"bbox": 1878 181 681 176 
 
"id": 0001-0541-2012 ,
"category_id": 0,
"iscrowd": 0,
"segmentation": [[TAGDELETE
1985, 748, 1940, 784, 1900, 833, 1854, 867, 1872, 831, 1946, 733, 2001, 671, 2029, 597, 2033, 552, 2026, 485, 2024, 423, 2028, 367, 2058, 291, 2093, 251, 2134, 219, 2170, 216, 2132, 241, 2086, 299, 2060, 356, 2058, 465, 2068, 552, 2054, 643, 2016, 712
]],
"image_id": n2i_DMSO_.czi ,
"area": 18411.1056 ,
"bbox": 1854 216 316 651 
 
