"id": 0001-0479-0967 ,
"category_id": 0,
"iscrowd": 0,
"segmentation": [[TAGDELETE
732, 627, 784, 555, 888, 463, 958, 410, 1054, 366, 1137, 345, 1202, 332, 1163, 353, 1078, 383, 1024, 404, 959, 439, 901, 479, 830, 540, 783, 583
]],
"image_id": n2i_-ctl_-05.czi ,
"area": 8528.2556 ,
"bbox": 732 332 470 295 
 
"id": 0001-0549-1357 ,
"category_id": 0,
"iscrowd": 0,
"segmentation": [[TAGDELETE
1302, 259, 1277, 318, 1278, 383, 1289, 461, 1321, 527, 1366, 611, 1395, 663, 1418, 718, 1421, 790, 1430, 840, 1438, 752, 1437, 699, 1413, 642, 1373, 571, 1340, 511, 1316, 451, 1302, 398, 1291, 330
]],
"image_id": n2i_-ctl_-05.czi ,
"area": 10168.939 ,
"bbox": 1277 259 161 581 
 
"id": 0001-1379-0887 ,
"category_id": 0,
"iscrowd": 0,
"segmentation": [[TAGDELETE
744, 1110, 695, 1153, 673, 1222, 676, 1284, 699, 1333, 735, 1392, 813, 1448, 883, 1478, 933, 1508, 993, 1553, 1031, 1598, 1101, 1649, 1012, 1541, 959, 1488, 928, 1466, 860, 1430, 796, 1393, 748, 1353, 719, 1304, 705, 1236, 709, 1185, 735, 1137
]],
"image_id": n2i_-ctl_-05.czi ,
"area": 17017.7614 ,
"bbox": 673 1110 428 539 
 
"id": 0001-1776-1042 ,
"category_id": 0,
"iscrowd": 0,
"segmentation": [[TAGDELETE
1321, 1868, 1297, 1852, 1229, 1824, 1159, 1782, 1091, 1738, 1039, 1720, 972, 1708, 897, 1708, 835, 1697, 764, 1685, 829, 1717, 899, 1732, 996, 1740, 1065, 1758, 1132, 1793, 1187, 1832, 1257, 1849, 1288, 1861
]],
"image_id": n2i_-ctl_-05.czi ,
"area": 10636.4101 ,
"bbox": 764 1685 557 183 
 
"id": 0001-0648-1845 ,
"category_id": 0,
"iscrowd": 0,
"segmentation": [[TAGDELETE
2119, 755, 2101, 719, 2007, 619, 1939, 573, 1872, 550, 1799, 541, 1731, 545, 1664, 555, 1571, 599, 1642, 577, 1731, 567, 1849, 569, 1941, 600, 2007, 650, 2067, 708, 2097, 736
]],
"image_id": n2i_-ctl_-05.czi ,
"area": 9848.2225 ,
"bbox": 1571 541 548 214 
 
"id": 0001-0830-1827 ,
"category_id": 0,
"iscrowd": 0,
"segmentation": [[TAGDELETE
1771, 1011, 1694, 924, 1656, 859, 1651, 807, 1660, 759, 1683, 711, 1718, 678, 1767, 658, 1823, 650, 1880, 652, 1943, 663, 2003, 677, 1920, 678, 1847, 676, 1790, 685, 1740, 701, 1710, 734, 1685, 784, 1686, 835, 1703, 895, 1742, 964
]],
"image_id": n2i_-ctl_-05.czi ,
"area": 12683.5542 ,
"bbox": 1651 650 352 361 
 
"id": 0001-0810-1746 ,
"category_id": 0,
"iscrowd": 0,
"segmentation": [[TAGDELETE
1683, 1047, 1656, 902, 1650, 811, 1658, 771, 1673, 727, 1698, 692, 1740, 663, 1824, 615, 1872, 585, 1873, 574, 1859, 575, 1768, 618, 1694, 664, 1651, 715, 1629, 752, 1619, 811, 1623, 877, 1654, 987
]],
"image_id": n2i_-ctl_-05.czi ,
"area": 11351.2204 ,
"bbox": 1619 574 254 473 
 
"id": 0001-1088-2379 ,
"category_id": 0,
"iscrowd": 0,
"segmentation": [[TAGDELETE
2580, 1228, 2525, 1243, 2477, 1244, 2429, 1236, 2387, 1215, 2353, 1187, 2317, 1148, 2287, 1090, 2267, 1036, 2243, 1005, 2202, 966, 2179, 932, 2207, 950, 2259, 991, 2283, 1018, 2307, 1060, 2325, 1113, 2363, 1165, 2408, 1204, 2467, 1224, 2547, 1228
]],
"image_id": n2i_-ctl_-05.czi ,
"area": 8923.1739 ,
"bbox": 2179 932 401 312 
 
