"id": 0001-0384-1893 ,
"category_id": 0,
"iscrowd": 0,
"segmentation": [[TAGDELETE
1929, 193, 1836, 230, 1760, 286, 1720, 344, 1706, 409, 1717, 471, 1758, 524, 1810, 565, 1880, 575, 1956, 565, 2022, 520, 2060, 484, 2080, 466, 2080, 450, 2048, 480, 1963, 526, 1874, 538, 1822, 524, 1770, 482, 1749, 426, 1752, 376, 1772, 328, 1844, 268, 1916, 223, 1934, 201
]],
"image_id": n2i_-ctl_.czi ,
"area": 21370.1069 ,
"bbox": 1706 193 374 382 
 
"id": 0001-0963-2392 ,
"category_id": 0,
"iscrowd": 0,
"segmentation": [[TAGDELETE
2484, 827, 2366, 849, 2294, 889, 2249, 945, 2248, 1007, 2284, 1049, 2328, 1081, 2380, 1099, 2536, 1080, 2454, 1067, 2380, 1065, 2333, 1048, 2300, 1019, 2284, 975, 2292, 939, 2342, 896, 2414, 867, 2476, 845
]],
"image_id": n2i_-ctl_.czi ,
"area": 13974.6648 ,
"bbox": 2248 827 288 272 
 
"id": 0001-1694-2143 ,
"category_id": 0,
"iscrowd": 0,
"segmentation": [[TAGDELETE
2293, 1802, 2155, 1827, 2084, 1823, 2035, 1796, 1999, 1746, 1994, 1698, 2008, 1651, 2043, 1609, 2089, 1580, 2180, 1564, 2224, 1562, 2149, 1594, 2094, 1617, 2055, 1644, 2032, 1676, 2032, 1721, 2050, 1762, 2088, 1787, 2129, 1799, 2227, 1798
]],
"image_id": n2i_-ctl_.czi ,
"area": 13540.1723 ,
"bbox": 1994 1562 299 265 
 
"id": 0001-1363-1519 ,
"category_id": 0,
"iscrowd": 0,
"segmentation": [[TAGDELETE
1618, 1560, 1533, 1550, 1481, 1549, 1407, 1523, 1371, 1483, 1352, 1419, 1351, 1343, 1357, 1271, 1390, 1216, 1447, 1182, 1499, 1167, 1573, 1173, 1632, 1196, 1688, 1215, 1567, 1194, 1487, 1205, 1435, 1232, 1396, 1271, 1385, 1338, 1387, 1399, 1405, 1459, 1435, 1491, 1482, 1511, 1545, 1528, 1580, 1533
]],
"image_id": n2i_-ctl_.czi ,
"area": 19891.0185 ,
"bbox": 1351 1167 337 393 
 
"id": 0001-1436-1104 ,
"category_id": 0,
"iscrowd": 0,
"segmentation": [[TAGDELETE
1364, 1516, 1345, 1512, 1312, 1516, 1260, 1531, 1211, 1536, 1159, 1534, 1095, 1513, 1028, 1482, 960, 1428, 900, 1366, 844, 1308, 906, 1402, 981, 1484, 1035, 1524, 1092, 1547, 1156, 1564, 1236, 1564, 1294, 1545, 1352, 1526
]],
"image_id": n2i_-ctl_.czi ,
"area": 12150.126 ,
"bbox": 844 1308 520 256 
 
"id": 0001-1885-0843 ,
"category_id": 0,
"iscrowd": 0,
"segmentation": [[TAGDELETE
600, 1620, 654, 1741, 682, 1800, 758, 1914, 811, 1979, 882, 2059, 928, 2095, 1031, 2129, 1086, 2150, 1032, 2105, 946, 2069, 875, 2000, 785, 1903, 725, 1802, 666, 1706, 625, 1645
]],
"image_id": n2i_-ctl_.czi ,
"area": 16599.7582 ,
"bbox": 600 1620 486 530 
 
"id": 0001-1222-0365 ,
"category_id": 0,
"iscrowd": 0,
"segmentation": [[TAGDELETE
93, 1391, 128, 1367, 172, 1313, 202, 1257, 225, 1205, 240, 1169, 270, 1146, 310, 1123, 370, 1109, 496, 1096, 553, 1085, 607, 1069, 638, 1053, 553, 1058, 476, 1061, 414, 1069, 357, 1079, 310, 1088, 270, 1105, 242, 1125, 209, 1159, 181, 1227, 157, 1281, 116, 1352, 97, 1375
]],
"image_id": n2i_-ctl_.czi ,
"area": 16423.3229 ,
"bbox": 93 1053 545 338 