"id": 0001-0421-1602 ,
"category_id": 0,
"iscrowd": 0,
"segmentation": [[TAGDELETE
1474, 428, 1484, 544, 1500, 574, 1542, 597, 1598, 584, 1646, 546, 1678, 496, 1697, 448, 1708, 374, 1729, 289, 1730, 246, 1692, 353, 1661, 466, 1637, 504, 1610, 542, 1584, 562, 1554, 569, 1529, 564, 1512, 545, 1488, 458
]],
"image_id": n2i_50um_-11.czi ,
"area": 10715.5586 ,
"bbox": 1474 246 256 351 
 
"id": 0001-0897-1986 ,
"category_id": 0,
"iscrowd": 0,
"segmentation": [[TAGDELETE
1789, 873, 1826, 944, 1874, 1006, 1917, 1030, 1976, 1046, 2036, 1042, 2080, 1020, 2128, 969, 2157, 906, 2174, 853, 2184, 749, 2157, 798, 2136, 866, 2109, 936, 2080, 972, 2037, 998, 1996, 1010, 1949, 1008, 1902, 990, 1862, 953, 1825, 910
]],
"image_id": n2i_50um_-11.czi ,
"area": 14558.3853 ,
"bbox": 1789 749 395 297 
 
"id": 0001-1060-1429 ,
"category_id": 0,
"iscrowd": 0,
"segmentation": [[TAGDELETE
1217, 1008, 1249, 1071, 1306, 1132, 1358, 1174, 1413, 1201, 1465, 1202, 1545, 1180, 1590, 1149, 1623, 1086, 1639, 1031, 1642, 984, 1638, 918, 1616, 991, 1602, 1066, 1587, 1101, 1558, 1132, 1534, 1152, 1496, 1169, 1465, 1172, 1432, 1167, 1396, 1160, 1356, 1135, 1305, 1093, 1262, 1042
]],
"image_id": n2i_50um_-11.czi ,
"area": 14400.9127 ,
"bbox": 1217 918 425 284 
 
"id": 0001-1188-2335 ,
"category_id": 0,
"iscrowd": 0,
"segmentation": [[TAGDELETE
2575, 980, 2568, 1101, 2553, 1190, 2524, 1257, 2493, 1300, 2447, 1345, 2398, 1375, 2343, 1394, 2289, 1397, 2224, 1375, 2151, 1323, 2096, 1265, 2166, 1304, 2237, 1342, 2299, 1360, 2347, 1358, 2397, 1339, 2458, 1292, 2502, 1235, 2532, 1153, 2551, 1066, 2568, 1011
]],
"image_id": n2i_50um_-11.czi ,
"area": 17040.022 ,
"bbox": 2096 980 479 417 
 
"id": 0001-1073-0429 ,
"category_id": 0,
"iscrowd": 0,
"segmentation": [[TAGDELETE
219, 887, 307, 1049, 351, 1138, 385, 1182, 432, 1213, 492, 1227, 555, 1238, 599, 1246, 640, 1259, 552, 1258, 488, 1249, 427, 1231, 381, 1213, 349, 1186, 300, 1101, 244, 974
]],
"image_id": n2i_50um_-11.czi ,
"area": 10497.9001 ,
"bbox": 219 887 421 372 
 
"id": 0001-1584-0255 ,
"category_id": 0,
"iscrowd": 0,
"segmentation": [[TAGDELETE
349, 1364, 244, 1403, 192, 1438, 153, 1503, 149, 1552, 152, 1622, 180, 1718, 215, 1771, 245, 1794, 292, 1804, 343, 1804, 361, 1798, 280, 1779, 243, 1759, 219, 1735, 204, 1698, 180, 1596, 183, 1515, 199, 1478, 236, 1436, 317, 1395
]],
"image_id": n2i_50um_-11.czi ,
"area": 13388.4709 ,
"bbox": 149 1364 212 440 
 
