"id": 0001-0803-2346 ,
"category_id": 0,
"iscrowd": 0,
"segmentation": [[TAGDELETE
2313, 926, 2360, 870, 2409, 836, 2427, 818, 2436, 778, 2433, 749, 2409, 721, 2384, 711, 2358, 710, 2328, 722, 2299, 753, 2274, 803, 2248, 857, 2227, 893, 2224, 877, 2242, 830, 2252, 805, 2252, 785, 2282, 727, 2319, 695, 2348, 683, 2377, 681, 2408, 688, 2436, 706, 2456, 727, 2468, 763, 2465, 797, 2454, 825, 2431, 849, 2392, 871, 2340, 905
]],
"image_id": n2i_50um_-15.czi ,
"area": 11390.7946 ,
"bbox": 2224 681 244 245 
 
"id": 0001-1204-1870 ,
"category_id": 0,
"iscrowd": 0,
"segmentation": [[TAGDELETE
2193, 1244, 2148, 1262, 1984, 1280, 1917, 1283, 1746, 1248, 1679, 1229, 1547, 1125, 1601, 1148, 1672, 1197, 1752, 1218, 1869, 1243, 1929, 1250, 2008, 1242, 2102, 1241, 2171, 1242
]],
"image_id": n2i_50um_-15.czi ,
"area": 14274.7697 ,
"bbox": 1547 1125 646 158 
 
"id": 0001-0650-1347 ,
"category_id": 0,
"iscrowd": 0,
"segmentation": [[TAGDELETE
1244, 372, 1339, 502, 1391, 600, 1421, 690, 1421, 760, 1416, 820, 1397, 877, 1396, 929, 1412, 882, 1437, 828, 1451, 760, 1451, 705, 1437, 657, 1417, 586, 1391, 532, 1349, 477
]],
"image_id": n2i_50um_-15.czi ,
"area": 10957.951 ,
"bbox": 1244 372 207 557 
 
"id": 0001-0705-1496 ,
"category_id": 0,
"iscrowd": 0,
"segmentation": [[TAGDELETE
1519, 457, 1604, 581, 1647, 664, 1660, 709, 1656, 760, 1640, 802, 1600, 860, 1544, 898, 1457, 936, 1369, 953, 1332, 949, 1379, 934, 1476, 897, 1552, 860, 1576, 840, 1612, 789, 1633, 745, 1628, 716, 1607, 652, 1531, 496
]],
"image_id": n2i_50um_-15.czi ,
"area": 14741.4163 ,
"bbox": 1332 457 328 496 
 
"id": 0001-1083-0713 ,
"category_id": 0,
"iscrowd": 0,
"segmentation": [[TAGDELETE
524, 847, 670, 943, 762, 1052, 822, 1139, 863, 1213, 902, 1320, 802, 1163, 727, 1040, 670, 976, 608, 925
]],
"image_id": n2i_50um_-15.czi ,
"area": 9722.904 ,
"bbox": 524 847 378 473 
 
"id": 0001-1698-1019 ,
"category_id": 0,
"iscrowd": 0,
"segmentation": [[TAGDELETE
1332, 1925, 1074, 1741, 831, 1566, 706, 1472, 802, 1584, 956, 1714, 1118, 1825, 1294, 1918
]],
"image_id": n2i_50um_-15.czi ,
"area": 20697.3443 ,
"bbox": 706 1472 626 453 
 
"id": 0001-1461-0877 ,
"category_id": 0,
"iscrowd": 0,
"segmentation": [[TAGDELETE
612, 1288, 800, 1421, 927, 1512, 1143, 1634, 922, 1530, 734, 1413
]],
"image_id": n2i_50um_-15.czi ,
"area": 8546.3938 ,
"bbox": 612 1288 531 346 
 
"id": 0001-1401-1119 ,
"category_id": 0,
"iscrowd": 0,
"segmentation": [[TAGDELETE
824, 1293, 912, 1322, 988, 1364, 1068, 1430, 1123, 1465, 1186, 1473, 1262, 1469, 1308, 1456, 1415, 1436, 1320, 1478, 1262, 1497, 1187, 1510, 1115, 1490, 1070, 1464, 995, 1405, 926, 1357, 858, 1313
]],
"image_id": n2i_50um_-15.czi ,
"area": 12394.9918 ,
"bbox": 824 1293 591 217 
 
"id": 0001-1723-0354 ,
"category_id": 0,
"iscrowd": 0,
"segmentation": [[TAGDELETE
549, 1956, 504, 1838, 437, 1744, 383, 1683, 259, 1583, 160, 1491, 220, 1571, 359, 1698, 421, 1764, 480, 1851, 532, 1944
]],
"image_id": n2i_50um_-15.czi ,
"area": 10135.9604 ,
"bbox": 160 1491 389 465 
 
