"id": 0001-0602-1559 ,
"category_id": 0,
"iscrowd": 0,
"segmentation": [[TAGDELETE
1376, 230, 1392, 412, 1410, 502, 1508, 708, 1642, 888, 1698, 950, 1742, 974, 1678, 890, 1542, 700, 1448, 508, 1406, 320
]],
"image_id": n2i_DMSO_-07.czi ,
"area": 19126.7403 ,
"bbox": 1376 230 366 744 
 
"id": 0001-2006-1590 ,
"category_id": 0,
"iscrowd": 0,
"segmentation": [[TAGDELETE
1302, 1922, 1474, 1961, 1714, 2038, 1895, 2090, 1689, 2059, 1434, 1981, 1330, 1953, 1286, 1933
]],
"image_id": n2i_DMSO_-07.czi ,
"area": 11759.33 ,
"bbox": 1286 1922 609 168 
 
"id": 0001-1919-1928 ,
"category_id": 0,
"iscrowd": 0,
"segmentation": [[TAGDELETE
1615, 1961, 1814, 1965, 2010, 1947, 2138, 1922, 2215, 1894, 2241, 1873, 2167, 1897, 1931, 1933, 1663, 1953
]],
"image_id": n2i_DMSO_-07.czi ,
"area": 9417.0278 ,
"bbox": 1615 1873 626 92 
 
