"id": 0001-1415-1770 ,
"category_id": 0,
"iscrowd": 0,
"segmentation": [[TAGDELETE
1384, 1334, 1452, 1319, 1783, 1376, 1986, 1435, 2156, 1512, 1834, 1433, 1670, 1410, 1483, 1356
]],
"image_id": n2u_DMSO_-15.czi ,
"area": 22270.4216 ,
"bbox": 1384 1319 772 193 
 
"id": 0001-1324-2306 ,
"category_id": 0,
"iscrowd": 0,
"segmentation": [[TAGDELETE
2046, 1091, 2181, 1212, 2314, 1277, 2433, 1317, 2501, 1387, 2537, 1461, 2517, 1557, 2560, 1509, 2566, 1435, 2537, 1379, 2495, 1319, 2419, 1269, 2308, 1223, 2195, 1178
]],
"image_id": n2u_DMSO_-15.czi ,
"area": 20016.337 ,
"bbox": 2046 1091 520 466 
 
"id": 0001-0892-0538 ,
"category_id": 0,
"iscrowd": 0,
"segmentation": [[TAGDELETE
229, 1031, 271, 941, 393, 850, 559, 794, 746, 783, 850, 763, 607, 754, 458, 780, 302, 876, 226, 949
]],
"image_id": n2u_DMSO_-15.czi ,
"area": 17167.8139 ,
"bbox": 226 754 624 277 
 
"id": 0001-0936-0550 ,
"category_id": 0,
"iscrowd": 0,
"segmentation": [[TAGDELETE
203, 1048, 266, 1017, 387, 1017, 486, 1017, 639, 975, 817, 876, 898, 822, 766, 958, 650, 1026, 483, 1051, 325, 1034
]],
"image_id": n2u_DMSO_-15.czi ,
"area": 18977.5124 ,
"bbox": 203 822 695 229 
 
"id": 0001-0641-1283 ,
"category_id": 0,
"iscrowd": 0,
"segmentation": [[TAGDELETE
972, 421, 1110, 576, 1376, 746, 1594, 862, 1495, 743, 1102, 511
]],
"image_id": n2u_DMSO_-15.czi ,
"area": 27584.092 ,
"bbox": 972 421 622 441 
 
