"id": 0001-1536-0777 ,
"category_id": 0,
"iscrowd": 0,
"segmentation": [[TAGDELETE
441, 1441, 718, 1469, 865, 1466, 952, 1464, 1023, 1506, 1068, 1557, 1113, 1659, 1091, 1554, 1060, 1512, 1034, 1475, 955, 1430, 887, 1418, 785, 1433, 658, 1421, 542, 1413
]],
"image_id": n2u_25um_-13.czi ,
"area": 20217.5062 ,
"bbox": 441 1413 672 246 
 
"id": 0001-1572-1353 ,
"category_id": 0,
"iscrowd": 0,
"segmentation": [[TAGDELETE
1000, 1353, 1116, 1478, 1257, 1594, 1503, 1698, 1707, 1791, 1520, 1661, 1424, 1625, 1294, 1562, 1147, 1466
]],
"image_id": n2u_25um_-13.czi ,
"area": 19926.4704 ,
"bbox": 1000 1353 707 438 
 
