"id": 0001-1828-0579 ,
"category_id": 0,
"iscrowd": 0,
"segmentation": [[TAGDELETE
221, 1721, 504, 1821, 756, 1883, 938, 1936, 851, 1930, 520, 1855, 406, 1817, 270, 1754
]],
"image_id": n2u_25um_-15.czi ,
"area": 13531.1032 ,
"bbox": 221 1721 717 215 
 
"id": 0001-1732-0791 ,
"category_id": 0,
"iscrowd": 0,
"segmentation": [[TAGDELETE
1065, 1944, 986, 1815, 875, 1694, 755, 1589, 686, 1535, 634, 1521, 599, 1529, 557, 1546, 517, 1587, 598, 1553, 647, 1555, 706, 1590, 887, 1753, 959, 1830, 1026, 1910
]],
"image_id": n2u_25um_-15.czi ,
"area": 16499.1736 ,
"bbox": 517 1521 548 423 
 
"id": 0001-1603-1185 ,
"category_id": 0,
"iscrowd": 0,
"segmentation": [[TAGDELETE
1276, 1382, 1330, 1564, 1338, 1658, 1308, 1716, 1270, 1750, 1212, 1770, 1158, 1772, 1092, 1768, 1060, 1772, 1020, 1784, 998, 1806, 996, 1824, 1058, 1796, 1190, 1806, 1248, 1798, 1316, 1762, 1364, 1692, 1374, 1626, 1356, 1536, 1316, 1428
]],
"image_id": n2u_25um_-15.czi ,
"area": 17811.7203 ,
"bbox": 996 1382 378 442 
 
"id": 0001-0828-2256 ,
"category_id": 0,
"iscrowd": 0,
"segmentation": [[TAGDELETE
1980, 1094, 2154, 995, 2266, 927, 2374, 786, 2485, 621, 2533, 562, 2465, 703, 2388, 843, 2321, 929, 2276, 967, 2142, 1035, 2024, 1095
]],
"image_id": n2u_25um_-15.czi ,
"area": 19915.7524 ,
"bbox": 1980 562 553 533 
 
"id": 0001-0276-1428 ,
"category_id": 0,
"iscrowd": 0,
"segmentation": [[TAGDELETE
1122, 421, 1190, 431, 1346, 407, 1608, 271, 1734, 121, 1678, 147, 1586, 247, 1486, 305, 1368, 361, 1234, 399, 1183, 404
]],
"image_id": n2u_25um_-15.czi ,
"area": 15470.2425 ,
"bbox": 1122 121 612 310 
 
"id": 0001-0861-0622 ,
"category_id": 0,
"iscrowd": 0,
"segmentation": [[TAGDELETE
831, 676, 803, 841, 776, 936, 733, 980, 672, 1005, 571, 1016, 504, 1013, 451, 1021, 405, 1040, 436, 1047, 491, 1040, 621, 1047, 695, 1032, 751, 1005, 797, 961, 825, 887, 840, 743
]],
"image_id": n2u_25um_-15.czi ,
"area": 14827.1606 ,
"bbox": 405 676 435 371 
 
