"id": 0001-0599-1414 ,
"category_id": 0,
"iscrowd": 0,
"segmentation": [[TAGDELETE
1585, 268, 1438, 350, 1319, 441, 1271, 506, 1243, 585, 1243, 664, 1260, 754, 1319, 870, 1373, 930, 1305, 737, 1291, 664, 1305, 557, 1368, 452, 1520, 342
]],
"image_id": n2u_50um_.czi ,
"area": 26459.5232 ,
"bbox": 1243 268 342 662 
 
"id": 0001-1391-1819 ,
"category_id": 0,
"iscrowd": 0,
"segmentation": [[TAGDELETE
1605, 1698, 1667, 1500, 1687, 1399, 1712, 1345, 1834, 1229, 1950, 1156, 2034, 1085, 2003, 1150, 1907, 1243, 1822, 1303, 1769, 1353, 1721, 1418, 1687, 1565, 1647, 1656
]],
"image_id": n2u_50um_.czi ,
"area": 23324.911 ,
"bbox": 1605 1085 429 613 
 
