"id": 0001-1231-0243 ,
"category_id": 0,
"iscrowd": 0,
"segmentation": [[TAGDELETE
223, 1613, 226, 1546, 251, 1466, 266, 1376, 251, 1235, 235, 1150, 254, 1062, 294, 850, 215, 1014, 192, 1158, 226, 1370, 203, 1546, 203, 1594
]],
"image_id": n2u_-ctl_-09.czi ,
"area": 22427.8942 ,
"bbox": 192 850 102 763 
 
"id": 0001-0353-0785 ,
"category_id": 0,
"iscrowd": 0,
"segmentation": [[TAGDELETE
585, 667, 766, 463, 898, 274, 978, 40, 986, 113, 949, 268, 915, 345, 808, 494, 752, 562, 653, 636
]],
"image_id": n2u_-ctl_-09.czi ,
"area": 25928.5683 ,
"bbox": 585 40 401 627 
 
"id": 0001-0398-0844 ,
"category_id": 0,
"iscrowd": 0,
"segmentation": [[TAGDELETE
644, 754, 774, 624, 882, 494, 986, 364, 1037, 201, 1045, 42, 992, 189, 961, 291, 896, 390, 774, 542, 692, 675
]],
"image_id": n2u_-ctl_-09.czi ,
"area": 27424.146 ,
"bbox": 644 42 401 712 
 
"id": 0001-1726-1224 ,
"category_id": 0,
"iscrowd": 0,
"segmentation": [[TAGDELETE
1384, 1410, 1328, 1500, 1271, 1551, 1221, 1673, 1201, 1783, 1130, 1907, 1065, 2043, 1167, 1918, 1232, 1800, 1269, 1692, 1308, 1574, 1351, 1509
]],
"image_id": n2u_-ctl_-09.czi ,
"area": 18660.9182 ,
"bbox": 1065 1410 319 633 
 
"id": 0001-0380-2304 ,
"category_id": 0,
"iscrowd": 0,
"segmentation": [[TAGDELETE
1986, 220, 2023, 328, 2094, 421, 2150, 455, 2232, 480, 2379, 483, 2501, 489, 2585, 514, 2622, 540, 2571, 483, 2464, 449, 2283, 446, 2198, 438, 2125, 407, 2048, 311
]],
"image_id": n2u_-ctl_-09.czi ,
"area": 17993.9268 ,
"bbox": 1986 220 636 320 
 
"id": 0001-1923-1212 ,
"category_id": 0,
"iscrowd": 0,
"segmentation": [[TAGDELETE
1407, 1950, 1317, 2000, 1243, 2071, 1173, 2111, 1116, 2096, 1082, 2060, 1074, 2015, 1091, 1947, 1139, 1865, 1158, 1803, 1170, 1690, 1130, 1774, 1071, 1887, 1017, 2006, 1034, 2088, 1102, 2156, 1178, 2156, 1260, 2113, 1339, 2032
]],
"image_id": n2u_-ctl_-09.czi ,
"area": 28063.1056 ,
"bbox": 1017 1690 390 466 
 
"id": 0001-1671-0969 ,
"category_id": 0,
"iscrowd": 0,
"segmentation": [[TAGDELETE
740, 1944, 831, 1837, 865, 1789, 921, 1738, 1000, 1692, 1077, 1627, 1122, 1579, 1167, 1486, 1181, 1427, 1190, 1399, 1198, 1461, 1173, 1546, 1144, 1596, 1079, 1661, 1020, 1715, 932, 1766, 862, 1834, 788, 1910
]],
"image_id": n2u_-ctl_-09.czi ,
"area": 14400.0882 ,
"bbox": 740 1399 458 545 
 
"id": 0001-1695-1018 ,
"category_id": 0,
"iscrowd": 0,
"segmentation": [[TAGDELETE
791, 1955, 901, 1859, 980, 1791, 1037, 1732, 1105, 1647, 1170, 1591, 1212, 1529, 1246, 1435, 1240, 1512, 1212, 1588, 1158, 1647, 1091, 1715, 1017, 1805, 932, 1870
]],
"image_id": n2u_-ctl_-09.czi ,
"area": 14780.1661 ,
"bbox": 791 1435 455 520 
 
