"id": 0001-1822-1094 ,
"category_id": 0,
"iscrowd": 0,
"segmentation": [[TAGDELETE
1085, 2119, 941, 1958, 915, 1918, 901, 1856, 918, 1789, 947, 1738, 1026, 1681, 1184, 1579, 1288, 1526, 1153, 1639, 1009, 1746, 966, 1797, 955, 1851, 969, 1907, 1062, 2040, 1079, 2094
]],
"image_id": n2u_50um_-09.czi ,
"area": 24857.5896 ,
"bbox": 901 1526 387 593 
 
"id": 0001-1066-2226 ,
"category_id": 0,
"iscrowd": 0,
"segmentation": [[TAGDELETE
2529, 1325, 2436, 1240, 2294, 1144, 2128, 1006, 1924, 808, 2063, 995, 2159, 1088, 2306, 1201, 2489, 1303
]],
"image_id": n2u_50um_-09.czi ,
"area": 19124.2669 ,
"bbox": 1924 808 605 517 
 
"id": 0001-0829-1528 ,
"category_id": 0,
"iscrowd": 0,
"segmentation": [[TAGDELETE
1150, 622, 1373, 672, 1486, 709, 1659, 831, 1907, 1037, 1656, 882, 1478, 757, 1325, 689, 1198, 644
]],
"image_id": n2u_50um_-09.czi ,
"area": 20779.7907 ,
"bbox": 1150 622 757 415 
 
"id": 0001-0613-1181 ,
"category_id": 0,
"iscrowd": 0,
"segmentation": [[TAGDELETE
1557, 687, 1359, 607, 1260, 571, 1125, 551, 969, 545, 805, 540, 876, 574, 1057, 588, 1181, 602, 1325, 641, 1444, 684
]],
"image_id": n2u_50um_-09.czi ,
"area": 22814.5678 ,
"bbox": 805 540 752 147 
 
"id": 0001-0531-0894 ,
"category_id": 0,
"iscrowd": 0,
"segmentation": [[TAGDELETE
1037, 879, 921, 692, 839, 596, 817, 554, 794, 449, 785, 308, 785, 184, 763, 223, 752, 384, 752, 509, 825, 630, 955, 797
]],
"image_id": n2u_50um_-09.czi ,
"area": 19517.5363 ,
"bbox": 752 184 285 695 
 
"id": 0001-0805-0748 ,
"category_id": 0,
"iscrowd": 0,
"segmentation": [[TAGDELETE
672, 415, 695, 644, 701, 834, 706, 949, 749, 1057, 825, 1195, 769, 995, 752, 898, 732, 630, 712, 520
]],
"image_id": n2u_50um_-09.czi ,
"area": 22167.3636 ,
"bbox": 672 415 153 780 
 
"id": 0001-0410-0667 ,
"category_id": 0,
"iscrowd": 0,
"segmentation": [[TAGDELETE
469, 769, 559, 424, 627, 294, 740, 158, 865, 51, 825, 124, 706, 263, 639, 359, 593, 461, 520, 664
]],
"image_id": n2u_50um_-09.czi ,
"area": 22370.1817 ,
"bbox": 469 51 396 718 
 
