"id": 0001-0799-0395 ,
"category_id": 0,
"iscrowd": 0,
"segmentation": [[TAGDELETE
458, 415, 466, 557, 455, 675, 370, 834, 331, 947, 314, 1079, 277, 1184, 345, 1082, 379, 938, 458, 766, 514, 622, 511, 551, 475, 435
]],
"image_id": n2u_DMSO_-08.czi ,
"area": 24724.0264 ,
"bbox": 277 415 237 769 
 
"id": 0001-1308-0441 ,
"category_id": 0,
"iscrowd": 0,
"segmentation": [[TAGDELETE
523, 879, 506, 1136, 427, 1314, 373, 1435, 342, 1738, 413, 1489, 449, 1359, 540, 1190, 537, 980
]],
"image_id": n2u_DMSO_-08.czi ,
"area": 23277.0921 ,
"bbox": 342 879 198 859 
 
"id": 0001-0296-1032 ,
"category_id": 0,
"iscrowd": 0,
"segmentation": [[TAGDELETE
771, 562, 839, 314, 901, 155, 1000, 79, 1147, 54, 1294, 31, 1218, 85, 1068, 99, 978, 147, 921, 237, 831, 475
]],
"image_id": n2u_DMSO_-08.czi ,
"area": 25924.446 ,
"bbox": 771 31 523 531 
 
"id": 0001-1167-2129 ,
"category_id": 0,
"iscrowd": 0,
"segmentation": [[TAGDELETE
1766, 1348, 1916, 1141, 1995, 1045, 2130, 992, 2249, 986, 2356, 1020, 2492, 1062, 2272, 1034, 2147, 1037, 2046, 1065, 1944, 1167, 1828, 1303
]],
"image_id": n2u_DMSO_-08.czi ,
"area": 23384.2724 ,
"bbox": 1766 986 726 362 
 
"id": 0001-1446-2016 ,
"category_id": 0,
"iscrowd": 0,
"segmentation": [[TAGDELETE
1947, 1825, 1967, 1661, 1950, 1512, 1992, 1288, 2040, 1161, 2063, 1122, 2085, 1068, 2054, 1206, 1992, 1466, 1989, 1684, 1981, 1757
]],
"image_id": n2u_DMSO_-08.czi ,
"area": 17847.9967 ,
"bbox": 1947 1068 138 757 
 
"id": 0001-1883-0900 ,
"category_id": 0,
"iscrowd": 0,
"segmentation": [[TAGDELETE
687, 1704, 842, 1636, 958, 1644, 1020, 1675, 1057, 1738, 1057, 1845, 1057, 1958, 1068, 2054, 1113, 2130, 1079, 2116, 1028, 2032, 1014, 1876, 1012, 1763, 992, 1712, 944, 1670, 867, 1673, 763, 1701
]],
"image_id": n2u_DMSO_-08.czi ,
"area": 22332.2564 ,
"bbox": 687 1636 426 494 
 
