"id": 0001-1147-0337 ,
"category_id": 0,
"iscrowd": 0,
"segmentation": [[TAGDELETE
601, 856, 349, 942, 225, 1008, 133, 1104, 81, 1220, 73, 1310, 77, 1438, 119, 1260, 149, 1168, 243, 1056, 419, 964, 551, 896
]],
"image_id": n2u_25um_-09.czi ,
"area": 26612.8735 ,
"bbox": 73 856 528 582 
 
"id": 0001-1165-1296 ,
"category_id": 0,
"iscrowd": 0,
"segmentation": [[TAGDELETE
1269, 794, 1325, 820, 1355, 870, 1355, 936, 1309, 1030, 1285, 1148, 1281, 1280, 1293, 1398, 1323, 1536, 1275, 1432, 1237, 1324, 1237, 1178, 1263, 1044, 1301, 954, 1321, 874, 1301, 836
]],
"image_id": n2u_25um_-09.czi ,
"area": 22464.1706 ,
"bbox": 1237 794 118 742 
 
"id": 0001-1395-1140 ,
"category_id": 0,
"iscrowd": 0,
"segmentation": [[TAGDELETE
875, 1058, 1011, 1204, 1169, 1404, 1293, 1574, 1405, 1732, 1365, 1632, 1285, 1488, 1221, 1390, 1143, 1288, 1059, 1198, 969, 1120
]],
"image_id": n2u_25um_-09.czi ,
"area": 24675.3831 ,
"bbox": 875 1058 530 674 
 
"id": 0001-1634-0798 ,
"category_id": 0,
"iscrowd": 0,
"segmentation": [[TAGDELETE
437, 1792, 721, 1740, 889, 1680, 1031, 1588, 1159, 1462, 1133, 1526, 965, 1688, 883, 1738, 725, 1792, 535, 1806
]],
"image_id": n2u_25um_-09.czi ,
"area": 24907.0574 ,
"bbox": 437 1462 722 344 
 
"id": 0001-0378-0856 ,
"category_id": 0,
"iscrowd": 0,
"segmentation": [[TAGDELETE
649, 220, 598, 305, 598, 345, 623, 415, 672, 475, 751, 520, 807, 537, 859, 525, 923, 490, 1043, 397, 1115, 327, 995, 396, 868, 477, 834, 492, 803, 493, 754, 480, 679, 432, 651, 399, 633, 352, 629, 317, 652, 245
]],
"image_id": n2u_25um_-09.czi ,
"area": 19477.962 ,
"bbox": 598 220 517 317 
 
"id": 0001-1146-2416 ,
"category_id": 0,
"iscrowd": 0,
"segmentation": [[TAGDELETE
2595, 1149, 2546, 1156, 2503, 1178, 2465, 1210, 2422, 1238, 2375, 1251, 2319, 1240, 2288, 1212, 2277, 1174, 2278, 1142, 2316, 1093, 2358, 1058, 2402, 1027, 2507, 1009, 2449, 1001, 2399, 1006, 2321, 1042, 2263, 1095, 2238, 1146, 2245, 1195, 2265, 1238, 2306, 1275, 2363, 1291, 2433, 1274, 2489, 1243, 2517, 1204, 2549, 1178, 2585, 1167
]],
"image_id": n2u_25um_-09.czi ,
"area": 18781.2899 ,
"bbox": 2238 1001 357 290 
 
"id": 0001-0670-2590 ,
"category_id": 0,
"iscrowd": 0,
"segmentation": [[TAGDELETE
2549, 354, 2649, 532, 2696, 656, 2708, 775, 2684, 856, 2638, 919, 2553, 955, 2472, 987, 2546, 928, 2588, 907, 2654, 850, 2666, 765, 2660, 678, 2621, 568, 2599, 485, 2561, 407
]],
"image_id": n2u_25um_-09.czi ,
"area": 18591.6632 ,
"bbox": 2472 354 236 633 
 
