"id": 0001-0730-0981 ,
"category_id": 0,
"iscrowd": 0,
"segmentation": [[TAGDELETE
593, 687, 817, 670, 913, 695, 1122, 749, 1255, 737, 1370, 737, 1235, 791, 1139, 791, 1000, 777, 879, 726, 698, 704
]],
"image_id": n2u_DMSO_-11.czi ,
"area": 24279.6403 ,
"bbox": 593 670 777 121 
 
"id": 0001-1185-1551 ,
"category_id": 0,
"iscrowd": 0,
"segmentation": [[TAGDELETE
1277, 1319, 1594, 1387, 1692, 1368, 1769, 1308, 1805, 1206, 1825, 1093, 1814, 983, 1763, 1198, 1732, 1280, 1684, 1314, 1630, 1331, 1582, 1331, 1486, 1308, 1328, 1294, 1280, 1297
]],
"image_id": n2u_DMSO_-11.czi ,
"area": 27887.4948 ,
"bbox": 1277 983 548 404 
 
"id": 0001-1105-1380 ,
"category_id": 0,
"iscrowd": 0,
"segmentation": [[TAGDELETE
1028, 879, 1269, 941, 1384, 1023, 1455, 1127, 1503, 1206, 1548, 1274, 1594, 1297, 1667, 1291, 1732, 1283, 1690, 1311, 1616, 1331, 1531, 1325, 1472, 1283, 1396, 1133, 1317, 1045, 1110, 932
]],
"image_id": n2u_DMSO_-11.czi ,
"area": 33923.3957 ,
"bbox": 1028 879 704 452 
 
"id": 0001-2044-0746 ,
"category_id": 0,
"iscrowd": 0,
"segmentation": [[TAGDELETE
362, 2043, 469, 2037, 588, 2060, 715, 2043, 836, 2009, 924, 1998, 1130, 2046, 1082, 2060, 961, 2051, 890, 2040, 740, 2080, 605, 2091, 458, 2071
]],
"image_id": n2u_DMSO_-11.czi ,
"area": 21298.3785 ,
"bbox": 362 1998 768 93 
 
"id": 0001-0195-2242 ,
"category_id": 0,
"iscrowd": 0,
"segmentation": [[TAGDELETE
1879, 42, 1989, 153, 2128, 215, 2272, 235, 2390, 246, 2489, 311, 2560, 348, 2605, 348, 2424, 220, 2317, 184, 2156, 172, 1961, 88
]],
"image_id": n2u_DMSO_-11.czi ,
"area": 25846.9464 ,
"bbox": 1879 42 726 306 
 
