"id": 0001-0642-1119 ,
"category_id": 0,
"iscrowd": 0,
"segmentation": [[TAGDELETE
1103, 1032, 1059, 836, 1051, 750, 1071, 628, 1099, 530, 1143, 434, 1159, 354, 1165, 252, 1187, 376, 1179, 424, 1131, 552, 1099, 674, 1085, 792, 1109, 940
]],
"image_id": n2u_DMSO_-03.czi ,
"area": 18824.162 ,
"bbox": 1051 252 136 780 
 
"id": 0001-0830-2102 ,
"category_id": 0,
"iscrowd": 0,
"segmentation": [[TAGDELETE
1792, 1120, 1884, 1022, 1956, 972, 2048, 864, 2198, 716, 2328, 632, 2412, 540, 2330, 664, 2182, 782, 2034, 948, 1924, 1038, 1852, 1082
]],
"image_id": n2u_DMSO_-03.czi ,
"area": 21339.6017 ,
"bbox": 1792 540 620 580 
 
"id": 0001-1119-2105 ,
"category_id": 0,
"iscrowd": 0,
"segmentation": [[TAGDELETE
1978, 1492, 2012, 1284, 2124, 1062, 2186, 872, 2206, 766, 2222, 746, 2232, 806, 2168, 1046, 2064, 1252, 1998, 1456
]],
"image_id": n2u_DMSO_-03.czi ,
"area": 18836.529 ,
"bbox": 1978 746 254 746 
 
"id": 0001-1026-1571 ,
"category_id": 0,
"iscrowd": 0,
"segmentation": [[TAGDELETE
1556, 1464, 1558, 1104, 1566, 992, 1566, 904, 1532, 696, 1548, 588, 1564, 680, 1608, 872, 1610, 990, 1604, 1164, 1592, 1352, 1566, 1438
]],
"image_id": n2u_DMSO_-03.czi ,
"area": 26524.6558 ,
"bbox": 1532 588 78 876 
 
"id": 0001-1636-1682 ,
"category_id": 0,
"iscrowd": 0,
"segmentation": [[TAGDELETE
1616, 1266, 1694, 1388, 1726, 1472, 1736, 1564, 1748, 1684, 1748, 1820, 1732, 1940, 1702, 2006, 1712, 1756, 1700, 1514, 1676, 1440, 1618, 1308
]],
"image_id": n2u_DMSO_-03.czi ,
"area": 19670.0621 ,
"bbox": 1616 1266 132 740 
 
"id": 0001-1724-0861 ,
"category_id": 0,
"iscrowd": 0,
"segmentation": [[TAGDELETE
537, 1950, 659, 1934, 713, 1916, 779, 1868, 833, 1812, 1041, 1684, 1117, 1614, 1185, 1498, 1093, 1588, 1045, 1636, 833, 1758, 761, 1830, 697, 1880, 585, 1920
]],
"image_id": n2u_DMSO_-03.czi ,
"area": 22350.3946 ,
"bbox": 537 1498 648 452 
 
