"id": 0001-1485-1976 ,
"category_id": 0,
"iscrowd": 0,
"segmentation": [[TAGDELETE
1724, 1837, 1718, 1772, 1834, 1548, 2017, 1317, 2235, 1133, 1972, 1478, 1865, 1594, 1746, 1791
]],
"image_id": n2u_-ctl_-14.czi ,
"area": 31398.887 ,
"bbox": 1718 1133 517 704 
 
"id": 0001-0888-2438 ,
"category_id": 0,
"iscrowd": 0,
"segmentation": [[TAGDELETE
2300, 1226, 2404, 941, 2472, 808, 2529, 735, 2534, 667, 2503, 551, 2554, 607, 2577, 670, 2577, 735, 2537, 800, 2484, 879, 2427, 997, 2356, 1158, 2337, 1190
]],
"image_id": n2u_-ctl_-14.czi ,
"area": 22424.5963 ,
"bbox": 2300 551 277 675 
 
"id": 0001-1276-0888 ,
"category_id": 0,
"iscrowd": 0,
"segmentation": [[TAGDELETE
716, 1568, 793, 1308, 822, 1209, 860, 1147, 949, 1052, 988, 1023, 1061, 984, 949, 1103, 869, 1208, 822, 1375, 806, 1444, 756, 1539, 737, 1559
]],
"image_id": n2u_-ctl_-14.czi ,
"area": 21306.6232 ,
"bbox": 716 984 345 584 
 
"id": 0001-1017-1025 ,
"category_id": 0,
"iscrowd": 0,
"segmentation": [[TAGDELETE
653, 1151, 672, 1104, 729, 1036, 812, 980, 886, 959, 969, 953, 1052, 933, 1169, 891, 1228, 883, 1326, 892, 1397, 889, 1293, 919, 1260, 919, 1210, 927, 1116, 965, 1052, 985, 993, 997, 921, 1007, 868, 1012, 804, 1039, 742, 1084, 705, 1113, 677, 1140
]],
"image_id": n2u_-ctl_-14.czi ,
"area": 26699.4422 ,
"bbox": 653 883 744 268 
 
