"id": 0001-1718-1509 ,
"category_id": 0,
"iscrowd": 0,
"segmentation": [[TAGDELETE
1294, 1421, 1396, 1517, 1512, 1560, 1608, 1616, 1653, 1701, 1673, 1933, 1687, 2015, 1724, 1780, 1704, 1690, 1661, 1591, 1605, 1540, 1418, 1469
]],
"image_id": n2u_-ctl_-15.czi ,
"area": 29792.0066 ,
"bbox": 1294 1421 430 594 
 
"id": 0001-0340-1236 ,
"category_id": 0,
"iscrowd": 0,
"segmentation": [[TAGDELETE
938, 605, 1065, 421, 1238, 254, 1435, 127, 1534, 76, 1452, 167, 1294, 288, 1077, 483, 1003, 562
]],
"image_id": n2u_-ctl_-15.czi ,
"area": 28886.7452 ,
"bbox": 938 76 596 529 
 
"id": 0001-1261-0932 ,
"category_id": 0,
"iscrowd": 0,
"segmentation": [[TAGDELETE
842, 1554, 819, 1503, 879, 1311, 932, 1153, 947, 1065, 1045, 969, 989, 1065, 938, 1294, 879, 1418, 859, 1523
]],
"image_id": n2u_-ctl_-15.czi ,
"area": 17984.8577 ,
"bbox": 819 969 226 585 
 
