"id": 0001-1002-2510 ,
"category_id": 0,
"iscrowd": 0,
"segmentation": [[TAGDELETE
2339, 924, 2402, 808, 2495, 766, 2582, 774, 2656, 839, 2681, 901, 2681, 952, 2670, 1012, 2619, 1093, 2566, 1161, 2458, 1238, 2591, 1057, 2645, 963, 2639, 918, 2608, 865, 2557, 814, 2509, 811, 2444, 831, 2396, 867, 2376, 901
]],
"image_id": n2u_25um_-07.czi ,
"area": 25605.3784 ,
"bbox": 2339 766 342 472 
 
"id": 0001-0519-0255 ,
"category_id": 0,
"iscrowd": 0,
"segmentation": [[TAGDELETE
129, 230, 300, 378, 337, 423, 359, 463, 367, 500, 358, 538, 342, 584, 312, 629, 267, 670, 154, 749, 113, 783, 90, 808, 133, 796, 241, 746, 311, 696, 370, 641, 398, 586, 417, 534, 420, 484, 412, 455, 384, 401, 335, 350, 274, 304, 198, 266, 167, 244
]],
"image_id": n2u_25um_-07.czi ,
"area": 27877.6012 ,
"bbox": 90 230 330 578 
 
"id": 0001-1595-2021 ,
"category_id": 0,
"iscrowd": 0,
"segmentation": [[TAGDELETE
2125, 1253, 2173, 1344, 2210, 1442, 2213, 1572, 2188, 1684, 2128, 1777, 2040, 1852, 1937, 1901, 1830, 1938, 1990, 1838, 2104, 1737, 2160, 1617, 2168, 1506, 2152, 1378, 2136, 1305
]],
"image_id": n2u_25um_-07.czi ,
"area": 25414.1028 ,
"bbox": 1830 1253 383 685 
 
"id": 0001-1810-1738 ,
"category_id": 0,
"iscrowd": 0,
"segmentation": [[TAGDELETE
1348, 1937, 1548, 1811, 1774, 1731, 1966, 1703, 2129, 1683, 2114, 1706, 1921, 1749, 1738, 1797, 1572, 1849, 1470, 1890, 1374, 1929
]],
"image_id": n2u_25um_-07.czi ,
"area": 24315.9168 ,
"bbox": 1348 1683 781 254 
 
