 "id": 0001-0278-2065 ,
"category_id": 0,
"iscrowd": 0,
"segmentation": [[TAGDELETE
1671, 448, 1714, 424, 1786, 403, 1894, 383, 2092, 316, 2220, 267, 2364, 169, 2459, 109, 2272, 288, 2022, 393, 1839, 431, 1708, 447
]],
"image_id": n2u_DMSO_-02.czi ,
"area": 24430.5172 ,
"bbox": 1671 109 788 339 
 
"id": 0001-0985-2170 ,
"category_id": 0,
"iscrowd": 0,
"segmentation": [[TAGDELETE
1944, 626, 1986, 714, 2022, 900, 2080, 1014, 2200, 1156, 2312, 1280, 2396, 1344, 2186, 1082, 2094, 960, 2038, 838, 2010, 692, 1974, 644
]],
"image_id": n2u_DMSO_-02.czi ,
"area": 21436.8885 ,
"bbox": 1944 626 452 718 
 
"id": 0001-1293-2054 ,
"category_id": 0,
"iscrowd": 0,
"segmentation": [[TAGDELETE
1898, 982, 1946, 1030, 2056, 1080, 2138, 1134, 2178, 1206, 2178, 1316, 2178, 1420, 2194, 1604, 2210, 1484, 2202, 1346, 2210, 1230, 2174, 1134, 2088, 1062, 1952, 1006
]],
"image_id": n2u_DMSO_-02.czi ,
"area": 15237.7436 ,
"bbox": 1898 982 312 622 
 
"id": 0001-1577-2093 ,
"category_id": 0,
"iscrowd": 0,
"segmentation": [[TAGDELETE
2032, 1996, 2077, 1874, 2141, 1609, 2146, 1500, 2137, 1313, 2142, 1221, 2154, 1170, 2142, 1158, 2106, 1246, 2100, 1450, 2100, 1596, 2054, 1782, 2034, 1974
]],
"image_id": n2u_DMSO_-02.czi ,
"area": 24551.7135 ,
"bbox": 2032 1158 122 838 
 
"id": 0001-1393-0443 ,
"category_id": 0,
"iscrowd": 0,
"segmentation": [[TAGDELETE
257, 1048, 312, 1172, 373, 1297, 411, 1449, 473, 1572, 533, 1650, 629, 1738, 508, 1548, 456, 1454, 428, 1334, 380, 1222, 307, 1110
]],
"image_id": n2u_DMSO_-02.czi ,
"area": 20754.2323 ,
"bbox": 257 1048 372 690 
 
"id": 0001-1114-0972 ,
"category_id": 0,
"iscrowd": 0,
"segmentation": [[TAGDELETE
1246, 1397, 1193, 1305, 1070, 1172, 964, 1020, 921, 963, 845, 907, 698, 832, 861, 957, 929, 1021, 990, 1117, 1092, 1232, 1146, 1292, 1240, 1388
]],
"image_id": n2u_DMSO_-02.czi ,
"area": 15584.843 ,
"bbox": 698 832 548 565 
 
"id": 0001-1398-1061 ,
"category_id": 0,
"iscrowd": 0,
"segmentation": [[TAGDELETE
1185, 1776, 1118, 1540, 1059, 1363, 1013, 1272, 981, 1216, 947, 1097, 923, 1019, 973, 1097, 1011, 1193, 1091, 1335, 1190, 1637, 1199, 1736, 1191, 1777
]],
"image_id": n2u_DMSO_-02.czi ,
"area": 22025.5558 ,
"bbox": 923 1019 276 758 
 
