"id": 0001-1205-1910 ,
"category_id": 0,
"iscrowd": 0,
"segmentation": [[TAGDELETE
1486, 1198, 1611, 1167, 1848, 1153, 2082, 1175, 2294, 1249, 2334, 1255, 2184, 1257, 1941, 1218, 1769, 1206, 1540, 1206
]],
"image_id": n2u_50um_-04.czi ,
"area": 30112.7231 ,
"bbox": 1486 1153 848 104 
 
"id": 0001-1624-1503 ,
"category_id": 0,
"iscrowd": 0,
"segmentation": [[TAGDELETE
1927, 1707, 1608, 1605, 1444, 1568, 1187, 1534, 1079, 1540, 1240, 1591, 1444, 1622, 1659, 1681, 1828, 1715
]],
"image_id": n2u_50um_-04.czi ,
"area": 31445.8814 ,
"bbox": 1079 1534 848 181 
 
"id": 0001-0825-0824 ,
"category_id": 0,
"iscrowd": 0,
"segmentation": [[TAGDELETE
653, 1204, 675, 1071, 706, 958, 817, 743, 932, 528, 995, 446, 961, 542, 887, 709, 757, 947, 695, 1091
]],
"image_id": n2u_50um_-04.czi ,
"area": 22631.5368 ,
"bbox": 653 446 342 758 
 
"id": 0001-0824-1240 ,
"category_id": 0,
"iscrowd": 0,
"segmentation": [[TAGDELETE
1650, 811, 1373, 774, 1240, 769, 1161, 777, 1014, 811, 921, 845, 831, 879, 1028, 856, 1190, 828, 1317, 814, 1520, 831, 1599, 834
]],
"image_id": n2u_50um_-04.czi ,
"area": 26176.732 ,
"bbox": 831 769 819 110 
 
