"id": 0001-0658-1000 ,
"category_id": 0,
"iscrowd": 0,
"segmentation": [[TAGDELETE
720, 443, 832, 425, 932, 423, 1034, 464, 1101, 532, 1138, 616, 1146, 693, 1154, 764, 1197, 832, 1280, 893, 1192, 857, 1138, 800, 1110, 736, 1105, 645, 1081, 567, 1040, 516, 973, 469, 878, 451, 798, 448
]],
"image_id": n2u_DMSO_.czi ,
"area": 18989.0548 ,
"bbox": 720 423 560 470 
 
"id": 0001-0919-1658 ,
"category_id": 0,
"iscrowd": 0,
"segmentation": [[TAGDELETE
1669, 1210, 1624, 1154, 1544, 914, 1536, 861, 1552, 796, 1594, 726, 1649, 670, 1697, 650, 1780, 629, 1690, 672, 1648, 705, 1594, 781, 1573, 838, 1573, 906, 1616, 1029, 1640, 1125, 1673, 1182, 1674, 1197
]],
"image_id": n2u_DMSO_.czi ,
"area": 15249.2861 ,
"bbox": 1536 629 244 581 
 
"id": 0001-1537-2331 ,
"category_id": 0,
"iscrowd": 0,
"segmentation": [[TAGDELETE
2094, 1239, 2295, 1362, 2399, 1468, 2460, 1544, 2504, 1643, 2534, 1744, 2568, 1835, 2544, 1818, 2501, 1739, 2464, 1634, 2421, 1554, 2353, 1469, 2272, 1398, 2175, 1318, 2141, 1278
]],
"image_id": n2u_DMSO_.czi ,
"area": 18936.2892 ,
"bbox": 2094 1239 474 596 
 

 
