"id": 0001-0619-0556 ,
"category_id": 0,
"iscrowd": 0,
"segmentation": [[TAGDELETE
749, 314, 641, 424, 520, 588, 424, 780, 367, 893, 364, 924, 478, 766, 582, 574, 672, 432
]],
"image_id": n2u_50um_-10.czi ,
"area": 18842.3003 ,
"bbox": 364 314 385 610 
 
"id": 0001-0998-0915 ,
"category_id": 0,
"iscrowd": 0,
"segmentation": [[TAGDELETE
1057, 610, 1012, 743, 969, 856, 898, 969, 850, 1068, 819, 1167, 785, 1305, 774, 1387, 850, 1184, 898, 1057, 992, 890, 1045, 746
]],
"image_id": n2u_50um_-10.czi ,
"area": 20206.7882 ,
"bbox": 774 610 283 777 
 
"id": 0001-0715-1198 ,
"category_id": 0,
"iscrowd": 0,
"segmentation": [[TAGDELETE
978, 1071, 1079, 887, 1212, 684, 1325, 509, 1418, 359, 1348, 528, 1260, 681, 1158, 845, 1028, 1026
]],
"image_id": n2u_50um_-10.czi ,
"area": 20600.0575 ,
"bbox": 978 359 440 712 
 
"id": 0001-1589-1093 ,
"category_id": 0,
"iscrowd": 0,
"segmentation": [[TAGDELETE
825, 1868, 955, 1715, 1062, 1630, 1181, 1500, 1308, 1348, 1362, 1311, 1283, 1421, 1147, 1594, 1009, 1724, 884, 1825
]],
"image_id": n2u_50um_-10.czi ,
"area": 18059.8839 ,
"bbox": 825 1311 537 557 
 
"id": 0001-1547-1790 ,
"category_id": 0,
"iscrowd": 0,
"segmentation": [[TAGDELETE
1416, 1712, 1596, 1670, 1763, 1627, 1910, 1568, 2023, 1492, 2164, 1382, 2065, 1424, 1952, 1503, 1859, 1554, 1667, 1613, 1495, 1675
]],
"image_id": n2u_50um_-10.czi ,
"area": 18969.2677 ,
"bbox": 1416 1382 748 330 
 
"id": 0001-1319-2107 ,
"category_id": 0,
"iscrowd": 0,
"segmentation": [[TAGDELETE
2390, 1082, 2328, 1133, 2260, 1167, 2218, 1195, 2173, 1232, 2080, 1325, 2017, 1410, 1995, 1441, 1961, 1469, 1893, 1523, 1842, 1557, 1825, 1546, 1989, 1399, 2085, 1266, 2167, 1181, 2266, 1139
]],
"image_id": n2u_50um_-10.czi ,
"area": 17618.7957 ,
"bbox": 1825 1082 565 475 
 
