"id": 0001-0503-1808 ,
"category_id": 0,
"iscrowd": 0,
"segmentation": [[TAGDELETE
1418, 415, 1656, 534, 1718, 542, 2006, 557, 2130, 588, 2198, 591, 2063, 528, 1989, 511, 1772, 503, 1486, 435
]],
"image_id": n2u_DMSO_-06.czi ,
"area": 23577.197 ,
"bbox": 1418 415 780 176 
 
"id": 0001-1698-1745 ,
"category_id": 0,
"iscrowd": 0,
"segmentation": [[TAGDELETE
1379, 1464, 1529, 1608, 1757, 1763, 1854, 1839, 2111, 1933, 1916, 1820, 1746, 1715, 1489, 1534
]],
"image_id": n2u_DMSO_-06.czi ,
"area": 20875.4285 ,
"bbox": 1379 1464 732 469 
 
"id": 0001-0664-0955 ,
"category_id": 0,
"iscrowd": 0,
"segmentation": [[TAGDELETE
582, 548, 684, 545, 1147, 737, 1328, 811, 1119, 675, 848, 568, 720, 520, 641, 517, 605, 531
]],
"image_id": n2u_DMSO_-06.czi ,
"area": 22294.331 ,
"bbox": 582 517 746 294 
 
"id": 0001-0707-1193 ,
"category_id": 0,
"iscrowd": 0,
"segmentation": [[TAGDELETE
1596, 901, 1336, 802, 1274, 760, 1204, 709, 1051, 622, 963, 591, 873, 576, 808, 551, 791, 514, 870, 542, 972, 551, 1093, 596, 1223, 661, 1368, 760, 1509, 850, 1551, 870
]],
"image_id": n2u_DMSO_-06.czi ,
"area": 27671.4852 ,
"bbox": 791 514 805 387 
 
