"id": 0001-0744-1581 ,
"category_id": 0,
"iscrowd": 0,
"segmentation": [[TAGDELETE
1362, 396, 1543, 639, 1653, 811, 1766, 1054, 1800, 1093, 1780, 978, 1659, 704, 1489, 497
]],
"image_id": n2u_DMSO_-13.czi ,
"area": 28054.0365 ,
"bbox": 1362 396 438 697 
 
"id": 0001-1212-0914 ,
"category_id": 0,
"iscrowd": 0,
"segmentation": [[TAGDELETE
1060, 834, 944, 1113, 873, 1319, 788, 1416, 769, 1591, 819, 1466, 910, 1319, 972, 1184, 1034, 992
]],
"image_id": n2u_DMSO_-13.czi ,
"area": 22975.3383 ,
"bbox": 769 834 291 757 
 
"id": 0001-1746-1328 ,
"category_id": 0,
"iscrowd": 0,
"segmentation": [[TAGDELETE
1096, 1421, 1209, 1579, 1353, 1724, 1430, 1831, 1509, 2009, 1560, 2071, 1464, 1825, 1407, 1735, 1283, 1588, 1184, 1500
]],
"image_id": n2u_DMSO_-13.czi ,
"area": 19811.0455 ,
"bbox": 1096 1421 464 650 
 
"id": 0001-1164-2145 ,
"category_id": 0,
"iscrowd": 0,
"segmentation": [[TAGDELETE
2291, 808, 2139, 904, 2065, 992, 2032, 1088, 2006, 1235, 2000, 1376, 2017, 1520, 2029, 1393, 2060, 1173, 2091, 1045, 2153, 949, 2255, 865
]],
"image_id": n2u_DMSO_-13.czi ,
"area": 23144.3534 ,
"bbox": 2000 808 291 712 
 
