"id": 0001-1863-1538 ,
"category_id": 0,
"iscrowd": 0,
"segmentation": [[TAGDELETE
1300, 1585, 1560, 1690, 1712, 1783, 1777, 1882, 1777, 1986, 1718, 2111, 1670, 2142, 1726, 1992, 1735, 1904, 1661, 1817, 1517, 1729, 1393, 1653
]],
"image_id": n2u_DMSO_-10.czi ,
"area": 28096.0842 ,
"bbox": 1300 1585 477 557 
 
"id": 0001-1211-2281 ,
"category_id": 0,
"iscrowd": 0,
"segmentation": [[TAGDELETE
1947, 1478, 2113, 1368, 2229, 1232, 2410, 1105, 2492, 1009, 2616, 944, 2410, 1167, 2291, 1249, 2164, 1387, 2029, 1466
]],
"image_id": n2u_DMSO_-10.czi ,
"area": 29330.3068 ,
"bbox": 1947 944 669 534 
 
"id": 0001-0798-2084 ,
"category_id": 0,
"iscrowd": 0,
"segmentation": [[TAGDELETE
1715, 935, 1952, 918, 2040, 890, 2210, 766, 2334, 692, 2453, 667, 2348, 661, 2255, 689, 2116, 783, 2020, 842, 1927, 879, 1825, 898
]],
"image_id": n2u_DMSO_-10.czi ,
"area": 22163.2412 ,
"bbox": 1715 661 738 274 
 
"id": 0001-0475-2058 ,
"category_id": 0,
"iscrowd": 0,
"segmentation": [[TAGDELETE
1670, 359, 1766, 432, 1893, 478, 2000, 540, 2130, 559, 2198, 562, 2274, 591, 2368, 574, 2416, 559, 2447, 517, 2351, 545, 2170, 509, 2029, 494, 1896, 429, 1789, 401
]],
"image_id": n2u_DMSO_-10.czi ,
"area": 28136.4829 ,
"bbox": 1670 359 777 232 
 
"id": 0001-0397-1664 ,
"category_id": 0,
"iscrowd": 0,
"segmentation": [[TAGDELETE
1351, 201, 1430, 396, 1481, 469, 1599, 523, 1721, 509, 1791, 492, 1868, 517, 1978, 593, 1958, 540, 1893, 480, 1825, 449, 1780, 438, 1701, 461, 1611, 466, 1531, 444, 1441, 336, 1396, 257
]],
"image_id": n2u_DMSO_-10.czi ,
"area": 27745.687 ,
"bbox": 1351 201 627 392 
 
