"id": 0001-1312-1130 ,
"category_id": 0,
"iscrowd": 0,
"segmentation": [[TAGDELETE
982, 1042, 948, 1188, 930, 1286, 940, 1410, 988, 1504, 1058, 1562, 1136, 1582, 1236, 1580, 1330, 1574, 1260, 1554, 1150, 1548, 1078, 1524, 1026, 1486, 986, 1426, 968, 1334, 972, 1246, 988, 1138
]],
"image_id": n2u_-ctl_-11.czi ,
"area": 20764.1258 ,
"bbox": 930 1042 400 540 
 
"id": 0001-1472-1110 ,
"category_id": 0,
"iscrowd": 0,
"segmentation": [[TAGDELETE
880, 1260, 880, 1472, 924, 1600, 1008, 1670, 1106, 1684, 1196, 1662, 1340, 1576, 1276, 1584, 1182, 1622, 1110, 1644, 1060, 1638, 1004, 1622, 956, 1574, 932, 1514, 922, 1454, 908, 1350
]],
"image_id": n2u_-ctl_-11.czi ,
"area": 21038.6724 ,
"bbox": 880 1260 460 424 
 
"id": 0001-0751-0778 ,
"category_id": 0,
"iscrowd": 0,
"segmentation": [[TAGDELETE
792, 360, 756, 512, 738, 708, 738, 912, 756, 1024, 818, 1142, 780, 950, 784, 624, 800, 416, 800, 382
]],
"image_id": n2u_-ctl_-11.czi ,
"area": 21974.439 ,
"bbox": 738 360 80 782 
 
"id": 0001-0268-1947 ,
"category_id": 0,
"iscrowd": 0,
"segmentation": [[TAGDELETE
1735, 58, 1743, 114, 1753, 204, 1767, 304, 1788, 381, 1820, 437, 1868, 468, 1925, 479, 1975, 469, 2046, 435, 2115, 376, 2160, 319, 2092, 368, 2030, 404, 1981, 429, 1933, 443, 1905, 442, 1871, 431, 1844, 403, 1821, 365, 1802, 289, 1783, 173, 1769, 114, 1752, 79
]],
"image_id": n2u_-ctl_-11.czi ,
"area": 18849.7204 ,
"bbox": 1735 58 425 421 
 
"id": 0001-1021-1697 ,
"category_id": 0,
"iscrowd": 0,
"segmentation": [[TAGDELETE
1395, 1163, 1550, 1080, 1669, 1035, 1777, 1000, 1817, 980, 1877, 932, 1932, 901, 1999, 880, 1965, 905, 1934, 922, 1873, 976, 1830, 1008, 1781, 1033, 1524, 1126, 1446, 1152
]],
"image_id": n2u_-ctl_-11.czi ,
"area": 14787.5863 ,
"bbox": 1395 880 604 283 
 
"id": 0001-1963-1441 ,
"category_id": 0,
"iscrowd": 0,
"segmentation": [[TAGDELETE
1136, 1807, 1144, 1852, 1195, 1945, 1248, 2011, 1310, 2044, 1366, 2057, 1529, 2053, 1628, 2059, 1694, 2071, 1735, 2091, 1746, 2119, 1740, 2083, 1709, 2057, 1613, 2027, 1548, 2024, 1412, 2023, 1332, 2011, 1273, 1986, 1216, 1926, 1152, 1821
]],
"image_id": n2u_-ctl_-11.czi ,
"area": 17105.9791 ,
"bbox": 1136 1807 610 312 
 
