"id": 0001-0396-0541 ,
"category_id": 0,
"iscrowd": 0,
"segmentation": [[TAGDELETE
212, 245, 301, 384, 400, 468, 535, 530, 617, 548, 717, 528, 793, 492, 829, 489, 871, 494, 852, 473, 815, 465, 773, 470, 728, 484, 685, 502, 639, 508, 600, 508, 525, 485, 439, 445, 376, 404, 312, 345, 276, 297, 244, 262
]],
"image_id": n2u_25um_-03.czi ,
"area": 19925.646 ,
"bbox": 212 245 659 303 
 
"id": 0001-0766-0564 ,
"category_id": 0,
"iscrowd": 0,
"segmentation": [[TAGDELETE
184, 709, 229, 717, 365, 765, 488, 788, 644, 796, 783, 784, 919, 773, 945, 764, 912, 782, 744, 818, 635, 824, 504, 824, 376, 800, 231, 740
]],
"image_id": n2u_25um_-03.czi ,
"area": 15986.357 ,
"bbox": 184 709 761 115 
 
"id": 0001-0353-2057 ,
"category_id": 0,
"iscrowd": 0,
"segmentation": [[TAGDELETE
2313, 427, 2255, 429, 2135, 451, 2049, 465, 1985, 465, 1927, 440, 1869, 392, 1842, 352, 1837, 294, 1847, 255, 1870, 235, 1917, 203, 1878, 206, 1839, 225, 1812, 256, 1802, 303, 1808, 355, 1833, 403, 1869, 447, 1911, 476, 1972, 501, 2045, 503, 2117, 490, 2246, 455, 2298, 434
]],
"image_id": n2u_25um_-03.czi ,
"area": 18998.124 ,
"bbox": 1802 203 511 300 
 
"id": 0001-1052-2293 ,
"category_id": 0,
"iscrowd": 0,
"segmentation": [[TAGDELETE
1915, 1184, 2041, 1065, 2124, 1015, 2254, 959, 2363, 931, 2472, 921, 2600, 922, 2672, 930, 2634, 944, 2464, 955, 2300, 988, 2192, 1026, 2067, 1082, 1977, 1143, 1932, 1179
]],
"image_id": n2u_25um_-03.czi ,
"area": 20144.9534 ,
"bbox": 1915 921 757 263 
 
"id": 0001-1707-0747 ,
"category_id": 0,
"iscrowd": 0,
"segmentation": [[TAGDELETE
438, 1707, 522, 1786, 634, 1830, 721, 1842, 773, 1838, 814, 1818, 858, 1785, 908, 1729, 949, 1657, 982, 1621, 1010, 1602, 1057, 1573, 965, 1610, 937, 1629, 912, 1671, 880, 1706, 821, 1775, 784, 1799, 733, 1806, 660, 1797, 617, 1790, 544, 1762, 486, 1727, 457, 1705
]],
"image_id": n2u_25um_-03.czi ,
"area": 16898.2141 ,
"bbox": 438 1573 619 269 
 
