"id": 0001-0980-0678 ,
"category_id": 0,
"iscrowd": 0,
"segmentation": [[TAGDELETE
308, 1006, 475, 952, 596, 924, 783, 975, 1048, 1017, 1043, 1037, 876, 1026, 732, 992, 630, 966, 503, 975, 393, 1003
]],
"image_id": n2u_-ctl_-05.czi ,
"area": 17722.6781 ,
"bbox": 308 924 740 113 
 
"id": 0001-1249-0726 ,
"category_id": 0,
"iscrowd": 0,
"segmentation": [[TAGDELETE
944, 1529, 797, 1427, 619, 1308, 545, 1209, 509, 1102, 526, 1026, 557, 980, 599, 969, 565, 1023, 554, 1082, 593, 1204, 681, 1297, 834, 1396, 904, 1472
]],
"image_id": n2u_-ctl_-05.czi ,
"area": 24494.8254 ,
"bbox": 509 969 435 560 
 
"id": 0001-1937-0944 ,
"category_id": 0,
"iscrowd": 0,
"segmentation": [[TAGDELETE
650, 2082, 695, 1955, 743, 1882, 831, 1805, 918, 1772, 1012, 1786, 1105, 1831, 1156, 1907, 1238, 2102, 1173, 2020, 1125, 1933, 1091, 1882, 1043, 1848, 958, 1825, 853, 1851, 752, 1933, 701, 2009
]],
"image_id": n2u_-ctl_-05.czi ,
"area": 26701.0911 ,
"bbox": 650 1772 588 330 
 
"id": 0001-1010-2124 ,
"category_id": 0,
"iscrowd": 0,
"segmentation": [[TAGDELETE
2150, 1418, 2142, 1288, 2091, 1093, 2091, 978, 2161, 788, 2198, 602, 2080, 862, 2051, 1003, 2065, 1144, 2116, 1342
]],
"image_id": n2u_-ctl_-05.czi ,
"area": 23014.9126 ,
"bbox": 2051 602 147 816 
 
"id": 0001-0638-1448 ,
"category_id": 0,
"iscrowd": 0,
"segmentation": [[TAGDELETE
1280, 966, 1317, 720, 1370, 562, 1492, 438, 1616, 311, 1540, 435, 1435, 554, 1373, 675, 1334, 845
]],
"image_id": n2u_-ctl_-05.czi ,
"area": 20042.7198 ,
"bbox": 1280 311 336 655 
 
"id": 0001-0309-1185 ,
"category_id": 0,
"iscrowd": 0,
"segmentation": [[TAGDELETE
811, 367, 997, 291, 1331, 263, 1560, 251, 1560, 268, 1331, 302, 1009, 325, 910, 348
]],
"image_id": n2u_-ctl_-05.czi ,
"area": 18430.0683 ,
"bbox": 811 251 749 116 
 
"id": 0001-0394-2201 ,
"category_id": 0,
"iscrowd": 0,
"segmentation": [[TAGDELETE
2051, 99, 2139, 175, 2226, 283, 2297, 418, 2325, 559, 2286, 689, 2323, 650, 2345, 596, 2351, 528, 2334, 427, 2297, 328, 2232, 223, 2187, 167, 2108, 121
]],
"image_id": n2u_-ctl_-05.czi ,
"area": 17847.1722 ,
"bbox": 2051 99 300 590 
 
"id": 0001-0397-2295 ,
"category_id": 0,
"iscrowd": 0,
"segmentation": [[TAGDELETE
2478, 684, 2495, 602, 2489, 483, 2436, 373, 2311, 201, 2221, 150, 2096, 110, 2249, 212, 2379, 373, 2447, 494, 2458, 599
]],
"image_id": n2u_-ctl_-05.czi ,
"area": 23125.3907 ,
"bbox": 2096 110 399 574 
 
