"id": 0001-0458-1728 ,
"category_id": 0,
"iscrowd": 0,
"segmentation": [[TAGDELETE
2012, 523, 1954, 461, 1920, 437, 1874, 416, 1803, 404, 1737, 398, 1652, 411, 1528, 396, 1499, 396, 1444, 393, 1475, 412, 1598, 431, 1665, 438, 1744, 430, 1849, 438, 1898, 454, 1967, 497
]],
"image_id": rb782u_25um_-12.czi ,
"area": 11798.0798 ,
"bbox": 1444 393 568 130 
 
"id": 0001-0519-1208 ,
"category_id": 0,
"iscrowd": 0,
"segmentation": [[TAGDELETE
1472, 655, 1377, 624, 1309, 593, 1198, 508, 1111, 445, 1039, 416, 1006, 409, 944, 389, 1014, 384, 1086, 397, 1168, 449, 1251, 514, 1325, 577, 1444, 634
]],
"image_id": rb782u_25um_-12.czi ,
"area": 11333.9066 ,
"bbox": 944 384 528 271 
 
"id": 0001-0523-1425 ,
"category_id": 0,
"iscrowd": 0,
"segmentation": [[TAGDELETE
1691, 743, 1551, 577, 1471, 469, 1370, 377, 1289, 345, 1215, 326, 1159, 304, 1269, 311, 1343, 331, 1408, 367, 1488, 435, 1625, 624, 1684, 715
]],
"image_id": rb782u_25um_-12.czi ,
"area": 15815.6929 ,
"bbox": 1159 304 532 439 
 
"id": 0001-0895-1277 ,
"category_id": 0,
"iscrowd": 0,
"segmentation": [[TAGDELETE
1439, 652, 1294, 796, 1195, 930, 1133, 1053, 1115, 1138, 1229, 920, 1330, 796, 1425, 690
]],
"image_id": rb782u_25um_-12.czi ,
"area": 10170.5879 ,
"bbox": 1115 652 324 486 
 
"id": 0001-1344-2291 ,
"category_id": 0,
"iscrowd": 0,
"segmentation": [[TAGDELETE
2142, 1052, 2273, 1070, 2398, 1170, 2441, 1284, 2426, 1428, 2389, 1637, 2390, 1456, 2408, 1320, 2398, 1249, 2357, 1173, 2308, 1129, 2268, 1100, 2196, 1070, 2158, 1070
]],
"image_id": rb782u_25um_-12.czi ,
"area": 14832.9318 ,
"bbox": 2142 1052 299 585 
 
"id": 0001-1459-2542 ,
"category_id": 0,
"iscrowd": 0,
"segmentation": [[TAGDELETE
2512, 1708, 2470, 1590, 2468, 1462, 2497, 1362, 2533, 1288, 2617, 1210, 2530, 1332, 2498, 1430, 2490, 1528, 2506, 1645, 2524, 1688
]],
"image_id": rb782u_25um_-12.czi ,
"area": 8527.4312 ,
"bbox": 2468 1210 149 498 
 
"id": 0001-1596-2293 ,
"category_id": 0,
"iscrowd": 0,
"segmentation": [[TAGDELETE
2501, 1827, 2442, 1802, 2293, 1648, 2200, 1504, 2154, 1445, 2086, 1365, 2189, 1448, 2273, 1574, 2326, 1650, 2398, 1728, 2484, 1805
]],
"image_id": rb782u_25um_-12.czi ,
"area": 10212.6356 ,
"bbox": 2086 1365 415 462 
 
"id": 0001-1754-2169 ,
"category_id": 0,
"iscrowd": 0,
"segmentation": [[TAGDELETE
2441, 1898, 2289, 1785, 2205, 1719, 2125, 1676, 2039, 1645, 1966, 1623, 1897, 1611, 1971, 1649, 2063, 1680, 2166, 1727, 2254, 1789, 2321, 1841, 2390, 1881
]],
"image_id": rb782u_25um_-12.czi ,
"area": 11338.8534 ,
"bbox": 1897 1611 544 287 
 
"id": 0001-1421-1393 ,
"category_id": 0,
"iscrowd": 0,
"segmentation": [[TAGDELETE
1179, 1550, 1331, 1525, 1493, 1458, 1568, 1412, 1586, 1374, 1589, 1334, 1601, 1284, 1607, 1372, 1591, 1416, 1563, 1449, 1506, 1478, 1439, 1508, 1368, 1537, 1347, 1540, 1264, 1559, 1210, 1556
]],
"image_id": rb782u_25um_-12.czi ,
"area": 9373.3312 ,
"bbox": 1179 1284 428 275 
 
"id": 0001-1803-0812 ,
"category_id": 0,
"iscrowd": 0,
"segmentation": [[TAGDELETE
945, 1569, 846, 1665, 784, 1739, 733, 1820, 704, 1889, 689, 1948, 680, 2005, 683, 2038, 709, 1947, 737, 1858, 806, 1748, 864, 1675, 924, 1604
]],
"image_id": rb782u_25um_-12.czi ,
"area": 8070.6781 ,
"bbox": 680 1569 265 469 
 
"id": 0001-1662-0469 ,
"category_id": 0,
"iscrowd": 0,
"segmentation": [[TAGDELETE
623, 1960, 511, 1787, 436, 1615, 381, 1481, 357, 1424, 315, 1364, 381, 1419, 429, 1520, 573, 1843, 612, 1919
]],
"image_id": rb782u_25um_-12.czi ,
"area": 13810.5965 ,
"bbox": 315 1364 308 596 
 
"id": 0001-1248-0347 ,
"category_id": 0,
"iscrowd": 0,
"segmentation": [[TAGDELETE
59, 1332, 251, 1280, 429, 1217, 635, 1161, 587, 1199, 432, 1244, 299, 1300, 96, 1336
]],
"image_id": rb782u_25um_-12.czi ,
"area": 11661.2188 ,
"bbox": 59 1161 576 175 
 
"id": 0001-0945-0290 ,
"category_id": 0,
"iscrowd": 0,
"segmentation": [[TAGDELETE
52, 1110, 77, 1089, 172, 1029, 339, 947, 407, 912, 446, 874, 521, 800, 529, 781, 517, 830, 451, 905, 413, 942, 325, 985, 187, 1053, 89, 1102
]],
"image_id": rb782u_25um_-12.czi ,
"area": 11311.6461 ,
"bbox": 52 781 477 329 
 
"id": 0001-1886-0218 ,
"category_id": 0,
"iscrowd": 0,
"segmentation": [[TAGDELETE
122, 1626, 129, 1759, 142, 1808, 174, 1875, 249, 2019, 303, 2146, 314, 2135, 256, 1979, 186, 1859, 163, 1794, 147, 1717, 138, 1648
]],
"image_id": rb782u_25um_-12.czi ,
"area": 9004.7958 ,
"bbox": 122 1626 192 520 
 
"id": 0001-0369-2429 ,
"category_id": 0,
"iscrowd": 0,
"segmentation": [[TAGDELETE
2495, 81, 2471, 228, 2459, 329, 2390, 520, 2352, 657, 2457, 417, 2497, 273, 2507, 117
]],
"image_id": rb782u_25um_-12.czi ,
"area": 10098.8595 ,
"bbox": 2352 81 155 576 
 
