"id": 0001-0422-1923 ,
"category_id": 0,
"iscrowd": 0,
"segmentation": [[TAGDELETE
1656, 413, 1752, 407, 1933, 407, 2119, 404, 2190, 413, 1992, 432, 1854, 441, 1743, 432
]],
"image_id": rb782i_25um_-02.czi ,
"area": 9601.7077 ,
"bbox": 1656 404 534 37 
 
"id": 0001-0671-1395 ,
"category_id": 0,
"iscrowd": 0,
"segmentation": [[TAGDELETE
1141, 616, 1229, 664, 1353, 692, 1478, 712, 1588, 726, 1650, 718, 1404, 678, 1277, 650
]],
"image_id": rb782i_25um_-02.czi ,
"area": 8136.6352 ,
"bbox": 1141 616 509 110 
 
"id": 0001-0545-1025 ,
"category_id": 0,
"iscrowd": 0,
"segmentation": [[TAGDELETE
1240, 331, 1127, 396, 1031, 480, 969, 554, 867, 678, 811, 760, 983, 591, 1093, 475, 1192, 381
]],
"image_id": rb782i_25um_-02.czi ,
"area": 13192.2485 ,
"bbox": 811 331 429 429 
 
"id": 0001-1168-1230 ,
"category_id": 0,
"iscrowd": 0,
"segmentation": [[TAGDELETE
1379, 890, 1322, 989, 1215, 1127, 1181, 1204, 1136, 1294, 1113, 1379, 1082, 1447, 1091, 1339, 1113, 1255, 1158, 1153, 1223, 1057, 1317, 941
]],
"image_id": rb782i_25um_-02.czi ,
"area": 15987.1814 ,
"bbox": 1082 890 297 557 
 
"id": 0001-1746-1291 ,
"category_id": 0,
"iscrowd": 0,
"segmentation": [[TAGDELETE
1560, 1611, 1478, 1647, 1373, 1684, 1286, 1707, 1136, 1808, 1023, 1882, 1102, 1854, 1283, 1752, 1345, 1729, 1472, 1684, 1534, 1644
]],
"image_id": rb782i_25um_-02.czi ,
"area": 13158.4454 ,
"bbox": 1023 1611 537 271 
 
"id": 0001-1898-1350 ,
"category_id": 0,
"iscrowd": 0,
"segmentation": [[TAGDELETE
1144, 1967, 1181, 1961, 1283, 1902, 1362, 1851, 1449, 1825, 1514, 1822, 1557, 1822, 1483, 1839, 1421, 1848, 1305, 1918, 1187, 1975
]],
"image_id": rb782i_25um_-02.czi ,
"area": 6527.2815 ,
"bbox": 1144 1822 413 153 
 
