"id": 0001-0920-1862 ,
"category_id": 0,
"iscrowd": 0,
"segmentation": [[TAGDELETE
2108, 733, 2030, 775, 1962, 800, 1902, 835, 1864, 873, 1784, 945, 1728, 996, 1670, 1039, 1644, 1065, 1632, 1081, 1616, 1108, 1673, 1057, 1720, 1025, 1782, 976, 1869, 892, 1925, 848, 1989, 813, 2061, 779, 2090, 756
]],
"image_id": rb782i_25um_-13.czi ,
"area": 9102.907 ,
"bbox": 1616 733 492 375 
 
"id": 0001-0643-2264 ,
"category_id": 0,
"iscrowd": 0,
"segmentation": [[TAGDELETE
2166, 921, 2216, 833, 2270, 752, 2302, 688, 2321, 625, 2330, 536, 2333, 443, 2342, 376, 2346, 365, 2361, 396, 2362, 485, 2350, 597, 2336, 677, 2300, 747, 2213, 868
]],
"image_id": rb782i_25um_-13.czi ,
"area": 10856.542 ,
"bbox": 2166 365 196 556 
 
"id": 0001-0874-2271 ,
"category_id": 0,
"iscrowd": 0,
"segmentation": [[TAGDELETE
2092, 1073, 2145, 1016, 2208, 951, 2294, 873, 2366, 807, 2416, 748, 2450, 676, 2388, 744, 2281, 852, 2216, 907, 2168, 961, 2124, 1019
]],
"image_id": rb782i_25um_-13.czi ,
"area": 8966.8705 ,
"bbox": 2092 676 358 397 
 
"id": 0001-0874-1212 ,
"category_id": 0,
"iscrowd": 0,
"segmentation": [[TAGDELETE
1161, 1034, 1181, 982, 1225, 930, 1256, 881, 1266, 852, 1271, 806, 1266, 775, 1257, 755, 1215, 714, 1242, 758, 1249, 780, 1254, 809, 1250, 849, 1232, 875, 1201, 919, 1178, 952, 1165, 979, 1154, 1025
]],
"image_id": rb782i_25um_-13.czi ,
"area": 5049.842 ,
"bbox": 1154 714 117 320 
 
"id": 0001-1604-0548 ,
"category_id": 0,
"iscrowd": 0,
"segmentation": [[TAGDELETE
576, 1313, 583, 1390, 567, 1495, 565, 1553, 549, 1626, 539, 1695, 501, 1850, 492, 1895, 528, 1825, 559, 1693, 587, 1566, 604, 1426, 604, 1351, 600, 1327
]],
"image_id": rb782i_25um_-13.czi ,
"area": 10380.0018 ,
"bbox": 492 1313 112 582 
 
