"id": 0001-1085-0698 ,
"category_id": 0,
"iscrowd": 0,
"segmentation": [[TAGDELETE
907, 992, 836, 983, 777, 978, 675, 1017, 610, 1082, 548, 1147, 489, 1192, 523, 1178, 585, 1150, 630, 1105, 675, 1062, 735, 1017, 791, 1009, 850, 1009
]],
"image_id": rb782i_25um_.czi ,
"area": 9549.7665 ,
"bbox": 489 978 418 214 
 
"id": 0001-1257-0850 ,
"category_id": 0,
"iscrowd": 0,
"segmentation": [[TAGDELETE
1037, 1037, 952, 1091, 898, 1119, 845, 1167, 785, 1223, 726, 1351, 664, 1478, 729, 1413, 785, 1308, 825, 1238, 887, 1175, 949, 1122, 1009, 1093
]],
"image_id": rb782i_25um_.czi ,
"area": 14310.2216 ,
"bbox": 664 1037 373 441 
 
"id": 0001-1451-1059 ,
"category_id": 0,
"iscrowd": 0,
"segmentation": [[TAGDELETE
1249, 1269, 1181, 1300, 1141, 1331, 1091, 1393, 995, 1461, 910, 1523, 870, 1585, 870, 1633, 884, 1596, 910, 1557, 938, 1540, 978, 1514, 1068, 1461, 1133, 1393, 1184, 1322, 1215, 1305
]],
"image_id": rb782i_25um_.czi ,
"area": 11815.3936 ,
"bbox": 870 1269 379 364 
 
"id": 0001-1273-1369 ,
"category_id": 0,
"iscrowd": 0,
"segmentation": [[TAGDELETE
1390, 1012, 1410, 1077, 1416, 1136, 1416, 1190, 1410, 1266, 1362, 1370, 1286, 1534, 1334, 1486, 1410, 1351, 1447, 1263, 1452, 1184, 1444, 1105, 1427, 1057
]],
"image_id": rb782i_25um_.czi ,
"area": 12796.5057 ,
"bbox": 1286 1012 166 522 
 
"id": 0001-1188-1630 ,
"category_id": 0,
"iscrowd": 0,
"segmentation": [[TAGDELETE
1475, 972, 1523, 1082, 1588, 1164, 1647, 1223, 1678, 1263, 1726, 1339, 1786, 1404, 1732, 1311, 1709, 1255, 1678, 1206, 1611, 1144, 1554, 1074, 1514, 1014
]],
"image_id": rb782i_25um_.czi ,
"area": 10359.3902 ,
"bbox": 1475 972 311 432 
 
"id": 0001-1974-1229 ,
"category_id": 0,
"iscrowd": 0,
"segmentation": [[TAGDELETE
944, 1955, 1028, 1944, 1139, 1969, 1218, 1981, 1314, 1972, 1401, 1961, 1461, 1938, 1514, 1933, 1421, 1983, 1353, 2003, 1266, 2015, 1192, 2009, 1065, 1983
]],
"image_id": rb782i_25um_.czi ,
"area": 12939.9625 ,
"bbox": 944 1933 570 82 
 
