"id": 0001-1626-0257 ,
"category_id": 0,
"iscrowd": 0,
"segmentation": [[TAGDELETE
40, 1735, 138, 1659, 189, 1591, 226, 1554, 308, 1517, 379, 1520, 475, 1531, 413, 1548, 353, 1546, 280, 1560, 215, 1602, 186, 1636, 141, 1687
]],
"image_id": rb782i_25um_-08.czi ,
"area": 9382.4003 ,
"bbox": 40 1517 435 218 
 
"id": 0001-1799-0401 ,
"category_id": 0,
"iscrowd": 0,
"segmentation": [[TAGDELETE
206, 2020, 260, 1933, 314, 1817, 359, 1743, 435, 1670, 531, 1616, 596, 1579, 542, 1639, 466, 1690, 396, 1763, 339, 1839, 274, 1958
]],
"image_id": rb782i_25um_-08.czi ,
"area": 13367.8593 ,
"bbox": 206 1579 390 441 
 
"id": 0001-1978-0630 ,
"category_id": 0,
"iscrowd": 0,
"segmentation": [[TAGDELETE
432, 2167, 427, 2125, 458, 2063, 582, 1986, 647, 1927, 701, 1868, 754, 1828, 834, 1789, 757, 1854, 718, 1896, 630, 1986, 531, 2054, 461, 2105
]],
"image_id": rb782i_25um_-08.czi ,
"area": 11702.442 ,
"bbox": 427 1789 407 378 
 
"id": 0001-1814-0921 ,
"category_id": 0,
"iscrowd": 0,
"segmentation": [[TAGDELETE
839, 2077, 910, 1947, 963, 1814, 975, 1712, 972, 1647, 958, 1551, 1003, 1647, 1000, 1749, 983, 1854, 941, 1941
]],
"image_id": rb782i_25um_-08.czi ,
"area": 9998.2749 ,
"bbox": 839 1551 164 526 
 
"id": 0001-1716-1188 ,
"category_id": 0,
"iscrowd": 0,
"segmentation": [[TAGDELETE
1028, 1500, 1028, 1503, 1068, 1591, 1130, 1678, 1204, 1757, 1249, 1825, 1288, 1879, 1348, 1933, 1291, 1845, 1260, 1780, 1195, 1709, 1136, 1647, 1079, 1571
]],
"image_id": rb782i_25um_-08.czi ,
"area": 9247.1882 ,
"bbox": 1028 1500 320 433 
 
"id": 0001-1027-2368 ,
"category_id": 0,
"iscrowd": 0,
"segmentation": [[TAGDELETE
2566, 769, 2515, 839, 2475, 896, 2424, 935, 2359, 972, 2317, 1009, 2272, 1051, 2215, 1181, 2170, 1286, 2246, 1170, 2280, 1102, 2325, 1031, 2368, 1003, 2393, 986, 2453, 947, 2498, 907, 2546, 834
]],
"image_id": rb782i_25um_-08.czi ,
"area": 12043.7701 ,
"bbox": 2170 769 396 517 
 
"id": 0001-0322-1745 ,
"category_id": 0,
"iscrowd": 0,
"segmentation": [[TAGDELETE
1803, 627, 1808, 534, 1820, 413, 1797, 283, 1769, 186, 1735, 116, 1670, 17, 1675, 82, 1718, 167, 1749, 243, 1772, 350, 1783, 401, 1783, 461, 1777, 559
]],
"image_id": rb782i_25um_-08.czi ,
"area": 16340.052 ,
"bbox": 1670 17 150 610 
 
