"id": 0001-0647-0383 ,
"category_id": 0,
"iscrowd": 0,
"segmentation": [[TAGDELETE
200, 656, 240, 722, 275, 774, 339, 819, 397, 836, 456, 829, 508, 796, 539, 763, 561, 714, 567, 656, 562, 606, 537, 550, 459, 468, 432, 459, 488, 524, 524, 585, 536, 673, 511, 728, 463, 789, 408, 800, 363, 796, 303, 756, 236, 684
]],
"image_id": rb782u_DMSO_-12.czi ,
"area": 17615.4978 ,
"bbox": 200 459 367 377 
 
"id": 0001-0507-0708 ,
"category_id": 0,
"iscrowd": 0,
"segmentation": [[TAGDELETE
533, 285, 611, 335, 685, 436, 771, 565, 871, 715, 884, 729, 827, 608, 732, 456, 640, 329, 584, 295
]],
"image_id": rb782u_DMSO_-12.czi ,
"area": 9991.6792 ,
"bbox": 533 285 351 444 
 
"id": 0001-0693-0796 ,
"category_id": 0,
"iscrowd": 0,
"segmentation": [[TAGDELETE
821, 521, 889, 631, 917, 725, 917, 779, 892, 831, 855, 863, 804, 865, 768, 857, 727, 816, 704, 768, 676, 653, 709, 713, 753, 799, 801, 832, 840, 827, 872, 799, 887, 739, 873, 667, 841, 577
]],
"image_id": rb782u_DMSO_-12.czi ,
"area": 13714.9586 ,
"bbox": 676 521 241 344 
 
"id": 0001-0339-1673 ,
"category_id": 0,
"iscrowd": 0,
"segmentation": [[TAGDELETE
1800, 135, 1729, 275, 1713, 322, 1699, 394, 1691, 462, 1669, 501, 1656, 509, 1634, 511, 1604, 501, 1578, 464, 1564, 410, 1553, 362, 1547, 435, 1557, 473, 1580, 514, 1621, 542, 1664, 543, 1702, 517, 1723, 478, 1735, 395, 1739, 327, 1767, 254, 1792, 174
]],
"image_id": rb782u_DMSO_-12.czi ,
"area": 13387.6464 ,
"bbox": 1547 135 253 408 
 
"id": 0001-0822-2134 ,
"category_id": 0,
"iscrowd": 0,
"segmentation": [[TAGDELETE
2094, 690, 2080.5000, 757, 2050, 806, 2038, 855, 2035, 887, 2045, 929.5000, 2077.5000, 972, 2118, 984, 2160, 979, 2188.5000, 959, 2217, 923, 2231, 864.5000, 2234, 789, 2228, 704, 2221, 661.5000, 2207, 678.5000, 2203, 791, 2202.5000, 854.5000, 2187.5000, 912, 2164.5000, 938, 2140, 950, 2118.5000, 951.5000, 2097, 945.5000, 2091.5000, 940, 2072, 906, 2065, 870.5000, 2068.5000, 830.5000, 2080.5000, 801, 2088.5000, 765.5000, 2093, 721
]],
"image_id": rb782u_DMSO_-12.czi ,
"area": 14228.5997 ,
"bbox": 2035 661 199 323 
 
"id": 0001-0478-1845 ,
"category_id": 0,
"iscrowd": 0,
"segmentation": [[TAGDELETE
1508, 542, 1644, 576, 1762, 580, 1872, 556, 2067, 490, 2147, 430, 2183, 376, 2124, 404, 2031, 466, 1920, 502, 1776, 539, 1702, 550, 1572, 543
]],
"image_id": rb782u_DMSO_-12.czi ,
"area": 17974.9641 ,
"bbox": 1508 376 675 204 
 
"id": 0001-0969-1413 ,
"category_id": 0,
"iscrowd": 0,
"segmentation": [[TAGDELETE
1389, 753, 1433, 848, 1464, 968, 1448, 1086, 1409, 1154, 1329, 1249, 1426, 1176, 1494, 1068, 1497, 961, 1469, 853, 1432, 768, 1378, 689, 1380, 732
]],
"image_id": rb782u_DMSO_-12.czi ,
"area": 14406.6839 ,
"bbox": 1329 689 168 560 
 
"id": 0001-1308-2191 ,
"category_id": 0,
"iscrowd": 0,
"segmentation": [[TAGDELETE
2181, 1139, 2236, 1273, 2285, 1377, 2285, 1430, 2259, 1473, 2202, 1490, 2145, 1468, 2107, 1414, 2098, 1347, 2124, 1268, 2152, 1205, 2148, 1260, 2139, 1303, 2126, 1349, 2130, 1391, 2151, 1430, 2193, 1457, 2227, 1454, 2256, 1431, 2256, 1382, 2219, 1295, 2190, 1222, 2166, 1127
]],
"image_id": rb782u_DMSO_-12.czi ,
"area": 14564.981 ,
"bbox": 2098 1127 187 363 
 
"id": 0001-1050-1807 ,
"category_id": 0,
"iscrowd": 0,
"segmentation": [[TAGDELETE
1829, 745, 1825, 864, 1790, 1003, 1771, 1117, 1771, 1205, 1781, 1256, 1817, 1314, 1844, 1356, 1810, 1255, 1800, 1195, 1810, 1049, 1831, 943, 1842, 856, 1840, 800
]],
"image_id": rb782u_DMSO_-12.czi ,
"area": 11399.0393 ,
"bbox": 1771 745 73 611 
 
"id": 0001-1697-1944 ,
"category_id": 0,
"iscrowd": 0,
"segmentation": [[TAGDELETE
1767, 1586, 1792, 1667, 1823, 1725, 1865, 1766, 1907, 1778, 1955, 1781, 2004, 1748, 2053, 1683, 2132, 1607, 2097, 1663, 2054, 1729, 2010, 1774, 1972, 1804, 1928, 1809, 1876, 1797, 1833, 1770, 1792, 1728, 1771, 1687, 1757, 1606
]],
"image_id": rb782u_DMSO_-12.czi ,
"area": 10655.3727 ,
"bbox": 1757 1586 375 223 
 
"id": 0001-1672-2665 ,
"category_id": 0,
"iscrowd": 0,
"segmentation": [[TAGDELETE
2652, 1328, 2624, 1546, 2636, 1728, 2666, 1808, 2670, 2016, 2706, 1830, 2686, 1746, 2660, 1668, 2658, 1494, 2666, 1408
]],
"image_id": rb782u_DMSO_-12.czi ,
"area": 15245.9883 ,
"bbox": 2624 1328 82 688 
 
"id": 0001-1695-0289 ,
"category_id": 0,
"iscrowd": 0,
"segmentation": [[TAGDELETE
319, 1439, 337, 1566, 339, 1643, 308, 1715, 260, 1778, 213, 1859, 208, 1913, 223, 1970, 229, 1885, 272, 1802, 341, 1715, 368, 1661, 371, 1586, 365, 1517, 337, 1421
]],
"image_id": rb782u_DMSO_-12.czi ,
"area": 12388.3961 ,
"bbox": 208 1421 163 549 
 
