"id": 0001-0802-0603 ,
"category_id": 0,
"iscrowd": 0,
"segmentation": [[TAGDELETE
318, 675, 357, 675, 513, 707, 644, 754, 724, 795, 805, 872, 888, 929, 787, 894, 719, 838, 656, 793, 361, 697
]],
"image_id": rb782u_-ctl_-10.czi ,
"area": 14480.8857 ,
"bbox": 318 675 570 254 
 
"id": 0001-0416-0893 ,
"category_id": 0,
"iscrowd": 0,
"segmentation": [[TAGDELETE
940, 128, 912, 183, 892, 337, 862, 537, 847, 704, 885, 559, 922, 356, 940, 160
]],
"image_id": rb782u_-ctl_-10.czi ,
"area": 11210.237 ,
"bbox": 847 128 93 576 
 
"id": 0001-0527-1118 ,
"category_id": 0,
"iscrowd": 0,
"segmentation": [[TAGDELETE
1178, 238, 1160, 333, 1142, 490, 1098, 656, 1048, 816, 1084, 771, 1142, 608, 1169, 479, 1189, 315
]],
"image_id": rb782u_-ctl_-10.czi ,
"area": 11197.0456 ,
"bbox": 1048 238 141 578 
 
"id": 0001-0569-1315 ,
"category_id": 0,
"iscrowd": 0,
"segmentation": [[TAGDELETE
1448, 340, 1446, 391, 1428, 479, 1393, 548, 1333, 625, 1162, 798, 1231, 761, 1351, 648, 1425, 553, 1459, 470, 1469, 393, 1463, 364
]],
"image_id": rb782u_-ctl_-10.czi ,
"area": 11152.5245 ,
"bbox": 1162 340 307 458 
 
"id": 0001-0756-1283 ,
"category_id": 0,
"iscrowd": 0,
"segmentation": [[TAGDELETE
1437, 540, 1409, 645, 1368, 724, 1324, 783, 1253, 856, 1160, 932, 1119, 973, 1172, 950, 1270, 870, 1322, 831, 1386, 750, 1423, 677, 1448, 555
]],
"image_id": rb782u_-ctl_-10.czi ,
"area": 10328.0605 ,
"bbox": 1119 540 329 433 
 
"id": 0001-0250-0328 ,
"category_id": 0,
"iscrowd": 0,
"segmentation": [[TAGDELETE
594, 155, 440, 229, 159, 325, 62, 345, 143, 304, 306, 243, 435, 196, 568, 157
]],
"image_id": rb782u_-ctl_-10.czi ,
"area": 10872.2068 ,
"bbox": 62 155 532 190 
 
"id": 0001-0244-0451 ,
"category_id": 0,
"iscrowd": 0,
"segmentation": [[TAGDELETE
194, 344, 385, 287, 583, 201, 708, 144, 619, 219, 396, 310, 255, 345
]],
"image_id": rb782u_-ctl_-10.czi ,
"area": 10052.6896 ,
"bbox": 194 144 514 201 
 
"id": 0001-1703-0354 ,
"category_id": 0,
"iscrowd": 0,
"segmentation": [[TAGDELETE
453, 1413, 432, 1478, 424, 1558, 361, 1765, 252, 1994, 300, 1943, 384, 1775, 433, 1630, 457, 1489, 452, 1439
]],
"image_id": rb782u_-ctl_-10.czi ,
"area": 11176.434 ,
"bbox": 252 1413 205 581 
 
"id": 0001-1307-1754 ,
"category_id": 0,
"iscrowd": 0,
"segmentation": [[TAGDELETE
2026, 1017, 1851, 1122, 1742, 1208, 1695, 1266, 1570, 1380, 1519, 1470, 1483, 1597, 1558, 1468, 1652, 1377, 1802, 1210, 1934, 1098, 2003, 1049
]],
"image_id": rb782u_-ctl_-10.czi ,
"area": 22489.729 ,
"bbox": 1483 1017 543 580 
 
"id": 0001-1599-1872 ,
"category_id": 0,
"iscrowd": 0,
"segmentation": [[TAGDELETE
1586, 1641, 1635, 1613, 1956, 1588, 2158, 1557, 2038, 1601, 1740, 1632
]],
"image_id": rb782u_-ctl_-10.czi ,
"area": 9966.9453 ,
"bbox": 1586 1557 572 84 
 
"id": 0001-0655-2134 ,
"category_id": 0,
"iscrowd": 0,
"segmentation": [[TAGDELETE
2183, 367, 2149, 425, 2131, 485, 2103, 709, 2073, 944, 2110, 821, 2147, 569, 2166, 432, 2195, 372
]],
"image_id": rb782u_-ctl_-10.czi ,
"area": 9840.8023 ,
"bbox": 2073 367 122 577 
 
"id": 0001-1961-1922 ,
"category_id": 0,
"iscrowd": 0,
"segmentation": [[TAGDELETE
2184, 1805, 1978, 1901, 1870, 1951, 1753, 2051, 1661, 2115, 1697, 2117, 1813, 2039, 1861, 1989, 1932, 1954, 2161, 1829
]],
"image_id": rb782u_-ctl_-10.czi ,
"area": 10997.5253 ,
"bbox": 1661 1805 523 312 
 
"id": 0001-1940-1595 ,
"category_id": 0,
"iscrowd": 0,
"segmentation": [[TAGDELETE
1330, 1897, 1424, 1909, 1565, 1943, 1729, 1953, 1861, 1953, 1830, 1974, 1724, 1983, 1560, 1974, 1458, 1943
]],
"image_id": rb782u_-ctl_-10.czi ,
"area": 10614.974 ,
"bbox": 1330 1897 531 86 
 
"id": 0001-1584-2535 ,
"category_id": 0,
"iscrowd": 0,
"segmentation": [[TAGDELETE
2699, 1348, 2612, 1418, 2534, 1505, 2466, 1602, 2387, 1748, 2371, 1820, 2410, 1745, 2490, 1610, 2582, 1489, 2676, 1387
]],
"image_id": rb782u_-ctl_-10.czi ,
"area": 9954.5783 ,
"bbox": 2371 1348 328 472 
 
