"id": 0001-0213-2385 ,
"category_id": 0,
"iscrowd": 0,
"segmentation": [[TAGDELETE
2627, 41, 2549, 143, 2477, 220, 2426, 282, 2384, 340, 2332, 374, 2275, 385, 2222, 379, 2175, 361, 2144, 342, 2149, 328, 2170, 338, 2228, 353, 2288, 353, 2339, 329, 2382, 292, 2441, 213, 2499, 163, 2562, 99, 2598, 76
]],
"image_id": rb782u_50um_-09.czi ,
"area": 12619.246 ,
"bbox": 2144 41 483 344 
 
"id": 0001-0409-2345 ,
"category_id": 0,
"iscrowd": 0,
"segmentation": [[TAGDELETE
2111, 327, 2159, 398, 2227, 466, 2263, 491, 2302, 506, 2355, 508, 2413, 488, 2446, 464, 2505, 395, 2523, 386, 2579, 311, 2540, 349, 2498, 374, 2432, 431, 2389, 466, 2335, 478, 2287, 470, 2233, 432, 2171, 369, 2126, 321
]],
"image_id": rb782u_50um_-09.czi ,
"area": 12403.2364 ,
"bbox": 2111 311 468 197 
 
"id": 0001-0510-2543 ,
"category_id": 0,
"iscrowd": 0,
"segmentation": [[TAGDELETE
2659, 242, 2614, 296, 2449, 572, 2433, 617, 2427, 679, 2437, 706, 2463, 750, 2504, 779, 2476, 729, 2459, 694, 2455, 668, 2462, 628, 2475, 589, 2518, 528, 2590, 396, 2624, 328, 2631, 300
]],
"image_id": rb782u_50um_-09.czi ,
"area": 13172.4613 ,
"bbox": 2427 242 232 537 
 
"id": 0001-1158-2258 ,
"category_id": 0,
"iscrowd": 0,
"segmentation": [[TAGDELETE
2095, 1384, 2149, 1290, 2209, 1204, 2345, 1055, 2416, 963, 2430, 932, 2271, 1095, 2175, 1198, 2120, 1287, 2095, 1349, 2086, 1372
]],
"image_id": rb782u_50um_-09.czi ,
"area": 10877.1536 ,
"bbox": 2086 932 344 452 
 
"id": 0001-0611-1524 ,
"category_id": 0,
"iscrowd": 0,
"segmentation": [[TAGDELETE
1344, 361, 1522, 592, 1669, 788, 1705, 861, 1692, 788, 1605, 652, 1437, 440, 1400, 401
]],
"image_id": rb782u_50um_-09.czi ,
"area": 11503.7462 ,
"bbox": 1344 361 361 500 
 
"id": 0001-0237-1732 ,
"category_id": 0,
"iscrowd": 0,
"segmentation": [[TAGDELETE
1496, 231, 1600, 264, 1710, 311, 1778, 319, 1829, 292, 1884, 196, 1929, 147, 1969, 127, 1918, 188, 1862, 293, 1832, 321, 1770, 347, 1684, 324, 1558, 268
]],
"image_id": rb782u_50um_-09.czi ,
"area": 9937.2646 ,
"bbox": 1496 127 473 220 
 
"id": 0001-1365-1455 ,
"category_id": 0,
"iscrowd": 0,
"segmentation": [[TAGDELETE
1375, 1560, 1425, 1484, 1467, 1392, 1498, 1292, 1505, 1234, 1535, 1171, 1491, 1232, 1466, 1330, 1433, 1430, 1398, 1495
]],
"image_id": rb782u_50um_-09.czi ,
"area": 5161.1446 ,
"bbox": 1375 1171 160 389 
 
"id": 0001-1292-1209 ,
"category_id": 0,
"iscrowd": 0,
"segmentation": [[TAGDELETE
1329, 1462, 1358, 1384, 1335, 1295, 1306, 1228, 1251, 1179, 1191, 1151, 1137, 1151, 1050, 1182, 1037, 1191, 1062, 1162, 1137, 1123, 1194, 1127, 1261, 1143, 1339, 1223, 1378, 1312, 1381, 1384, 1362, 1440
]],
"image_id": rb782u_50um_-09.czi ,
"area": 12340.5772 ,
"bbox": 1037 1123 344 339 
 
"id": 0001-0984-1328 ,
"category_id": 0,
"iscrowd": 0,
"segmentation": [[TAGDELETE
1183, 1120, 1314, 986, 1391, 902, 1474, 848, 1443, 894, 1298, 1038
]],
"image_id": rb782u_50um_-09.czi ,
"area": 6513.2656 ,
"bbox": 1183 848 291 272 
 
"id": 0001-1153-0990 ,
"category_id": 0,
"iscrowd": 0,
"segmentation": [[TAGDELETE
1017, 1451, 986, 1220, 935, 928, 938, 755, 954, 803, 1007, 1083, 1025, 1210, 1043, 1410, 1046, 1551
]],
"image_id": rb782u_50um_-09.czi ,
"area": 21506.9679 ,
"bbox": 935 755 111 796 
 
"id": 0001-1753-2141 ,
"category_id": 0,
"iscrowd": 0,
"segmentation": [[TAGDELETE
2294, 1575, 2252, 1694, 2177, 1787, 2048, 1881, 1989, 1931, 2141, 1835, 2210, 1789, 2276, 1697
]],
"image_id": rb782u_50um_-09.czi ,
"area": 6185.9534 ,
"bbox": 1989 1575 305 356 
 
"id": 0001-2084-0889 ,
"category_id": 0,
"iscrowd": 0,
"segmentation": [[TAGDELETE
670, 2145, 672, 2090, 694, 2049, 753, 2024, 1074, 2030, 1109, 2040, 857, 2053, 766, 2049, 725, 2058, 696, 2078, 681, 2112, 681, 2137
]],
"image_id": rb782u_50um_-09.czi ,
"area": 7989.8806 ,
"bbox": 670 2024 439 121 
 
"id": 0001-1734-0810 ,
"category_id": 0,
"iscrowd": 0,
"segmentation": [[TAGDELETE
814, 1438, 764, 1713, 766, 1802, 800, 1916, 856, 2030, 850, 1977, 801, 1838, 789, 1753, 812, 1582
]],
"image_id": rb782u_50um_-09.czi ,
"area": 10530.0542 ,
"bbox": 764 1438 92 592 
 
