"id": 0001-0463-0843 ,
"category_id": 0,
"iscrowd": 0,
"segmentation": [[TAGDELETE
1197, 539, 1054, 425, 986, 393, 924, 377, 850, 383, 710, 417, 572, 439, 490, 445, 592, 459, 666, 457, 737, 448, 857, 417, 922, 413, 974, 428, 1058, 479, 1160, 544, 1189, 549
]],
"image_id": rb782u_-ctl_-07.czi ,
"area": 19204.24 ,
"bbox": 490 377 707 172 
 
"id": 0001-0729-0640 ,
"category_id": 0,
"iscrowd": 0,
"segmentation": [[TAGDELETE
348, 712, 408, 701, 516, 723, 657, 731, 785, 712, 849, 712, 932, 693, 889, 724, 766, 747, 669, 765, 509, 755, 461, 744, 425, 729, 377, 720
]],
"image_id": rb782u_-ctl_-07.czi ,
"area": 13087.5415 ,
"bbox": 348 693 584 72 
 
"id": 0001-0965-0985 ,
"category_id": 0,
"iscrowd": 0,
"segmentation": [[TAGDELETE
1234, 699, 1134, 765, 976, 889, 862, 1017, 794, 1144, 736, 1231, 800, 1187, 888, 1049, 970, 939, 1066, 847, 1188, 761
]],
"image_id": rb782u_-ctl_-07.czi ,
"area": 16332.6318 ,
"bbox": 736 699 498 532 
 
"id": 0001-1605-0675 ,
"category_id": 0,
"iscrowd": 0,
"segmentation": [[TAGDELETE
944, 1505, 849, 1550, 742, 1614, 660, 1647, 557, 1676, 474, 1683, 407, 1702, 523, 1705, 602, 1700, 719, 1661, 822, 1602, 944, 1521
]],
"image_id": rb782u_-ctl_-07.czi ,
"area": 12587.9164 ,
"bbox": 407 1505 537 200 
 
"id": 0001-1954-1058 ,
"category_id": 0,
"iscrowd": 0,
"segmentation": [[TAGDELETE
978, 1935, 943, 1930, 895, 1931, 969, 1950, 1101, 1960, 1181, 1970, 1222, 1978, 1203, 1960, 1145, 1947, 988, 1938
]],
"image_id": rb782u_-ctl_-07.czi ,
"area": 3661.4446 ,
"bbox": 895 1930 327 48 
 
"id": 0001-0554-1846 ,
"category_id": 0,
"iscrowd": 0,
"segmentation": [[TAGDELETE
1721, 860, 1740, 833, 1819, 688, 1913, 417, 1940, 304, 1971, 249, 1949, 381, 1924, 508, 1849, 695, 1801, 795, 1741, 853
]],
"image_id": rb782u_-ctl_-07.czi ,
"area": 15731.5976 ,
"bbox": 1721 249 250 611 
 
"id": 0001-0952-2511 ,
"category_id": 0,
"iscrowd": 0,
"segmentation": [[TAGDELETE
2624, 728, 2624, 958, 2615, 1028, 2597, 1082, 2565, 1123, 2507, 1162, 2468, 1177, 2399, 1168, 2472, 1156, 2531, 1123, 2573, 1073, 2595, 992, 2605, 804, 2609, 751
]],
"image_id": rb782u_-ctl_-07.czi ,
"area": 9829.2598 ,
"bbox": 2399 728 225 449 
 
"id": 0001-0955-2464 ,
"category_id": 0,
"iscrowd": 0,
"segmentation": [[TAGDELETE
2585, 764, 2487, 782, 2425, 817, 2373, 878, 2347, 942, 2343, 977, 2348, 1018, 2379, 1084, 2417, 1123, 2477, 1146, 2421, 1100, 2384, 1045, 2371, 980, 2381, 917, 2437, 839, 2502, 800, 2579, 777
]],
"image_id": rb782u_-ctl_-07.czi ,
"area": 10073.3012 ,
"bbox": 2343 764 242 382 
 
"id": 0001-1474-2279 ,
"category_id": 0,
"iscrowd": 0,
"segmentation": [[TAGDELETE
2576, 1542, 2487, 1500, 2422, 1455, 2365, 1430, 2288, 1411, 2225, 1406, 2197, 1406, 2131, 1413, 2046, 1428, 1983, 1427, 1992, 1442, 2022, 1449, 2094, 1447, 2184, 1436, 2276, 1444, 2341, 1456, 2415, 1484, 2479, 1518, 2533, 1529
]],
"image_id": rb782u_-ctl_-07.czi ,
"area": 12633.2619 ,
"bbox": 1983 1406 593 136 
 
