"id": 0001-1254-0294 ,
"category_id": 0,
"iscrowd": 0,
"segmentation": [[TAGDELETE
429, 916, 333, 1004, 261, 1082, 203, 1189, 168, 1289, 160, 1385, 185, 1454, 237, 1509, 293, 1553, 355, 1593, 308, 1525, 235, 1457, 211, 1400, 205, 1333, 227, 1246, 281, 1128, 411, 948
]],
"image_id": rb782u_-ctl_-11.czi ,
"area": 23246.5869 ,
"bbox": 160 916 269 677 
 
"id": 0001-1280-0535 ,
"category_id": 0,
"iscrowd": 0,
"segmentation": [[TAGDELETE
372, 1144, 364, 1194, 377, 1290, 404, 1354, 448, 1398, 472, 1412, 523, 1416, 595, 1393, 707, 1326, 677, 1330, 563, 1376, 504, 1385, 465, 1378, 419, 1320, 389, 1237
]],
"image_id": rb782u_-ctl_-11.czi ,
"area": 10037.8492 ,
"bbox": 364 1144 343 272 
 
"id": 0001-0955-0737 ,
"category_id": 0,
"iscrowd": 0,
"segmentation": [[TAGDELETE
843, 726, 812, 872, 768, 986, 695, 1089, 623, 1184, 699, 1116, 784, 1010, 828, 917, 851, 830, 852, 762
]],
"image_id": rb782u_-ctl_-11.czi ,
"area": 9177.1088 ,
"bbox": 623 726 229 458 
 
"id": 0001-0879-1190 ,
"category_id": 0,
"iscrowd": 0,
"segmentation": [[TAGDELETE
1291, 591, 1270, 647, 1230, 937, 1183, 1035, 1089, 1167, 1118, 1079, 1162, 985, 1187, 940, 1206, 827, 1218, 737, 1238, 649, 1262, 596
]],
"image_id": rb782u_-ctl_-11.czi ,
"area": 16730.0235 ,
"bbox": 1089 591 202 576 
 
"id": 0001-0950-1787 ,
"category_id": 0,
"iscrowd": 0,
"segmentation": [[TAGDELETE
1850, 720, 1805, 836, 1726, 1084, 1723, 1139, 1745, 1181, 1749, 1143, 1747, 1105, 1777, 1032, 1815, 936, 1851, 775
]],
"image_id": rb782u_-ctl_-11.czi ,
"area": 10910.1321 ,
"bbox": 1723 720 128 461 
 
"id": 0001-1206-1779 ,
"category_id": 0,
"iscrowd": 0,
"segmentation": [[TAGDELETE
1610, 909, 1612, 955, 1642, 1055, 1721, 1272, 1758, 1319, 1797, 1380, 1949, 1508, 1905, 1435, 1804, 1325, 1733, 1183, 1645, 955, 1634, 905
]],
"image_id": rb782u_-ctl_-11.czi ,
"area": 20405.484 ,
"bbox": 1610 905 339 603 
 
"id": 0001-0472-2373 ,
"category_id": 0,
"iscrowd": 0,
"segmentation": [[TAGDELETE
2438, 286, 2311, 382, 2265, 440, 2250, 512, 2271, 586, 2299, 628, 2357, 662, 2411, 658, 2453, 624, 2481, 578, 2496, 536, 2493, 493, 2479, 472, 2475, 518, 2435, 598, 2394, 623, 2347, 611, 2315, 581, 2300, 553, 2298, 518, 2304, 471, 2328, 428, 2384, 372, 2425, 331, 2481, 285, 2463, 283
]],
"image_id": rb782u_-ctl_-11.czi ,
"area": 21088.1402 ,
"bbox": 2250 283 246 379 
 
"id": 0001-1800-2154 ,
"category_id": 0,
"iscrowd": 0,
"segmentation": [[TAGDELETE
2146, 1543, 2085, 1669, 2066, 1766, 2081, 1886, 2113, 1967, 2153, 2010, 2242, 2058, 2221, 2025, 2165, 1981, 2128, 1927, 2109, 1877, 2100, 1801, 2105, 1715, 2138, 1573
]],
"image_id": rb782u_-ctl_-11.czi ,
"area": 11943.1855 ,
"bbox": 2066 1543 176 515 
 
"id": 0001-1275-2549 ,
"category_id": 0,
"iscrowd": 0,
"segmentation": [[TAGDELETE
2671, 1106, 2596, 1146, 2530, 1209, 2460, 1294, 2430, 1348, 2428, 1393, 2444, 1424, 2481, 1444, 2516, 1436, 2556, 1416, 2627, 1313, 2598, 1329, 2553, 1373, 2509, 1404, 2483, 1407, 2466, 1392, 2464, 1360, 2519, 1276, 2588, 1189, 2626, 1164, 2655, 1127
]],
"image_id": rb782u_-ctl_-11.czi ,
"area": 14684.5283 ,
"bbox": 2428 1106 243 338 
 
