"id": 0001-0982-2414 ,
"category_id": 0,
"iscrowd": 0,
"segmentation": [[TAGDELETE
2402, 708, 2372, 804, 2339, 887, 2337, 949, 2370, 1045, 2436, 1126, 2490, 1192, 2523, 1256, 2422, 1149, 2351, 1066, 2323, 1003, 2307, 952, 2305, 904, 2323, 841, 2373, 744, 2384, 726
]],
"image_id": rb782u_50um_-04.czi ,
"area": 12462.5978 ,
"bbox": 2305 708 218 548 
 
"id": 0001-1296-1822 ,
"category_id": 0,
"iscrowd": 0,
"segmentation": [[TAGDELETE
1806, 1015, 1748, 1117, 1750, 1239, 1812, 1335, 1850, 1397, 1872, 1557, 1892, 1577, 1896, 1459, 1876, 1367, 1792, 1225, 1782, 1137, 1812, 1053
]],
"image_id": rb782u_50um_-04.czi ,
"area": 16355.7168 ,
"bbox": 1748 1015 148 562 
 
"id": 0001-1517-2323 ,
"category_id": 0,
"iscrowd": 0,
"segmentation": [[TAGDELETE
2063, 1671, 2100, 1669, 2210, 1586, 2321, 1512, 2414, 1436, 2469, 1392, 2520, 1365, 2583, 1359, 2564, 1378, 2518, 1394, 2467, 1431, 2368, 1517, 2255, 1587, 2148, 1660, 2100, 1676
]],
"image_id": rb782u_50um_-04.czi ,
"area": 12446.1085 ,
"bbox": 2063 1359 520 317 
 
"id": 0001-1608-2180 ,
"category_id": 0,
"iscrowd": 0,
"segmentation": [[TAGDELETE
2467, 1491, 2318, 1612, 2219, 1675, 2148, 1692, 2093, 1691, 2061, 1676, 1999, 1581, 1968, 1549, 1922, 1507, 1894, 1502, 1921, 1533, 1979, 1610, 2025, 1690, 2081, 1725, 2166, 1726, 2231, 1705, 2330, 1640, 2436, 1537
]],
"image_id": rb782u_50um_-04.czi ,
"area": 16896.5652 ,
"bbox": 1894 1491 573 235 
 
"id": 0001-1897-0909 ,
"category_id": 0,
"iscrowd": 0,
"segmentation": [[TAGDELETE
626, 1725, 662, 1878, 704, 1964, 751, 2011, 804, 2041, 842, 2059, 923, 2070, 994, 2065, 1075, 2028, 1193, 1941, 1154, 1949, 1045, 2005, 978, 2031, 914, 2036, 846, 2025, 805, 2006, 757, 1974, 706, 1904, 658, 1800
]],
"image_id": rb782u_50um_-04.czi ,
"area": 17350.0204 ,
"bbox": 626 1725 567 345 
 
"id": 0001-1750-0848 ,
"category_id": 0,
"iscrowd": 0,
"segmentation": [[TAGDELETE
951, 1467, 879, 1525, 808, 1566, 751, 1642, 720, 1737, 717, 1839, 744, 1906, 795, 1963, 848, 1998, 901, 2026, 944, 2033, 979, 2029, 931, 2018, 887, 1994, 812, 1923, 773, 1877, 759, 1837, 759, 1777, 777, 1677, 796, 1637, 903, 1538, 935, 1495
]],
"image_id": rb782u_50um_-04.czi ,
"area": 20478.8613 ,
"bbox": 717 1467 262 566 
 
"id": 0001-1505-0705 ,
"category_id": 0,
"iscrowd": 0,
"segmentation": [[TAGDELETE
907, 1331, 817, 1362, 736, 1401, 683, 1449, 627, 1481, 541, 1514, 507, 1555, 503, 1598, 521, 1631, 556, 1663, 595, 1679, 548, 1623, 531, 1601, 543, 1554, 592, 1525, 676, 1495, 740, 1437, 815, 1393, 881, 1361
]],
"image_id": rb782u_50um_-04.czi ,
"area": 13184.0038 ,
"bbox": 503 1331 404 348 
 
"id": 0001-1200-0714 ,
"category_id": 0,
"iscrowd": 0,
"segmentation": [[TAGDELETE
1003, 1076, 951, 1131, 887, 1165, 820, 1171, 788, 1170, 727, 1189, 703, 1204, 645, 1263, 596, 1296, 505, 1310, 461, 1313, 425, 1325, 467, 1287, 580, 1265, 606, 1255, 646, 1209, 698, 1168, 760, 1142, 850, 1137, 890, 1132, 950, 1111, 986, 1085
]],
"image_id": rb782u_50um_-04.czi ,
"area": 14529.5291 ,
"bbox": 425 1076 578 249 
 
"id": 0001-1922-1497 ,
"category_id": 0,
"iscrowd": 0,
"segmentation": [[TAGDELETE
1303, 2161, 1317, 2102, 1350, 2057, 1437, 1951, 1483, 1895, 1569, 1833, 1632, 1782, 1690, 1720, 1704, 1683, 1616, 1766, 1564, 1798, 1468, 1864, 1417, 1916, 1345, 2023, 1322, 2043, 1290, 2113, 1295, 2151
]],
"image_id": rb782u_50um_-04.czi ,
"area": 14093.3876 ,
"bbox": 1290 1683 414 478 
 
"id": 0001-0542-0609 ,
"category_id": 0,
"iscrowd": 0,
"segmentation": [[TAGDELETE
376, 609, 401, 598, 429, 596, 455, 610, 482, 626, 539, 619, 595, 583, 644, 499, 684, 453, 740, 433, 781, 440, 812, 465, 842, 526, 814, 494, 791, 470, 753, 463, 719, 467, 683, 495, 653, 534, 627, 583, 592, 622, 546, 645, 496, 652, 455, 644, 434, 625, 416, 615, 401, 613
]],
"image_id": rb782u_50um_-04.czi ,
"area": 11473.241 ,
"bbox": 376 433 466 219 
 
"id": 0001-0264-1107 ,
"category_id": 0,
"iscrowd": 0,
"segmentation": [[TAGDELETE
1225, 113, 1143, 170, 1052, 223, 1009, 266, 991, 307, 990, 338, 1008, 371, 1043, 399, 1091, 411, 1126, 413, 1159, 413, 1199, 416, 1220, 414, 1197, 399, 1123, 391, 1065, 380, 1035, 365, 1018, 340, 1018, 307, 1035, 270, 1094, 231, 1162, 185, 1213, 136
]],
"image_id": rb782u_50um_-04.czi ,
"area": 10342.0764 ,
"bbox": 990 113 235 303 
 
