"id": 0001-1916-0454 ,
"category_id": 0,
"iscrowd": 0,
"segmentation": [[TAGDELETE
650, 1712, 580, 1726, 417, 1796, 370, 1835, 335, 1868, 305, 1928, 282, 2004, 258, 2121, 301, 2017, 345, 1905, 386, 1852, 445, 1813, 559, 1765, 639, 1727
]],
"image_id": rb782u_DMSO_-15.czi ,
"area": 11343.8002 ,
"bbox": 258 1712 392 409 
 
"id": 0001-1229-1156 ,
"category_id": 0,
"iscrowd": 0,
"segmentation": [[TAGDELETE
852, 1056, 1003, 1179, 1264, 1323, 1460, 1403, 1376, 1337, 1206, 1241, 1024, 1137, 887, 1064
]],
"image_id": rb782u_DMSO_-15.czi ,
"area": 19725.3012 ,
"bbox": 852 1056 608 347 
 
"id": 0001-0917-2047 ,
"category_id": 0,
"iscrowd": 0,
"segmentation": [[TAGDELETE
1674, 958, 1757, 880, 1821, 848, 1894, 835, 1994, 839, 2102, 872, 2264, 931, 2350, 956, 2421, 1000, 2352, 990, 2185, 947, 2053, 896, 1965, 879, 1882, 871, 1813, 884, 1702, 943
]],
"image_id": rb782u_DMSO_-15.czi ,
"area": 21107.1029 ,
"bbox": 1674 835 747 165 
 
"id": 0001-0935-1896 ,
"category_id": 0,
"iscrowd": 0,
"segmentation": [[TAGDELETE
1614, 1152, 1620, 1055, 1628, 977, 1653, 912, 1746, 832, 1876, 755, 1993, 721, 2142, 719, 2178, 733, 2133, 747, 2050, 756, 1953, 769, 1876, 803, 1796, 848, 1714, 907, 1674, 957, 1648, 1032, 1632, 1092
]],
"image_id": rb782u_DMSO_-15.czi ,
"area": 21520.9838 ,
"bbox": 1614 719 564 433 
 
"id": 0001-0228-1734 ,
"category_id": 0,
"iscrowd": 0,
"segmentation": [[TAGDELETE
1372, 397, 1479, 331, 1649, 234, 1734, 177, 1848, 125, 1949, 93, 2096, 60, 1962, 120, 1883, 149, 1779, 197, 1693, 246, 1585, 321, 1493, 367, 1419, 392
]],
"image_id": rb782u_DMSO_-15.czi ,
"area": 20370.032 ,
"bbox": 1372 60 724 337 
 
