"id": 0001-0436-2262 ,
"category_id": 0,
"iscrowd": 0,
"segmentation": [[TAGDELETE
2372, 136, 2372, 177, 2289, 431, 2153, 737, 2180, 635, 2249, 453, 2326, 239
]],
"image_id": rb782u_25um_-09.czi ,
"area": 10990.9296 ,
"bbox": 2153 136 219 601 
 
"id": 0001-1174-1382 ,
"category_id": 0,
"iscrowd": 0,
"segmentation": [[TAGDELETE
1414, 852, 1383, 888, 1360, 931, 1352, 1003, 1350, 1119, 1372, 1299, 1380, 1496, 1402, 1332, 1394, 1204, 1382, 1084, 1382, 974, 1392, 912, 1406, 876
]],
"image_id": rb782u_25um_-09.czi ,
"area": 13295.3065 ,
"bbox": 1350 852 64 644 
 
"id": 0001-0752-0802 ,
"category_id": 0,
"iscrowd": 0,
"segmentation": [[TAGDELETE
1061, 900, 965, 842, 783, 720, 634, 638, 544, 604, 566, 626, 651, 673, 771, 743, 884, 824, 984, 878, 1013, 891
]],
"image_id": rb782u_25um_-09.czi ,
"area": 10831.808 ,
"bbox": 544 604 517 296 
 
"id": 0001-0722-0716 ,
"category_id": 0,
"iscrowd": 0,
"segmentation": [[TAGDELETE
959, 883, 791, 794, 617, 697, 519, 629, 475, 579, 473, 561, 523, 604, 603, 652, 811, 777, 914, 845, 935, 864
]],
"image_id": rb782u_25um_-09.czi ,
"area": 10602.607 ,
"bbox": 473 561 486 322 
 
"id": 0001-1165-0740 ,
"category_id": 0,
"iscrowd": 0,
"segmentation": [[TAGDELETE
527, 1213, 574, 1190, 752, 1121, 783, 1117, 853, 1121, 916, 1137, 954, 1157, 848, 1140, 779, 1139, 740, 1148, 661, 1182, 574, 1207
]],
"image_id": rb782u_25um_-09.czi ,
"area": 6520.6858 ,
"bbox": 527 1117 427 96 
 
"id": 0001-0557-0766 ,
"category_id": 0,
"iscrowd": 0,
"segmentation": [[TAGDELETE
1034, 747, 982, 669, 839, 561, 756, 500, 702, 459, 586, 423, 498, 368, 727, 436, 804, 489, 978, 619, 1020, 683, 1032, 716
]],
"image_id": rb782u_25um_-09.czi ,
"area": 15977.2879 ,
"bbox": 498 368 536 379 
 
"id": 0001-0332-0302 ,
"category_id": 0,
"iscrowd": 0,
"segmentation": [[TAGDELETE
430, 563, 338, 540, 259, 500, 206, 443, 176, 380, 174, 321, 183, 269, 239, 208, 287, 130, 320, 102, 264, 218, 214, 282, 198, 339, 206, 377, 241, 432, 292, 483, 345, 522, 412, 542
]],
"image_id": rb782u_25um_-09.czi ,
"area": 13012.5153 ,
"bbox": 174 102 256 461 
 
