"id": 0001-0361-2576 ,
"category_id": 0,
"iscrowd": 0,
"segmentation": [[TAGDELETE
2729, 606, 2649, 562, 2482, 413, 2444, 367, 2428, 314, 2423, 259, 2437, 212, 2471, 167, 2517, 137, 2562, 116, 2513, 166, 2480, 204, 2458, 245, 2461, 309, 2517, 393, 2605, 482, 2683, 566
]],
"image_id": rb782u_DMSO_-05.czi ,
"area": 15285.5626 ,
"bbox": 2423 116 306 490 
 
"id": 0001-0380-1906 ,
"category_id": 0,
"iscrowd": 0,
"segmentation": [[TAGDELETE
2022, 144, 1948, 174, 1864, 228, 1824, 265, 1792, 312, 1782, 353, 1779, 382, 1795, 439, 1822, 493, 1869, 539, 1935, 579, 2033, 617, 1950, 568, 1873, 500, 1840, 461, 1821, 425, 1812, 391, 1814, 359, 1827, 311, 1871, 259, 1950, 202, 2011, 164
]],
"image_id": rb782u_DMSO_-05.czi ,
"area": 14183.2542 ,
"bbox": 1779 144 254 473 
 
"id": 0001-1892-2379 ,
"category_id": 0,
"iscrowd": 0,
"segmentation": [[TAGDELETE
2642, 1847, 2552, 1799, 2444, 1707, 2393, 1686, 2309, 1689, 2253, 1711, 2210, 1765, 2162, 1866, 2133, 1963, 2124, 2022, 2116, 2098, 2144, 2054, 2165, 1977, 2184, 1914, 2230, 1834, 2292, 1743, 2345, 1727, 2434, 1755, 2550, 1830, 2612, 1846
]],
"image_id": rb782u_DMSO_-05.czi ,
"area": 24755.3561 ,
"bbox": 2116 1686 526 412 
 
"id": 0001-1435-1308 ,
"category_id": 0,
"iscrowd": 0,
"segmentation": [[TAGDELETE
1405, 1151, 1378, 1180, 1273, 1312, 1233, 1378, 1216, 1439, 1211, 1490, 1220, 1548, 1267, 1627, 1296, 1670, 1351, 1720, 1305, 1660, 1256, 1535, 1252, 1495, 1256, 1436, 1282, 1365, 1319, 1312, 1361, 1259, 1402, 1186, 1405, 1169
]],
"image_id": rb782u_DMSO_-05.czi ,
"area": 15926.1711 ,
"bbox": 1211 1151 194 569 
 
"id": 0001-0619-0890 ,
"category_id": 0,
"iscrowd": 0,
"segmentation": [[TAGDELETE
1120, 410, 975, 424, 907, 446, 810, 520, 716, 629, 663, 753, 660, 828, 751, 669, 850, 538, 927, 469, 1074, 438
]],
"image_id": rb782u_DMSO_-05.czi ,
"area": 18884.3479 ,
"bbox": 660 410 460 418 
 
"id": 0001-1267-0595 ,
"category_id": 0,
"iscrowd": 0,
"segmentation": [[TAGDELETE
820, 1531, 740, 1440, 663, 1281, 623, 1229, 448, 1111, 394, 1056, 370, 1003, 406, 1035, 495, 1099, 602, 1161, 682, 1237, 735, 1321, 772, 1415, 790, 1481
]],
"image_id": rb782u_DMSO_-05.czi ,
"area": 19497.7491 ,
"bbox": 370 1003 450 528 
 
"id": 0001-1183-0404 ,
"category_id": 0,
"iscrowd": 0,
"segmentation": [[TAGDELETE
684, 1503, 587, 1444, 483, 1339, 445, 1296, 415, 1226, 391, 1148, 349, 1071, 304, 1010, 253, 966, 159, 906, 124, 864, 185, 884, 292, 935, 357, 992, 389, 1042, 428, 1112, 453, 1202, 476, 1251, 529, 1338, 648, 1468
]],
"image_id": rb782u_DMSO_-05.czi ,
"area": 27050.6638 ,
"bbox": 124 864 560 639 
 
