"id": 0001-0864-0432 ,
"category_id": 0,
"iscrowd": 0,
"segmentation": [[TAGDELETE
302, 746, 305, 901, 342, 963, 387, 983, 455, 978, 511, 913, 559, 836, 562, 794, 492, 893, 435, 952, 379, 947, 339, 910, 331, 859
]],
"image_id": rb782i_50um_-09.czi ,
"area": 10300.8532 ,
"bbox": 302 746 260 237 
 
"id": 0001-1127-0275 ,
"category_id": 0,
"iscrowd": 0,
"segmentation": [[TAGDELETE
119, 1130, 181, 1209, 268, 1257, 356, 1257, 410, 1212, 432, 1127, 424, 1060, 401, 997, 407, 1116, 398, 1173, 359, 1223, 308, 1235, 206, 1192, 147, 1147
]],
"image_id": rb782i_50um_-09.czi ,
"area": 10195.3218 ,
"bbox": 119 997 313 260 
 
"id": 0001-0459-1638 ,
"category_id": 0,
"iscrowd": 0,
"segmentation": [[TAGDELETE
1777, 240, 1780, 322, 1774, 353, 1743, 413, 1718, 551, 1704, 593, 1667, 639, 1472, 664, 1571, 678, 1659, 670, 1732, 616, 1769, 497, 1769, 446, 1805, 359, 1800, 305
]],
"image_id": rb782i_50um_-09.czi ,
"area": 13917.7768 ,
"bbox": 1472 240 333 438 
 
"id": 0001-1352-2481 ,
"category_id": 0,
"iscrowd": 0,
"segmentation": [[TAGDELETE
2642, 1125, 2631, 1271, 2594, 1399, 2563, 1466, 2506, 1537, 2433, 1568, 2320, 1579, 2467, 1509, 2534, 1447, 2585, 1325, 2622, 1195
]],
"image_id": rb782i_50um_-09.czi ,
"area": 14185.7276 ,
"bbox": 2320 1125 322 454 