"id": 0001-1237-1331 ,
"category_id": 0,
"iscrowd": 0,
"segmentation": [[TAGDELETE
1475, 1308, 1368, 1260, 1311, 1181, 1274, 1144, 1223, 1144, 1187, 1167, 1187, 1212, 1201, 1255, 1229, 1294, 1269, 1325, 1339, 1331, 1384, 1331, 1418, 1325, 1353, 1300, 1317, 1294, 1274, 1271, 1249, 1246, 1235, 1215, 1238, 1190, 1255, 1178, 1286, 1223, 1325, 1277, 1421, 1319
]],
"image_id": rb782i_-ctl_-08.czi ,
"area": 18848.896 ,
"bbox": 1187 1144 288 187 
 
"id": 0001-1147-1706 ,
"category_id": 0,
"iscrowd": 0,
"segmentation": [[TAGDELETE
1449, 1085, 1611, 1054, 1678, 1060, 1794, 1122, 1930, 1201, 1964, 1240, 1845, 1192, 1743, 1127, 1656, 1085, 1557, 1085
]],
"image_id": rb782i_-ctl_-08.czi ,
"area": 11291.0345 ,
"bbox": 1449 1054 515 186 
 
"id": 0001-0864-0277 ,
"category_id": 0,
"iscrowd": 0,
"segmentation": [[TAGDELETE
167, 565, 226, 735, 285, 924, 387, 1164, 364, 1031, 308, 842, 243, 670
]],
"image_id": rb782i_-ctl_-08.czi ,
"area": 16507.4182 ,
"bbox": 167 565 220 599 
 
"id": 0001-0443-1482 ,
"category_id": 0,
"iscrowd": 0,
"segmentation": [[TAGDELETE
1221, 432, 1286, 393, 1379, 370, 1526, 415, 1667, 463, 1743, 517, 1517, 441, 1396, 410, 1325, 404, 1271, 427
]],
"image_id": rb782i_-ctl_-08.czi ,
"area": 11059.3601 ,
"bbox": 1221 370 522 147 
 
"id": 0001-1781-0570 ,
"category_id": 0,
"iscrowd": 0,
"segmentation": [[TAGDELETE
356, 1794, 441, 1769, 528, 1763, 627, 1774, 723, 1774, 785, 1783, 689, 1800, 574, 1786, 418, 1800
]],
"image_id": rb782i_-ctl_-08.czi ,
"area": 7074.7256 ,
"bbox": 356 1763 429 37 
 
"id": 0001-1995-0418 ,
"category_id": 0,
"iscrowd": 0,
"segmentation": [[TAGDELETE
526, 1845, 429, 1873, 356, 1913, 311, 1972, 311, 2034, 328, 2085, 373, 2113, 424, 2136, 461, 2145, 511, 2139, 418, 2102, 373, 2091, 339, 2043, 339, 1992, 373, 1941, 452, 1896, 503, 1868
]],
"image_id": rb782i_-ctl_-08.czi ,
"area": 11106.3545 ,
"bbox": 311 1845 215 300 
 
"id": 0001-0447-2486 ,
"category_id": 0,
"iscrowd": 0,
"segmentation": [[TAGDELETE
2323, 203, 2359, 277, 2382, 350, 2419, 418, 2492, 483, 2551, 554, 2611, 641, 2650, 692, 2582, 551, 2540, 489, 2455, 404, 2407, 328, 2362, 249
]],
"image_id": rb782i_-ctl_-08.czi ,
"area": 11544.1449 ,
"bbox": 2323 203 327 489 
 
"id": 0001-1576-1609 ,
"category_id": 0,
"iscrowd": 0,
"segmentation": [[TAGDELETE
1427, 1359, 1449, 1466, 1483, 1562, 1551, 1650, 1636, 1724, 1698, 1763, 1791, 1794, 1664, 1701, 1599, 1644, 1534, 1574, 1481, 1466, 1464, 1416
]],
"image_id": rb782i_-ctl_-08.czi ,
"area": 14026.606 ,
"bbox": 1427 1359 364 435 
 
"id": 0001-1712-1817 ,
"category_id": 0,
"iscrowd": 0,
"segmentation": [[TAGDELETE
2029, 1890, 1944, 1856, 1805, 1743, 1675, 1653, 1616, 1579, 1605, 1534, 1656, 1596, 1729, 1661, 1817, 1715, 1955, 1820, 2017, 1862
]],
"image_id": rb782i_-ctl_-08.czi ,
"area": 12144.3547 ,
"bbox": 1605 1534 424 356 
 
"id": 0001-1579-1705 ,
"category_id": 0,
"iscrowd": 0,
"segmentation": [[TAGDELETE
1941, 1715, 1868, 1653, 1766, 1577, 1712, 1543, 1582, 1489, 1469, 1444, 1520, 1500, 1594, 1534, 1709, 1577, 1820, 1656, 1887, 1701
]],
"image_id": rb782i_-ctl_-08.czi ,
"area": 12892.968 ,
"bbox": 1469 1444 472 271 
 
