"id": 0001-0778-0760 ,
"category_id": 0,
"iscrowd": 0,
"segmentation": [[TAGDELETE
1014, 610, 882, 744, 715, 830, 590, 899, 507, 947, 556, 940, 863, 787, 926, 743, 1004, 644
]],
"image_id": rb782u_25um_-04.czi ,
"area": 11892.0687 ,
"bbox": 507 610 507 337 
 
"id": 0001-1082-0828 ,
"category_id": 0,
"iscrowd": 0,
"segmentation": [[TAGDELETE
538, 1167, 578, 1150, 954, 1039, 1119, 994, 1063, 1034, 868, 1096, 760, 1140, 592, 1171
]],
"image_id": rb782u_25um_-04.czi ,
"area": 13897.9896 ,
"bbox": 538 994 581 177 
 
"id": 0001-1724-0696 ,
"category_id": 0,
"iscrowd": 0,
"segmentation": [[TAGDELETE
796, 2008, 763, 1907, 723, 1812, 659, 1688, 632, 1619, 622, 1544, 596, 1440, 596, 1564, 616, 1651, 670, 1757, 714, 1853, 786, 1997
]],
"image_id": rb782u_25um_-04.czi ,
"area": 9879.5521 ,
"bbox": 596 1440 200 568 
 
"id": 0001-1628-1293 ,
"category_id": 0,
"iscrowd": 0,
"segmentation": [[TAGDELETE
1155, 1869, 1176, 1805, 1195, 1735, 1240, 1644, 1328, 1519, 1436, 1387, 1327, 1483, 1250, 1575, 1207, 1639, 1167, 1731, 1150, 1819
]],
"image_id": rb782u_25um_-04.czi ,
"area": 10497.9001 ,
"bbox": 1150 1387 286 482 
 
"id": 0001-1489-0934 ,
"category_id": 0,
"iscrowd": 0,
"segmentation": [[TAGDELETE
1094, 1783, 1051, 1681, 956, 1485, 871, 1280, 818, 1219, 775, 1196, 820, 1255, 894, 1413, 974, 1611, 1075, 1777
]],
"image_id": rb782u_25um_-04.czi ,
"area": 15846.1981 ,
"bbox": 775 1196 319 587 
 
"id": 0001-0365-1900 ,
"category_id": 0,
"iscrowd": 0,
"segmentation": [[TAGDELETE
2183, 591, 2077, 429, 1972, 283, 1897, 215, 1817, 169, 1765, 147, 1705, 140, 1617, 148, 1725, 175, 1817, 200, 1901, 263, 1988, 359, 2068, 467, 2131, 544
]],
"image_id": rb782u_25um_-04.czi ,
"area": 16993.852 ,
"bbox": 1617 140 566 451 
 
"id": 0001-0288-2196 ,
"category_id": 0,
"iscrowd": 0,
"segmentation": [[TAGDELETE
2488, 357, 2395, 273, 2307, 239, 2211, 236, 2112, 244, 1996, 227, 1904, 219, 1941, 249, 2141, 275, 2215, 263, 2305, 272, 2373, 289, 2453, 349
]],
"image_id": rb782u_25um_-04.czi ,
"area": 13002.6217 ,
"bbox": 1904 219 584 138 
 
"id": 0001-1257-1861 ,
"category_id": 0,
"iscrowd": 0,
"segmentation": [[TAGDELETE
1642, 1389, 1727, 1370, 1829, 1350, 2006, 1277, 2042, 1237, 2054, 1210, 2060, 1140, 2066, 1124, 2080, 1149, 2077, 1203, 2070, 1232, 2059, 1252, 2044, 1272, 2009, 1296, 1925, 1332, 1840, 1367, 1769, 1384, 1721, 1391, 1671, 1387
]],
"image_id": rb782u_25um_-04.czi ,
"area": 8642.0316 ,
"bbox": 1642 1124 438 267 
 
"id": 0001-0726-1748 ,
"category_id": 0,
"iscrowd": 0,
"segmentation": [[TAGDELETE
1912, 489, 1812, 586, 1743, 644, 1679, 740, 1627, 834, 1585, 964, 1676, 799, 1734, 702, 1845, 589, 1896, 525
]],
"image_id": rb782u_25um_-04.czi ,
"area": 10520.1606 ,
"bbox": 1585 489 327 475 
 
"id": 0001-0353-1677 ,
"category_id": 0,
"iscrowd": 0,
"segmentation": [[TAGDELETE
1944, 491, 1906, 462, 1815, 423, 1718, 346, 1632, 279, 1545, 233, 1496, 219, 1466, 216, 1411, 229, 1450, 237, 1489, 242, 1539, 264, 1612, 300, 1705, 367, 1788, 436, 1844, 457, 1910, 480
]],
"image_id": rb782u_25um_-04.czi ,
"area": 11365.2362 ,
"bbox": 1411 216 533 275 
 
"id": 0001-2057-2317 ,
"category_id": 0,
"iscrowd": 0,
"segmentation": [[TAGDELETE
1966, 2021, 2007, 2053, 2059, 2063, 2126, 2060, 2219, 2041, 2283, 2040, 2419, 2070, 2523, 2091, 2583, 2107, 2619, 2103, 2669, 2110, 2559, 2075, 2389, 2029, 2310, 2009, 2260, 2005, 2198, 2012, 2077, 2039, 2046, 2040, 1990, 2026
]],
"image_id": rb782u_25um_-04.czi ,
"area": 15439.7373 ,
"bbox": 1966 2005 703 105 
 
"id": 0001-1949-2299 ,
"category_id": 0,
"iscrowd": 0,
"segmentation": [[TAGDELETE
1991, 1924, 2097, 1862, 2179, 1820, 2271, 1809, 2344, 1834, 2449, 1909, 2536, 1993, 2610, 2090, 2569, 2078, 2445, 1956, 2407, 1920, 2331, 1869, 2284, 1850, 2222, 1850, 2139, 1870, 2051, 1914, 1989, 1930
]],
"image_id": rb782u_25um_-04.czi ,
"area": 18654.3225 ,
"bbox": 1989 1809 621 281 
 
