"id": 0001-0986-0306 ,
"category_id": 0,
"iscrowd": 0,
"segmentation": [[TAGDELETE
243, 773, 277, 920, 307, 1018, 358, 1146, 376, 1199, 366, 1199, 327, 1128, 270, 979, 252, 903, 237, 827
]],
"image_id": rb782i_DMSO_-05.czi ,
"area": 6915.604 ,
"bbox": 237 773 139 426 
 
"id": 0001-0687-1755 ,
"category_id": 0,
"iscrowd": 0,
"segmentation": [[TAGDELETE
1945, 497, 1934, 536, 1929, 573, 1921, 632, 1897, 696, 1850, 757, 1793, 802, 1706, 838, 1561, 877, 1666, 870, 1761, 840, 1822, 813, 1886, 754, 1928, 696, 1950, 622, 1950, 550
]],
"image_id": rb782i_DMSO_-05.czi ,
"area": 10200.2686 ,
"bbox": 1561 497 389 380 
 
"id": 0001-0993-1340 ,
"category_id": 0,
"iscrowd": 0,
"segmentation": [[TAGDELETE
1614, 1042, 1558, 1041, 1521, 1033, 1451, 1026, 1339, 1020, 1233, 1008, 1169, 996, 1114, 974, 1066, 948, 1077, 944, 1111, 949, 1173, 972, 1205, 980, 1298, 994, 1387, 999, 1456, 1003, 1501, 1010, 1564, 1030, 1581, 1037
]],
"image_id": rb782i_DMSO_-05.czi ,
"area": 8992.4288 ,
"bbox": 1066 944 548 98 
 
"id": 0001-1442-1104 ,
"category_id": 0,
"iscrowd": 0,
"segmentation": [[TAGDELETE
1298, 1610, 1295, 1584, 1294, 1545, 1282, 1511, 1259, 1481, 1217, 1446, 1158, 1411, 1060, 1360, 960, 1313, 894, 1275, 1035, 1322, 1132, 1372, 1181, 1395, 1250, 1440, 1288, 1481, 1310, 1515, 1314, 1553, 1311, 1583, 1306, 1597
]],
"image_id": rb782i_DMSO_-05.czi ,
"area": 9275.22 ,
"bbox": 894 1275 420 335 
 
"id": 0001-2026-2146 ,
"category_id": 0,
"iscrowd": 0,
"segmentation": [[TAGDELETE
1882, 2073, 1929, 2057, 2080, 2037, 2241, 2007, 2343, 1981, 2411, 1973, 2275, 2017, 2136, 2051, 2006, 2069, 1905, 2080
]],
"image_id": rb782i_DMSO_-05.czi ,
"area": 7924.748 ,
"bbox": 1882 1973 529 107 
 
"id": 0001-2084-1634 ,
"category_id": 0,
"iscrowd": 0,
"segmentation": [[TAGDELETE
1394, 2098, 1456, 2084, 1503, 2077, 1647, 2070, 1763, 2066, 1874, 2068, 1838, 2078, 1707, 2088, 1679, 2093, 1607, 2094, 1500, 2100, 1433, 2102, 1405, 2100
]],
"image_id": rb782i_DMSO_-05.czi ,
"area": 7001.3483 ,
"bbox": 1394 2066 480 36 
 
