"id": 0001-1557-0449 ,
"category_id": 0,
"iscrowd": 0,
"segmentation": [[TAGDELETE
254, 1365, 339, 1421, 432, 1483, 514, 1568, 571, 1659, 644, 1749, 576, 1608, 466, 1489, 362, 1404
]],
"image_id": rb782i_-ctl_-12.czi ,
"area": 8622.2445 ,
"bbox": 254 1365 390 384 
 
"id": 0001-1574-0722 ,
"category_id": 0,
"iscrowd": 0,
"segmentation": [[TAGDELETE
526, 1351, 672, 1481, 800, 1599, 870, 1726, 918, 1797, 862, 1656, 802, 1562, 704, 1481, 633, 1418
]],
"image_id": rb782i_-ctl_-12.czi ,
"area": 9395.5917 ,
"bbox": 526 1351 392 446 
 
"id": 0001-1111-1732 ,
"category_id": 0,
"iscrowd": 0,
"segmentation": [[TAGDELETE
1534, 1000, 1599, 1085, 1687, 1181, 1831, 1223, 1930, 1218, 1797, 1184, 1701, 1141, 1627, 1082, 1594, 1045
]],
"image_id": rb782i_-ctl_-12.czi ,
"area": 9360.1398 ,
"bbox": 1534 1000 396 223 
 
"id": 0001-0842-1547 ,
"category_id": 0,
"iscrowd": 0,
"segmentation": [[TAGDELETE
1334, 653, 1469, 794, 1594, 904, 1704, 1000, 1760, 1031, 1661, 924, 1565, 842, 1466, 760, 1418, 718
]],
"image_id": rb782i_-ctl_-12.czi ,
"area": 9473.9158 ,
"bbox": 1334 653 426 378 
 
"id": 0001-0622-1809 ,
"category_id": 0,
"iscrowd": 0,
"segmentation": [[TAGDELETE
1616, 444, 1690, 542, 1760, 571, 1845, 616, 1902, 664, 1938, 718, 1978, 774, 2003, 800, 1967, 718, 1941, 681, 1902, 636, 1851, 593, 1808, 576, 1712, 523, 1687, 500
]],
"image_id": rb782i_-ctl_-12.czi ,
"area": 8272.6718 ,
"bbox": 1616 444 387 356 
 
"id": 0001-0491-1838 ,
"category_id": 0,
"iscrowd": 0,
"segmentation": [[TAGDELETE
1659, 356, 1769, 458, 1831, 511, 1882, 562, 1916, 596, 2017, 627, 1944, 582, 1887, 537, 1817, 478, 1774, 438
]],
"image_id": rb782i_-ctl_-12.czi ,
"area": 5509.0684 ,
"bbox": 1659 356 358 271 
 
"id": 0001-0508-2281 ,
"category_id": 0,
"iscrowd": 0,
"segmentation": [[TAGDELETE
2252, 333, 2286, 449, 2286, 526, 2266, 624, 2280, 684, 2297, 585, 2311, 520, 2306, 432, 2291, 384
]],
"image_id": rb782i_-ctl_-12.czi ,
"area": 5764.6523 ,
"bbox": 2252 333 59 351 
 
"id": 0001-0525-2328 ,
"category_id": 0,
"iscrowd": 0,
"segmentation": [[TAGDELETE
2226, 732, 2323, 675, 2376, 622, 2404, 579, 2404, 526, 2385, 483, 2348, 427, 2308, 384, 2258, 319, 2351, 393, 2376, 415, 2399, 461, 2430, 514, 2430, 545, 2421, 588, 2393, 644, 2320, 704, 2269, 723
]],
"image_id": rb782i_-ctl_-12.czi ,
"area": 9556.3622 ,
"bbox": 2226 319 204 413 
 
"id": 0001-1835-2294 ,
"category_id": 0,
"iscrowd": 0,
"segmentation": [[TAGDELETE
2060, 1692, 2153, 1738, 2241, 1774, 2371, 1856, 2529, 1978, 2475, 1910, 2393, 1837, 2286, 1760, 2167, 1709
]],
"image_id": rb782i_-ctl_-12.czi ,
"area": 11101.4078 ,
"bbox": 2060 1692 469 286 
 
"id": 0001-1973-2282 ,
"category_id": 0,
"iscrowd": 0,
"segmentation": [[TAGDELETE
2141, 1774, 2201, 1820, 2279, 1902, 2330, 1965, 2365, 2022, 2387, 2062, 2406, 2095, 2412, 2130, 2400, 2177, 2422, 2135, 2423, 2108, 2409, 2061, 2387, 2016, 2345, 1950, 2287, 1871, 2221, 1812, 2167, 1775, 2156, 1770
]],
"image_id": rb782i_-ctl_-12.czi ,
"area": 7891.7694 ,
"bbox": 2141 1770 282 407 
 
