"id": 0001-0519-1955 ,
"category_id": 0,
"iscrowd": 0,
"segmentation": [[TAGDELETE
1997, 235, 1966, 359, 1947, 480, 1947, 599, 1954, 668, 1973, 753, 1994, 804, 1941, 721, 1919, 604, 1914, 511, 1923, 428, 1942, 312, 1970, 251
]],
"image_id": rb782i_DMSO_-14.czi ,
"area": 12344.6995 ,
"bbox": 1914 235 83 569 
 
"id": 0001-1012-1708 ,
"category_id": 0,
"iscrowd": 0,
"segmentation": [[TAGDELETE
2013, 1104, 1906, 1091, 1745, 1033, 1638, 1005, 1563, 985, 1498, 955, 1429, 936, 1403, 920, 1438, 921, 1489, 927, 1557, 945, 1593, 961, 1726, 996, 1838, 1040, 1983, 1093
]],
"image_id": rb782i_DMSO_-14.czi ,
"area": 12731.3731 ,
"bbox": 1403 920 610 184 
 
"id": 0001-1322-1213 ,
"category_id": 0,
"iscrowd": 0,
"segmentation": [[TAGDELETE
975, 1283, 1087, 1343, 1210, 1359, 1269, 1361, 1410, 1333, 1451, 1323, 1361, 1320, 1274, 1329, 1177, 1327, 1015, 1287
]],
"image_id": rb782i_DMSO_-14.czi ,
"area": 9667.6649 ,
"bbox": 975 1283 476 78 
 
"id": 0001-1042-0527 ,
"category_id": 0,
"iscrowd": 0,
"segmentation": [[TAGDELETE
629, 1359, 609, 1313, 596, 1249, 577, 1099, 564, 1035, 532, 987, 465, 918, 436, 883, 423, 830, 421, 725, 445, 803, 452, 853, 476, 889, 520, 921, 584, 1001, 604, 1049, 629, 1217, 633, 1346
]],
"image_id": rb782i_DMSO_-14.czi ,
"area": 16176.8081 ,
"bbox": 421 725 212 634 
 
"id": 0001-1877-0490 ,
"category_id": 0,
"iscrowd": 0,
"segmentation": [[TAGDELETE
637, 2104, 570, 2061, 520, 2030, 474, 1990, 433, 1927, 376, 1810, 353, 1733, 344, 1668, 346, 1651, 365, 1672, 398, 1762, 430, 1849, 508, 1983, 601, 2057
]],
"image_id": rb782i_DMSO_-14.czi ,
"area": 12846.798 ,
"bbox": 344 1651 293 453 
 
