"id": 0001-0668-1766 ,
"category_id": 0,
"iscrowd": 0,
"segmentation": [[TAGDELETE
1664, 344, 1724, 668, 1868, 992, 1848, 860, 1776, 680, 1712, 456
]],
"image_id": rb782i_50um_-06.czi ,
"area": 16795.9806 ,
"bbox": 1664 344 204 648 
 
"id": 0001-1046-2312 ,
"category_id": 0,
"iscrowd": 0,
"segmentation": [[TAGDELETE
2168, 1290, 2290, 1198, 2380, 1136, 2418, 1080, 2430, 1018, 2430, 922, 2432, 802, 2456, 1012, 2452, 1062, 2430, 1126, 2360, 1192, 2260, 1252
]],
"image_id": rb782i_50um_-06.czi ,
"area": 11135.2108 ,
"bbox": 2168 802 288 488 
 
"id": 0001-1463-1696 ,
"category_id": 0,
"iscrowd": 0,
"segmentation": [[TAGDELETE
1996, 1641, 1982, 1562, 1944, 1475, 1908, 1422, 1835, 1371, 1498, 1294, 1396, 1286, 1520, 1327, 1743, 1379, 1831, 1407, 1892, 1450, 1936, 1513, 1951, 1563, 1982, 1603
]],
"image_id": rb782i_50um_-06.czi ,
"area": 15365.5356 ,
"bbox": 1396 1286 600 355 
 
"id": 0001-0863-0973 ,
"category_id": 0,
"iscrowd": 0,
"segmentation": [[TAGDELETE
1216, 1045, 1170, 984, 1124, 930, 1062, 881, 901, 776, 730, 681, 800, 741, 922, 820, 1034, 892, 1084, 932, 1193, 1032
]],
"image_id": rb782i_50um_-06.czi ,
"area": 10394.8421 ,
"bbox": 730 681 486 364 
 
"id": 0001-1409-0298 ,
"category_id": 0,
"iscrowd": 0,
"segmentation": [[TAGDELETE
69, 1268, 165, 1323, 303, 1395, 417, 1475, 495, 1532, 527, 1551, 455, 1472, 325, 1384, 217, 1329, 120, 1280
]],
"image_id": rb782i_50um_-06.czi ,
"area": 7932.1681 ,
"bbox": 69 1268 458 283 