"id": 0001-1716-0476 ,
"category_id": 0,
"iscrowd": 0,
"segmentation": [[TAGDELETE
287, 1865, 288, 1780, 338, 1685, 386, 1634, 467, 1584, 523, 1568, 576, 1568, 650, 1585, 666, 1600, 648, 1603, 580, 1591, 525, 1594, 466, 1616, 403, 1651, 355, 1701, 316, 1767, 293, 1837
]],
"image_id": rb782u_25um_-14.czi ,
"area": 9324.6878 ,
"bbox": 287 1568 379 297 
 
"id": 0001-1012-2461 ,
"category_id": 0,
"iscrowd": 0,
"segmentation": [[TAGDELETE
2618, 689, 2589, 717, 2546, 745, 2515, 758, 2472, 809, 2442, 863, 2423, 918, 2399, 1043, 2370, 1157, 2356, 1223, 2304, 1335, 2353, 1279, 2393, 1213, 2424, 1135, 2442, 1035, 2463, 939, 2487, 853, 2505, 826, 2539, 789, 2591, 748, 2611, 725, 2618, 706
]],
"image_id": rb782u_25um_-14.czi ,
"area": 20523.3824 ,
"bbox": 2304 689 314 646 
 
