"id": 0001-0339-0266 ,
"category_id": 0,
"iscrowd": 0,
"segmentation": [[TAGDELETE
175, 142, 154, 173, 114, 259, 84, 325, 97, 392, 128, 458, 177, 498, 249, 529, 322, 536, 448, 518, 375, 507, 277, 504, 224, 483, 185, 464, 151, 432, 131, 391, 123, 343, 155, 238, 188, 146
]],
"image_id": rb782u_DMSO_-06.czi ,
"area": 15327.6102 ,
"bbox": 84 142 364 394 
 
"id": 0001-1131-0862 ,
"category_id": 0,
"iscrowd": 0,
"segmentation": [[TAGDELETE
994, 864, 867, 1033, 823, 1104, 768, 1232, 740, 1305, 730, 1389, 738, 1398, 771, 1307, 858, 1110, 978, 920, 989, 888
]],
"image_id": rb782u_DMSO_-06.czi ,
"area": 13474.2152 ,
"bbox": 730 864 264 534 
 
"id": 0001-0568-1309 ,
"category_id": 0,
"iscrowd": 0,
"segmentation": [[TAGDELETE
1468, 339, 1394, 417, 1276, 541, 1216, 609, 1178, 675, 1162, 725, 1151, 781, 1161, 798, 1173, 770, 1192, 708, 1214, 657, 1282, 574, 1392, 454, 1430, 397
]],
"image_id": rb782u_DMSO_-06.czi ,
"area": 9919.9508 ,
"bbox": 1151 339 317 459 
 
"id": 0001-0687-1747 ,
"category_id": 0,
"iscrowd": 0,
"segmentation": [[TAGDELETE
1920, 966, 1887, 978, 1762, 947, 1699, 925, 1655, 889, 1614, 832, 1585, 769, 1573, 720, 1576, 682, 1587, 606, 1627, 471, 1658, 396, 1642, 549, 1615, 656, 1609, 700, 1622, 759, 1652, 820, 1713, 887, 1790, 924, 1921, 958
]],
"image_id": rb782u_DMSO_-06.czi ,
"area": 20741.0408 ,
"bbox": 1573 396 348 582 
 
"id": 0001-1928-1812 ,
"category_id": 0,
"iscrowd": 0,
"segmentation": [[TAGDELETE
2082, 2109, 1976, 2073, 1775, 2005, 1664, 1935, 1611, 1869, 1571, 1787, 1543, 1747, 1551, 1808, 1586, 1895, 1628, 1958, 1730, 2026, 1817, 2059, 1937, 2098, 2037, 2104
]],
"image_id": rb782u_DMSO_-06.czi ,
"area": 17782.0396 ,
"bbox": 1543 1747 539 362 
 
"id": 0001-1517-2010 ,
"category_id": 0,
"iscrowd": 0,
"segmentation": [[TAGDELETE
2340, 1655, 2286, 1635, 2085, 1595, 1854, 1524, 1774, 1488, 1702, 1428, 1682, 1374, 1681, 1439, 1738, 1504, 1888, 1572, 2026, 1614, 2201, 1650, 2312, 1660
]],
"image_id": rb782u_DMSO_-06.czi ,
"area": 17766.3747 ,
"bbox": 1681 1374 659 286 
 
"id": 0001-1323-1742 ,
"category_id": 0,
"iscrowd": 0,
"segmentation": [[TAGDELETE
1840, 1064, 1752, 1146, 1680, 1247, 1653, 1359, 1644, 1414, 1657, 1496, 1689, 1582, 1694, 1543, 1678, 1491, 1674, 1428, 1684, 1342, 1704, 1280, 1732, 1218, 1810, 1127, 1834, 1086
]],
"image_id": rb782u_DMSO_-06.czi ,
"area": 11808.7979 ,
"bbox": 1644 1064 196 518 
 
