"id": 0001-0699-0677 ,
"category_id": 0,
"iscrowd": 0,
"segmentation": [[TAGDELETE
362, 672, 551, 689, 777, 689, 932, 695, 992, 709, 870, 726, 769, 720, 596, 726, 466, 712, 390, 695
]],
"image_id": rb782i_-ctl_-02.czi ,
"area": 14842.0009 ,
"bbox": 362 672 630 54 
 
"id": 0001-1561-0900 ,
"category_id": 0,
"iscrowd": 0,
"segmentation": [[TAGDELETE
585, 1546, 743, 1571, 941, 1551, 1158, 1526, 1215, 1526, 1014, 1571, 802, 1596, 726, 1594, 627, 1574
]],
"image_id": rb782i_-ctl_-02.czi ,
"area": 11831.0584 ,
"bbox": 585 1526 630 70 
 
"id": 0001-1326-1366 ,
"category_id": 0,
"iscrowd": 0,
"segmentation": [[TAGDELETE
1376, 1093, 1286, 1164, 1257, 1209, 1257, 1257, 1303, 1351, 1404, 1455, 1503, 1560, 1404, 1492, 1286, 1376, 1229, 1257, 1229, 1204, 1260, 1147, 1305, 1119
]],
"image_id": rb782i_-ctl_-02.czi ,
"area": 11889.5953 ,
"bbox": 1229 1093 274 467 
 
"id": 0001-1521-1979 ,
"category_id": 0,
"iscrowd": 0,
"segmentation": [[TAGDELETE
1681, 1571, 1822, 1514, 2009, 1472, 2094, 1469, 2187, 1492, 2277, 1551, 2176, 1520, 2094, 1506, 2000, 1506, 1825, 1543, 1726, 1574
]],
"image_id": rb782i_-ctl_-02.czi ,
"area": 13402.4868 ,
"bbox": 1681 1469 596 105 
 
"id": 0001-1685-2045 ,
"category_id": 0,
"iscrowd": 0,
"segmentation": [[TAGDELETE
1780, 1692, 1924, 1656, 2012, 1653, 2212, 1692, 2252, 1701, 2311, 1701, 2272, 1718, 2181, 1715, 2071, 1695, 1972, 1687, 1870, 1692
]],
"image_id": rb782i_-ctl_-02.czi ,
"area": 10774.92 ,
"bbox": 1780 1653 531 65 
 
"id": 0001-1848-1961 ,
"category_id": 0,
"iscrowd": 0,
"segmentation": [[TAGDELETE
1766, 1995, 1859, 1805, 1893, 1757, 1998, 1715, 2068, 1701, 2139, 1701, 2156, 1712, 2000, 1740, 1924, 1766, 1893, 1803, 1825, 1930
]],
"image_id": rb782i_-ctl_-02.czi ,
"area": 9591.8142 ,
"bbox": 1766 1701 390 294 
 
