"id": 0001-1491-0383 ,
"category_id": 0,
"iscrowd": 0,
"segmentation": [[TAGDELETE
273, 1735, 345, 1683, 432, 1598, 467, 1556, 482, 1512, 493, 1452, 494, 1399, 486, 1348, 442, 1258, 425, 1248, 425, 1272, 453, 1348, 463, 1395, 462, 1455, 444, 1523, 405, 1587, 340, 1650, 310, 1689, 285, 1717
]],
"image_id": rb782u_25um_-07.czi ,
"area": 12391.6939 ,
"bbox": 273 1248 221 487 
 
"id": 0001-0979-0879 ,
"category_id": 0,
"iscrowd": 0,
"segmentation": [[TAGDELETE
628, 1162, 655, 1121, 678, 1045, 686, 1002, 726, 962, 771, 937, 886, 894, 1070, 837, 1132, 805, 1111, 796, 932, 840, 744, 902, 680, 944, 656, 994, 638, 1057, 626, 1120
]],
"image_id": rb782u_25um_-07.czi ,
"area": 18829.1088 ,
"bbox": 626 796 506 366 
 
"id": 0001-0886-1219 ,
"category_id": 0,
"iscrowd": 0,
"segmentation": [[TAGDELETE
1198, 593, 1226, 712, 1250, 824, 1220, 902, 1190, 1025, 1155, 1180, 1191, 1118, 1246, 958, 1283, 848, 1280, 790, 1255, 693, 1230, 634
]],
"image_id": rb782u_25um_-07.czi ,
"area": 14812.3202 ,
"bbox": 1155 593 128 587 
 
"id": 0001-1092-0983 ,
"category_id": 0,
"iscrowd": 0,
"segmentation": [[TAGDELETE
720, 1345, 958, 1113, 1215, 853, 1246, 840, 1224, 884, 1163, 962, 1016, 1121, 850, 1282, 755, 1340
]],
"image_id": rb782u_25um_-07.czi ,
"area": 23066.8538 ,
"bbox": 720 840 526 505 
 
"id": 0001-0987-1665 ,
"category_id": 0,
"iscrowd": 0,
"segmentation": [[TAGDELETE
1865, 770, 1805, 798, 1759, 840, 1706, 906, 1641, 1014, 1616, 1056, 1573, 1115, 1506, 1178, 1465, 1205, 1547, 1169, 1642, 1090, 1714, 969, 1769, 880, 1837, 813, 1860, 791
]],
"image_id": rb782u_25um_-07.czi ,
"area": 14769.4481 ,
"bbox": 1465 770 400 435 
 
"id": 0001-1524-2409 ,
"category_id": 0,
"iscrowd": 0,
"segmentation": [[TAGDELETE
2552, 1788, 2478, 1724, 2452, 1694, 2348, 1398, 2266, 1259, 2336, 1504, 2397, 1703, 2478, 1775, 2532, 1790
]],
"image_id": rb782u_25um_-07.czi ,
"area": 19224.8516 ,
"bbox": 2266 1259 286 531 
 
