"id": 0001-0538-0201 ,
"category_id": 0,
"iscrowd": 0,
"segmentation": [[TAGDELETE
22, 498, 68, 589, 113, 652, 172, 682, 221, 691, 277, 671, 320, 639, 349, 589, 363, 515, 380, 385, 349, 458, 330, 542, 307, 598, 283, 630, 259, 649, 236, 657, 197, 656, 161, 640, 127, 616, 91, 572, 37, 501
]],
"image_id": rb782u_DMSO_-07.czi ,
"area": 13594.5869 ,
"bbox": 22 385 358 306 
 
"id": 0001-0360-0666 ,
"category_id": 0,
"iscrowd": 0,
"segmentation": [[TAGDELETE
600, 81, 591, 378, 600, 441, 637, 536, 669, 579, 719, 636, 742, 639, 727, 611, 685, 562, 654, 509, 628, 441, 618, 402, 624, 256, 616, 141
]],
"image_id": rb782u_DMSO_-07.czi ,
"area": 11542.496 ,
"bbox": 591 81 151 558 
 
"id": 0001-0342-0904 ,
"category_id": 0,
"iscrowd": 0,
"segmentation": [[TAGDELETE
1058, 182, 1025, 300, 990, 395, 957, 463, 912, 492, 872, 503, 842, 496, 808, 479, 790, 454, 771, 413, 760, 365, 751, 334, 751, 266, 781, 353, 817, 446, 852, 466, 889, 471, 923, 452, 952, 407, 988, 320, 1038, 198
]],
"image_id": rb782u_DMSO_-07.czi ,
"area": 13467.6194 ,
"bbox": 751 182 307 321 
 
"id": 0001-0594-1011 ,
"category_id": 0,
"iscrowd": 0,
"segmentation": [[TAGDELETE
1203, 251, 1179, 325, 1147, 532, 1100, 675, 1032, 789, 950, 857, 815, 937, 970, 887, 1068, 811, 1127, 715, 1196, 491, 1207, 393
]],
"image_id": rb782u_DMSO_-07.czi ,
"area": 22601.8561 ,
"bbox": 815 251 392 686 
 
"id": 0001-0682-1612 ,
"category_id": 0,
"iscrowd": 0,
"segmentation": [[TAGDELETE
1620, 298, 1596, 446, 1602, 552, 1642, 706, 1654, 784, 1646, 862, 1627, 923, 1590, 986, 1538, 1067, 1612, 1003, 1671, 895, 1687, 771, 1660, 631, 1639, 554, 1630, 431, 1627, 348
]],
"image_id": rb782u_DMSO_-07.czi ,
"area": 18641.9555 ,
"bbox": 1538 298 149 769 
 
"id": 0001-0972-0408 ,
"category_id": 0,
"iscrowd": 0,
"segmentation": [[TAGDELETE
393, 713, 368, 913, 397, 1079, 445, 1249, 449, 1148, 416, 980, 407, 881, 412, 695
]],
"image_id": rb782u_DMSO_-07.czi ,
"area": 13444.5344 ,
"bbox": 368 695 81 554 
 
"id": 0001-1232-0476 ,
"category_id": 0,
"iscrowd": 0,
"segmentation": [[TAGDELETE
378, 1456, 429, 1343, 477, 1253, 524, 1151, 545, 1063, 574, 1008, 549, 1152, 474, 1312, 401, 1428
]],
"image_id": rb782u_DMSO_-07.czi ,
"area": 7524.0585 ,
"bbox": 378 1008 196 448 
 
"id": 0001-0743-2558 ,
"category_id": 0,
"iscrowd": 0,
"segmentation": [[TAGDELETE
2736, 840, 2673, 917, 2589, 986, 2520, 1005, 2461, 990, 2401, 937, 2385, 858, 2381, 762, 2393, 676, 2422, 582, 2454, 481, 2436, 617, 2417, 757, 2416, 862, 2429, 914, 2469, 953, 2525, 973, 2585, 953, 2661, 900, 2717, 832
]],
"image_id": rb782u_DMSO_-07.czi ,
"area": 18714.5083 ,
"bbox": 2381 481 355 524 
 
"id": 0001-1357-1954 ,
"category_id": 0,
"iscrowd": 0,
"segmentation": [[TAGDELETE
1964, 1043, 1942, 1123, 1935, 1284, 1947, 1439, 1930, 1671, 1958, 1613, 1978, 1479, 1974, 1364, 1962, 1207, 1963, 1096
]],
"image_id": rb782u_DMSO_-07.czi ,
"area": 12906.9839 ,
"bbox": 1930 1043 48 628 
 
"id": 0001-1825-1761 ,
"category_id": 0,
"iscrowd": 0,
"segmentation": [[TAGDELETE
1826, 1463, 1772, 1566, 1705, 1875, 1697, 1965, 1706, 2058, 1726, 2141, 1761, 2169, 1785, 2183, 1814, 2187, 1772, 2157, 1753, 2123, 1734, 2037, 1736, 1929, 1774, 1723, 1802, 1581, 1824, 1509
]],
"image_id": rb782u_DMSO_-07.czi ,
"area": 19673.36 ,
"bbox": 1697 1463 129 724 
 
"id": 0001-1650-0575 ,
"category_id": 0,
"iscrowd": 0,
"segmentation": [[TAGDELETE
705, 1369, 669, 1486, 576, 1665, 473, 1813, 430, 1931, 590, 1689, 680, 1553, 720, 1398
]],
"image_id": rb782u_DMSO_-07.czi ,
"area": 13383.5241 ,
"bbox": 430 1369 290 562 
 
