"id": 0001-0459-0483 ,
"category_id": 0,
"iscrowd": 0,
"segmentation": [[TAGDELETE
511, 232, 497, 345, 492, 415, 506, 489, 509, 551, 509, 593, 455, 687, 478, 588, 478, 517, 472, 466, 469, 356, 478, 302
]],
"image_id": rb782i_-ctl_-14.czi ,
"area": 8541.447 ,
"bbox": 455 232 56 455 
 
"id": 0001-1658-0498 ,
"category_id": 0,
"iscrowd": 0,
"segmentation": [[TAGDELETE
528, 1407, 517, 1557, 494, 1721, 449, 1910, 480, 1859, 517, 1721, 542, 1596, 548, 1500
]],
"image_id": rb782i_-ctl_-14.czi ,
"area": 8773.9459 ,
"bbox": 449 1407 99 503 
 
"id": 0001-1867-0756 ,
"category_id": 0,
"iscrowd": 0,
"segmentation": [[TAGDELETE
636, 2122, 687, 2032, 760, 1904, 808, 1808, 850, 1664, 876, 1613, 842, 1797, 794, 1902, 709, 2043
]],
"image_id": rb782i_-ctl_-14.czi ,
"area": 10091.4394 ,
"bbox": 636 1613 240 509 
 
"id": 0001-1797-1126 ,
"category_id": 0,
"iscrowd": 0,
"segmentation": [[TAGDELETE
870, 1834, 938, 1865, 969, 1887, 1020, 1885, 1085, 1839, 1127, 1791, 1221, 1763, 1257, 1746, 1322, 1698, 1382, 1678, 1246, 1780, 1170, 1803, 1136, 1822, 1079, 1876, 1017, 1916, 949, 1904
]],
"image_id": rb782i_-ctl_-14.czi ,
"area": 10395.6666 ,
"bbox": 870 1678 512 238 
 
"id": 0001-1179-1217 ,
"category_id": 0,
"iscrowd": 0,
"segmentation": [[TAGDELETE
952, 1181, 1065, 1153, 1175, 1153, 1311, 1178, 1483, 1206, 1379, 1206, 1260, 1192, 1175, 1178, 1017, 1181
]],
"image_id": rb782i_-ctl_-14.czi ,
"area": 8017.9124 ,
"bbox": 952 1153 531 53 
 
"id": 0001-1004-2336 ,
"category_id": 0,
"iscrowd": 0,
"segmentation": [[TAGDELETE
2526, 783, 2489, 930, 2441, 1037, 2407, 1119, 2328, 1184, 2243, 1209, 2147, 1226, 2314, 1164, 2385, 1099, 2407, 1028, 2498, 842
]],
"image_id": rb782i_-ctl_-14.czi ,
"area": 11519.411 ,
"bbox": 2147 783 379 443 
 
"id": 0001-1270-2151 ,
"category_id": 0,
"iscrowd": 0,
"segmentation": [[TAGDELETE
1935, 1379, 2029, 1342, 2147, 1308, 2243, 1252, 2314, 1198, 2368, 1161, 2210, 1297, 2128, 1342, 2012, 1370
]],
"image_id": rb782i_-ctl_-14.czi ,
"area": 6373.1067 ,
"bbox": 1935 1161 433 218 
 
"id": 0001-0202-1305 ,
"category_id": 0,
"iscrowd": 0,
"segmentation": [[TAGDELETE
1085, 48, 1141, 147, 1257, 263, 1308, 302, 1413, 336, 1489, 356, 1526, 342, 1368, 294, 1300, 266, 1206, 184, 1130, 99
]],
"image_id": rb782i_-ctl_-14.czi ,
"area": 9727.8507 ,
"bbox": 1085 48 441 308 
 
