"id": 0001-0415-1743 ,
"category_id": 0,
"iscrowd": 0,
"segmentation": [[TAGDELETE
1977, 540, 1980, 534, 1977, 503, 1923, 397, 1836, 321, 1776, 300, 1701, 291, 1642, 302, 1584, 337, 1507, 420, 1572, 385, 1626, 342, 1692, 321, 1762, 328, 1819, 355, 1878, 403, 1927, 468, 1964, 536
]],
"image_id": rb782u_50um_-02.czi ,
"area": 14578.9969 ,
"bbox": 1507 291 473 249 
 
"id": 0001-0461-1120 ,
"category_id": 0,
"iscrowd": 0,
"segmentation": [[TAGDELETE
1282, 185, 1238, 309, 1177, 439, 1112, 557, 1065, 627, 992, 710, 963, 737, 959, 722, 1085, 541, 1198, 337, 1244, 229
]],
"image_id": rb782u_50um_-02.czi ,
"area": 13619.3208 ,
"bbox": 959 185 323 552 
 
"id": 0001-0923-1335 ,
"category_id": 0,
"iscrowd": 0,
"segmentation": [[TAGDELETE
1092, 730, 1152, 780, 1282, 868, 1380, 916, 1454, 969, 1521, 1036, 1578, 1117, 1553, 1042, 1508, 978, 1453, 933, 1365, 878, 1210, 785, 1126, 740
]],
"image_id": rb782u_50um_-02.czi ,
"area": 12786.6122 ,
"bbox": 1092 730 486 387 
 
"id": 0001-0849-1667 ,
"category_id": 0,
"iscrowd": 0,
"segmentation": [[TAGDELETE
1386, 884, 1465, 830, 1622, 776, 1689, 769, 1758, 788, 1809, 821, 1861, 874, 1898, 900, 1948, 921, 1948, 930, 1921, 926, 1849, 894, 1784, 845, 1754, 821, 1718, 806, 1649, 806, 1565, 828, 1476, 858, 1426, 868
]],
"image_id": rb782u_50um_-02.czi ,
"area": 13309.3224 ,
"bbox": 1386 769 562 161 
 
"id": 0001-0937-2254 ,
"category_id": 0,
"iscrowd": 0,
"segmentation": [[TAGDELETE
2531, 1011, 2449, 944, 2356, 889, 2281, 871, 2216, 864, 2115, 890, 1978, 930, 2062, 926, 2169, 907, 2253, 897, 2333, 914, 2401, 948, 2497, 998
]],
"image_id": rb782u_50um_-02.czi ,
"area": 11603.5063 ,
"bbox": 1978 864 553 147 
 
"id": 0001-1237-1303 ,
"category_id": 0,
"iscrowd": 0,
"segmentation": [[TAGDELETE
1098, 1060, 1142, 1046, 1186, 1041, 1237, 1055, 1286, 1093, 1356, 1157, 1415, 1228, 1449, 1280, 1483, 1340, 1509, 1433, 1439, 1301, 1350, 1194, 1261, 1100, 1216, 1074, 1170, 1058, 1125, 1065
]],
"image_id": rb782u_50um_-02.czi ,
"area": 10350.3211 ,
"bbox": 1098 1041 411 392 
 
"id": 0001-1451-1817 ,
"category_id": 0,
"iscrowd": 0,
"segmentation": [[TAGDELETE
1957, 1675, 1948, 1596, 1913, 1397, 1870, 1304, 1838, 1271, 1800, 1242, 1756, 1228, 1677, 1229, 1746, 1249, 1784, 1265, 1824, 1295, 1858, 1333, 1888, 1424, 1924, 1604
]],
"image_id": rb782u_50um_-02.czi ,
"area": 11187.9765 ,
"bbox": 1677 1228 280 447 
 
"id": 0001-1720-1653 ,
"category_id": 0,
"iscrowd": 0,
"segmentation": [[TAGDELETE
1764, 1987, 1776, 1810, 1764, 1726, 1727, 1642, 1647, 1542, 1584, 1481, 1531, 1454, 1566, 1497, 1627, 1560, 1696, 1638, 1744, 1750, 1753, 1926
]],
"image_id": rb782u_50um_-02.czi ,
"area": 11114.5992 ,
"bbox": 1531 1454 245 533 
 
"id": 0001-1737-1272 ,
"category_id": 0,
"iscrowd": 0,
"segmentation": [[TAGDELETE
1396, 1564, 1445, 1595, 1464, 1631, 1465, 1668, 1451, 1692, 1429, 1715, 1370, 1728, 1254, 1725, 1225, 1728, 1172, 1758, 1133, 1793, 1085, 1844, 1060, 1884, 1046, 1916, 1103, 1855, 1147, 1812, 1198, 1773, 1241, 1760, 1362, 1762, 1425, 1754, 1474, 1721, 1494, 1681, 1499, 1644, 1492, 1618, 1471, 1586, 1438, 1563, 1416, 1559
]],
"image_id": rb782u_50um_-02.czi ,
"area": 15593.9121 ,
"bbox": 1046 1559 453 357 
 
"id": 0001-1814-1243 ,
"category_id": 0,
"iscrowd": 0,
"segmentation": [[TAGDELETE
1032, 1957, 1025, 1918, 1041, 1842, 1064, 1801, 1097, 1760, 1153, 1728, 1234, 1692, 1317, 1675, 1378, 1671, 1462, 1688, 1389, 1692, 1350, 1696, 1255, 1714, 1175, 1746, 1130, 1765, 1101, 1790, 1072, 1836, 1053, 1879, 1043, 1937
]],
"image_id": rb782u_50um_-02.czi ,
"area": 10321.4648 ,
"bbox": 1025 1671 437 286 
 
"id": 0001-0474-0252 ,
"category_id": 0,
"iscrowd": 0,
"segmentation": [[TAGDELETE
43, 342, 122, 443, 166, 480, 204, 504, 373, 568, 461, 606, 425, 572, 343, 532, 235, 492, 160, 451, 53, 346
]],
"image_id": rb782u_50um_-02.czi ,
"area": 7456.4524 ,
"bbox": 43 342 418 264 
 
