"id": 0001-1846-0508 ,
"category_id": 0,
"iscrowd": 0,
"segmentation": [[TAGDELETE
410, 1625, 376, 1698, 370, 1794, 387, 1851, 424, 1902, 483, 1955, 571, 2012, 571, 2015, 647, 2068, 613, 2003, 540, 1952, 478, 1904, 427, 1845, 401, 1794, 393, 1698
]],
"image_id": rb782i_25um_-05.czi ,
"area": 12531.8528 ,
"bbox": 370 1625 277 443 
 
"id": 0001-1551-1513 ,
"category_id": 0,
"iscrowd": 0,
"segmentation": [[TAGDELETE
1373, 1288, 1452, 1362, 1562, 1500, 1596, 1551, 1625, 1613, 1653, 1814, 1611, 1721, 1594, 1642, 1562, 1554, 1478, 1430, 1407, 1345
]],
"image_id": rb782i_25um_-05.czi ,
"area": 12159.1951 ,
"bbox": 1373 1288 280 526 
 
"id": 0001-0767-1088 ,
"category_id": 0,
"iscrowd": 0,
"segmentation": [[TAGDELETE
910, 565, 992, 602, 1105, 704, 1181, 780, 1229, 825, 1252, 859, 1263, 887, 1266, 969, 1226, 876, 1204, 834, 1181, 811, 1127, 766, 1003, 636, 935, 605
]],
"image_id": rb782i_25um_-05.czi ,
"area": 10449.2567 ,
"bbox": 910 565 356 404 
 
"id": 0001-0271-0979 ,
"category_id": 0,
"iscrowd": 0,
"segmentation": [[TAGDELETE
720, 96, 763, 79, 814, 79, 890, 102, 944, 136, 1014, 195, 1110, 285, 1238, 463, 1085, 308, 1014, 243, 921, 155, 850, 127, 752, 96
]],
"image_id": rb782i_25um_-05.czi ,
"area": 14400.0882 ,
"bbox": 720 79 518 384 
 
"id": 0001-0576-2413 ,
"category_id": 0,
"iscrowd": 0,
"segmentation": [[TAGDELETE
2455, 302, 2396, 396, 2371, 492, 2379, 610, 2447, 850, 2441, 740, 2430, 684, 2413, 627, 2404, 554, 2404, 489, 2416, 415, 2433, 356
]],
"image_id": rb782i_25um_-05.czi ,
"area": 10318.9914 ,
"bbox": 2371 302 84 548 
 
