"id": 0001-1329-0645 ,
"category_id": 0,
"iscrowd": 0,
"segmentation": [[TAGDELETE
696, 1043, 684, 1155, 661, 1237, 636, 1316, 620, 1392, 623, 1461, 641, 1538, 668, 1589, 666, 1615, 638, 1575, 606, 1512, 594, 1448, 595, 1383, 611, 1305, 659, 1171, 666, 1117
]],
"image_id": rb782u_50um_-03.czi ,
"area": 10763.3775 ,
"bbox": 594 1043 102 572 
 
"id": 0001-1504-1101 ,
"category_id": 0,
"iscrowd": 0,
"segmentation": [[TAGDELETE
1349, 1614, 1251, 1609, 1125, 1591, 1053, 1566, 975, 1512, 920, 1460, 887, 1415, 870, 1405, 854, 1411, 854, 1398, 867, 1394, 905, 1409, 939, 1446, 1024, 1513, 1082, 1545, 1180, 1568, 1303, 1592, 1344, 1602
]],
"image_id": rb782u_50um_-03.czi ,
"area": 11624.9424 ,
"bbox": 854 1394 495 220 
 
"id": 0001-1383-0943 ,
"category_id": 0,
"iscrowd": 0,
"segmentation": [[TAGDELETE
1061, 1586, 980, 1562, 900, 1511, 840, 1449, 825, 1403, 827, 1366, 843, 1328, 873, 1280, 942, 1226, 983, 1212, 1026, 1181, 966, 1238, 911, 1284, 867, 1338, 854, 1378, 854, 1405, 875, 1437, 916, 1483, 997, 1545, 1051, 1565
]],
"image_id": rb782u_50um_-03.czi ,
"area": 11938.2387 ,
"bbox": 825 1181 236 405 
 
"id": 0001-0982-1553 ,
"category_id": 0,
"iscrowd": 0,
"segmentation": [[TAGDELETE
1829, 894, 1641, 960, 1446, 1043, 1362, 1068, 1278, 1083, 1446, 1012, 1614, 941, 1697, 912, 1819, 882
]],
"image_id": rb782u_50um_-03.czi ,
"area": 10986.8073 ,
"bbox": 1278 882 551 201 
 
"id": 0001-1039-1726 ,
"category_id": 0,
"iscrowd": 0,
"segmentation": [[TAGDELETE
1449, 1193, 1470, 1178, 1527, 1121, 1610, 1068, 1874, 957, 1933, 930, 2004, 885, 1848, 943, 1644, 1017, 1545, 1067, 1502, 1104, 1450, 1179
]],
"image_id": rb782u_50um_-03.czi ,
"area": 13033.1269 ,
"bbox": 1449 885 555 308 
 
"id": 0001-1435-1661 ,
"category_id": 0,
"iscrowd": 0,
"segmentation": [[TAGDELETE
1511, 1695, 1572, 1615, 1597, 1591, 1696, 1548, 1740, 1526, 1759, 1500, 1757, 1461, 1750, 1407, 1772, 1333, 1776, 1307, 1774, 1273, 1765, 1251, 1715, 1201, 1701, 1176, 1769, 1213, 1803, 1255, 1811, 1316, 1792, 1376, 1782, 1414, 1789, 1459, 1796, 1496, 1780, 1537, 1736, 1565, 1609, 1614, 1545, 1667
]],
"image_id": rb782u_50um_-03.czi ,
"area": 15523.8327 ,
"bbox": 1511 1176 300 519 
 
"id": 0001-0430-0654 ,
"category_id": 0,
"iscrowd": 0,
"segmentation": [[TAGDELETE
639, 149, 600, 300, 585, 425, 604, 508, 637, 593, 699, 676, 724, 712, 687, 625, 639, 527, 617, 443, 625, 328, 644, 168
]],
"image_id": rb782u_50um_-03.czi ,
"area": 11108.8279 ,
"bbox": 585 149 139 563 
 
"id": 0001-0558-0891 ,
"category_id": 0,
"iscrowd": 0,
"segmentation": [[TAGDELETE
665, 367, 775, 555, 837, 612, 1117, 749, 1076, 705, 893, 615, 807, 539, 700, 403
]],
"image_id": rb782u_50um_-03.czi ,
"area": 11003.2965 ,
"bbox": 665 367 452 382 
 
"id": 0001-0362-0954 ,
"category_id": 0,
"iscrowd": 0,
"segmentation": [[TAGDELETE
843, 44, 835, 245, 831, 296, 851, 345, 920, 464, 1005, 535, 1049, 572, 1083, 613, 1111, 681, 1053, 613, 957, 535, 892, 491, 828, 384, 797, 315, 800, 176, 820, 60
]],
"image_id": rb782u_50um_-03.czi ,
"area": 19261.128 ,
"bbox": 797 44 314 637 
 
"id": 0001-0457-1574 ,
"category_id": 0,
"iscrowd": 0,
"segmentation": [[TAGDELETE
1257, 389, 1387, 497, 1458, 523, 1531, 531, 1641, 504, 1698, 473, 1759, 435, 1807, 413, 1891, 383, 1839, 383, 1777, 395, 1711, 429, 1655, 461, 1598, 476, 1525, 495, 1454, 493, 1399, 465, 1318, 416
]],
"image_id": rb782u_50um_-03.czi ,
"area": 15312.7699 ,
"bbox": 1257 383 634 148 
 
"id": 0001-0631-1898 ,
"category_id": 0,
"iscrowd": 0,
"segmentation": [[TAGDELETE
1663, 819, 1725, 775, 2006, 556, 2133, 444, 1962, 552, 1729, 731
]],
"image_id": rb782u_50um_-03.czi ,
"area": 11659.5699 ,
"bbox": 1663 444 470 375 
 
"id": 0001-0169-1681 ,
"category_id": 0,
"iscrowd": 0,
"segmentation": [[TAGDELETE
1307, 215, 1350, 172, 1413, 137, 1471, 125, 1530, 123, 1643, 136, 1749, 165, 1841, 184, 1962, 179, 2055, 191, 1969, 196, 1857, 213, 1802, 215, 1691, 189, 1567, 161, 1487, 156, 1389, 179, 1325, 208
]],
"image_id": rb782u_50um_-03.czi ,
"area": 18073.0753 ,
"bbox": 1307 123 748 92 
 
"id": 0001-0311-1565 ,
"category_id": 0,
"iscrowd": 0,
"segmentation": [[TAGDELETE
1354, 433, 1417, 401, 1446, 367, 1450, 309, 1458, 269, 1505, 219, 1557, 195, 1610, 189, 1658, 192, 1717, 216, 1734, 260, 1743, 296, 1777, 355, 1741, 337, 1706, 263, 1682, 241, 1637, 223, 1575, 224, 1510, 259, 1490, 283, 1469, 367, 1455, 395, 1430, 416, 1393, 427
]],
"image_id": rb782u_50um_-03.czi ,
"area": 13855.942 ,
"bbox": 1354 189 423 244 
 
"id": 0001-2025-2494 ,
"category_id": 0,
"iscrowd": 0,
"segmentation": [[TAGDELETE
2344, 1891, 2311, 1964, 2297, 2027, 2304, 2071, 2341, 2126, 2387, 2152, 2435, 2160, 2495, 2151, 2619, 2100, 2671, 2062, 2691, 2028, 2687, 2016, 2669, 2026, 2644, 2058, 2499, 2114, 2445, 2126, 2404, 2126, 2371, 2108, 2335, 2074, 2326, 2047, 2321, 2000, 2335, 1934
]],
"image_id": rb782u_50um_-03.czi ,
"area": 12906.1595 ,
"bbox": 2297 1891 394 269 
 
