"id": 0001-1168-1586 ,
"category_id": 0,
"iscrowd": 0,
"segmentation": [[TAGDELETE
1461, 898, 1492, 1017, 1537, 1133, 1599, 1257, 1653, 1351, 1712, 1438, 1664, 1308, 1599, 1204, 1529, 1062
]],
"image_id": rb782i_-ctl_-11.czi ,
"area": 9354.3685 ,
"bbox": 1461 898 251 540 
 
"id": 0001-0979-1632 ,
"category_id": 0,
"iscrowd": 0,
"segmentation": [[TAGDELETE
1664, 749, 1585, 828, 1543, 890, 1540, 972, 1579, 1054, 1627, 1091, 1670, 1099, 1695, 1136, 1709, 1209, 1724, 1153, 1712, 1113, 1695, 1085, 1642, 1062, 1599, 1020, 1577, 958, 1574, 901, 1599, 848, 1653, 777
]],
"image_id": rb782i_-ctl_-11.czi ,
"area": 12025.6319 ,
"bbox": 1540 749 184 460 
 
"id": 0001-1429-2156 ,
"category_id": 0,
"iscrowd": 0,
"segmentation": [[TAGDELETE
2094, 1161, 2159, 1297, 2187, 1373, 2184, 1444, 2145, 1526, 2116, 1647, 2094, 1698, 2142, 1667, 2167, 1579, 2201, 1478, 2218, 1404, 2210, 1314, 2142, 1206
]],
"image_id": rb782i_-ctl_-11.czi ,
"area": 13818.8411 ,
"bbox": 2094 1161 124 537 
 
"id": 0001-0822-2301 ,
"category_id": 0,
"iscrowd": 0,
"segmentation": [[TAGDELETE
1950, 726, 2133, 836, 2274, 904, 2402, 918, 2554, 918, 2653, 896, 2475, 890, 2325, 870, 2207, 831, 2054, 769
]],
"image_id": rb782i_-ctl_-11.czi ,
"area": 16553.5882 ,
"bbox": 1950 726 703 192 
 
"id": 0001-0527-2524 ,
"category_id": 0,
"iscrowd": 0,
"segmentation": [[TAGDELETE
2359, 331, 2424, 452, 2489, 545, 2574, 622, 2690, 723, 2563, 576, 2481, 497, 2433, 407
]],
"image_id": rb782i_-ctl_-11.czi ,
"area": 8224.0284 ,
"bbox": 2359 331 331 392 
 
"id": 0001-0641-2422 ,
"category_id": 0,
"iscrowd": 0,
"segmentation": [[TAGDELETE
2308, 469, 2376, 492, 2455, 551, 2503, 624, 2534, 718, 2537, 814, 2501, 712, 2469, 624, 2416, 554, 2351, 500
]],
"image_id": rb782i_-ctl_-11.czi ,
"area": 8226.5018 ,
"bbox": 2308 469 229 345 
 
"id": 0001-1935-1677 ,
"category_id": 0,
"iscrowd": 0,
"segmentation": [[TAGDELETE
1529, 1709, 1588, 1828, 1650, 1918, 1695, 1969, 1755, 2057, 1825, 2161, 1780, 2063, 1740, 1998, 1661, 1899, 1574, 1757
]],
"image_id": rb782i_-ctl_-11.czi ,
"area": 7519.1117 ,
"bbox": 1529 1709 296 452 
 
"id": 0001-0116-0511 ,
"category_id": 0,
"iscrowd": 0,
"segmentation": [[TAGDELETE
316, 51, 413, 121, 494, 161, 568, 181, 644, 172, 681, 121, 706, 93, 701, 54, 658, 119, 613, 155, 559, 155, 441, 110, 381, 73
]],
"image_id": rb782i_-ctl_-11.czi ,
"area": 8368.3096 ,
"bbox": 316 51 390 130 
 
