"id": 0001-0750-0528 ,
"category_id": 0,
"iscrowd": 0,
"segmentation": [[TAGDELETE
472, 488, 524, 620, 568, 804, 588, 1012, 504, 696, 468, 520
]],
"image_id": rb782i_50um_-04.czi ,
"area": 10975.2648 ,
"bbox": 468 488 120 524 
 
"id": 0001-1614-0684 ,
"category_id": 0,
"iscrowd": 0,
"segmentation": [[TAGDELETE
504, 1736, 584, 1648, 760, 1540, 864, 1492, 648, 1628
]],
"image_id": rb782i_50um_-04.czi ,
"area": 4620.2963 ,
"bbox": 504 1492 360 244 
 
"id": 0001-0957-1352 ,
"category_id": 0,
"iscrowd": 0,
"segmentation": [[TAGDELETE
1231, 730, 1267, 802, 1337, 914, 1384, 1008, 1424, 1100, 1473, 1184, 1463, 1137, 1409, 1005, 1359, 908, 1295, 809, 1261, 764
]],
"image_id": rb782i_50um_-04.czi ,
"area": 7884.3492 ,
"bbox": 1231 730 242 454 
 
"id": 0001-0412-0889 ,
"category_id": 0,
"iscrowd": 0,
"segmentation": [[TAGDELETE
757, 240, 790, 323, 824, 400, 878, 481, 960, 552, 1021, 584, 954, 521, 888, 459, 838, 391, 810, 329, 788, 283
]],
"image_id": rb782i_50um_-04.czi ,
"area": 5643.4561 ,
"bbox": 757 240 264 344 