"id": 0001-1270-1665 ,
"category_id": 0,
"iscrowd": 0,
"segmentation": [[TAGDELETE
1726, 963, 1700, 1037, 1674, 1159, 1638, 1341, 1594, 1578, 1630, 1513, 1652, 1451, 1680, 1362, 1713, 1223, 1728, 1086, 1737, 983
]],
"image_id": rb782u_25um_-15.czi ,
"area": 18497.6743 ,
"bbox": 1594 963 143 615 
 
"id": 0001-1177-1771 ,
"category_id": 0,
"iscrowd": 0,
"segmentation": [[TAGDELETE
1697, 1469, 1760, 1363, 1798, 1266, 1802, 1175, 1806, 1107, 1794, 1006, 1805, 925, 1816, 885, 1833, 987, 1842, 1085, 1845, 1174, 1834, 1267, 1797, 1367, 1734, 1446
]],
"image_id": rb782u_25um_-15.czi ,
"area": 16129.8137 ,
"bbox": 1697 885 148 584 
 
