"id": 0001-0494-1032 ,
"category_id": 0,
"iscrowd": 0,
"segmentation": [[TAGDELETE
932, 243, 972, 342, 1000, 427, 1062, 514, 1096, 565, 1105, 630, 1093, 695, 1071, 746, 1116, 695, 1133, 639, 1122, 574, 1088, 497, 1048, 458, 1017, 379, 997, 322
]],
"image_id": rb782i_25um_-09.czi ,
"area": 10714.7341 ,
"bbox": 932 243 201 503 
 
"id": 0001-0450-1340 ,
"category_id": 0,
"iscrowd": 0,
"segmentation": [[TAGDELETE
1619, 401, 1503, 429, 1317, 469, 1141, 455, 1062, 452, 1147, 480, 1271, 500, 1416, 480, 1523, 446
]],
"image_id": rb782i_25um_-09.czi ,
"area": 10570.4529 ,
"bbox": 1062 401 557 99 
 
"id": 0001-0659-1555 ,
"category_id": 0,
"iscrowd": 0,
"segmentation": [[TAGDELETE
1379, 898, 1413, 822, 1458, 757, 1497, 695, 1540, 613, 1560, 557, 1577, 500, 1633, 466, 1690, 449, 1735, 427, 1692, 421, 1650, 429, 1577, 466, 1543, 500, 1503, 613, 1449, 712, 1384, 814, 1376, 867
]],
"image_id": rb782i_25um_-09.czi ,
"area": 14701.0176 ,
"bbox": 1376 421 359 477 
 
"id": 0001-0851-1421 ,
"category_id": 0,
"iscrowd": 0,
"segmentation": [[TAGDELETE
1147, 904, 1235, 918, 1387, 898, 1509, 850, 1625, 777, 1695, 754, 1540, 859, 1452, 904, 1336, 935, 1238, 949
]],
"image_id": rb782i_25um_-09.czi ,
"area": 10812.8454 ,
"bbox": 1147 754 548 195 
 
"id": 0001-1054-1311 ,
"category_id": 0,
"iscrowd": 0,
"segmentation": [[TAGDELETE
1093, 1130, 1195, 1108, 1305, 1088, 1390, 1065, 1458, 1003, 1509, 978, 1529, 978, 1483, 1012, 1418, 1065, 1368, 1102, 1283, 1122, 1212, 1127
]],
"image_id": rb782i_25um_-09.czi ,
"area": 7660.095 ,
"bbox": 1093 978 436 152 
 
"id": 0001-1085-1788 ,
"category_id": 0,
"iscrowd": 0,
"segmentation": [[TAGDELETE
1562, 1116, 1673, 1068, 1822, 1060, 1955, 1057, 2015, 1054, 1913, 1091, 1746, 1093, 1627, 1108
]],
"image_id": rb782i_25um_-09.czi ,
"area": 9184.529 ,
"bbox": 1562 1054 453 62 
 
"id": 0001-1643-1549 ,
"category_id": 0,
"iscrowd": 0,
"segmentation": [[TAGDELETE
1642, 1362, 1548, 1596, 1523, 1661, 1500, 1769, 1478, 1854, 1455, 1924, 1517, 1837, 1537, 1774, 1546, 1707, 1585, 1594, 1633, 1455, 1644, 1401
]],
"image_id": rb782i_25um_-09.czi ,
"area": 13496.4757 ,
"bbox": 1455 1362 189 562 
 
"id": 0001-1283-2260 ,
"category_id": 0,
"iscrowd": 0,
"segmentation": [[TAGDELETE
2170, 1125, 2145, 1255, 2147, 1322, 2181, 1399, 2221, 1435, 2272, 1441, 2342, 1433, 2376, 1418, 2291, 1418, 2255, 1413, 2226, 1407, 2193, 1365, 2181, 1334, 2170, 1271, 2181, 1190
]],
"image_id": rb782i_25um_-09.czi ,
"area": 8513.4153 ,
"bbox": 2145 1125 231 316 
 
"id": 0001-1540-2411 ,
"category_id": 0,
"iscrowd": 0,
"segmentation": [[TAGDELETE
2323, 1794, 2308, 1681, 2328, 1537, 2396, 1407, 2515, 1286, 2492, 1353, 2438, 1416, 2393, 1466, 2356, 1551, 2337, 1656, 2337, 1755
]],
"image_id": rb782i_25um_-09.czi ,
"area": 12065.2062 ,
"bbox": 2308 1286 207 508 
 
"id": 0001-1217-1301 ,
"category_id": 0,
"iscrowd": 0,
"segmentation": [[TAGDELETE
1000, 1277, 1082, 1229, 1195, 1173, 1359, 1170, 1472, 1158, 1602, 1161, 1481, 1184, 1382, 1198, 1277, 1195, 1173, 1218, 1057, 1263
]],
"image_id": rb782i_25um_-09.czi ,
"area": 11810.4468 ,
"bbox": 1000 1158 602 119 
 
"id": 0001-1250-1263 ,
"category_id": 0,
"iscrowd": 0,
"segmentation": [[TAGDELETE
1074, 1314, 1223, 1300, 1339, 1263, 1421, 1249, 1523, 1187, 1464, 1187, 1401, 1229, 1319, 1235, 1215, 1274, 1048, 1286, 1003, 1288
]],
"image_id": rb782i_25um_-09.czi ,
"area": 11289.3856 ,
"bbox": 1003 1187 520 127 
 
"id": 0001-0899-0296 ,
"category_id": 0,
"iscrowd": 0,
"segmentation": [[TAGDELETE
62, 941, 105, 938, 187, 941, 257, 933, 361, 901, 424, 874, 468, 859, 509, 849, 531, 835, 491, 867, 383, 914, 331, 936, 279, 951, 229, 961, 169, 963, 103, 955
]],
"image_id": rb782i_25um_-09.czi ,
"area": 7490.2554 ,
"bbox": 62 835 469 128 
 
"id": 0001-1076-0235 ,
"category_id": 0,
"iscrowd": 0,
"segmentation": [[TAGDELETE
13, 1244, 55, 1180, 99, 1136, 189, 1066, 271, 988, 322, 948, 361, 928, 457, 908, 385, 936, 339, 959, 269, 1018, 213, 1078, 137, 1138, 93, 1169, 35, 1228
]],
"image_id": rb782i_25um_-09.czi ,
"area": 8454.8783 ,
"bbox": 13 908 444 336 
 
"id": 0001-0304-1967 ,
"category_id": 0,
"iscrowd": 0,
"segmentation": [[TAGDELETE
2191, 489, 2105, 413, 2042, 360, 1969, 278, 1916, 223, 1835, 166, 1744, 119, 1799, 151, 1818, 175, 1870, 221, 1926, 271, 2015, 361, 2106, 442, 2159, 486
]],
"image_id": rb782i_25um_-09.czi ,
"area": 9092.189 ,
"bbox": 1744 119 447 370 
 
"id": 0001-0248-1794 ,
"category_id": 0,
"iscrowd": 0,
"segmentation": [[TAGDELETE
1571, 86, 1621, 82, 1646, 85, 1699, 104, 1751, 130, 1807, 168, 1872, 235, 1931, 304, 1984, 367, 2012, 402, 2018, 415, 2003, 410, 1956, 366, 1886, 287, 1835, 231, 1787, 185, 1751, 156, 1689, 122, 1643, 100, 1606, 90
]],
"image_id": rb782i_25um_-09.czi ,
"area": 9238.9436 ,
"bbox": 1571 82 447 333 
 
"id": 0001-1475-0164 ,
"category_id": 0,
"iscrowd": 0,
"segmentation": [[TAGDELETE
57, 1609.5000, 77, 1598.5000, 119, 1586.5000, 162.5000, 1567, 205, 1538, 227.5000, 1505.5000, 240, 1482, 248.5000, 1454, 246.5000, 1421, 241, 1398, 231.5000, 1381.5000, 217.5000, 1367, 199.5000, 1355.5000, 164.5000, 1337.5000, 194, 1342, 221.5000, 1352, 244, 1373.5000, 259, 1391.5000, 269.5000, 1421.5000, 270.5000, 1455.5000, 265, 1484, 243, 1522.5000, 225, 1548.5000, 202, 1570.5000, 173.5000, 1588.5000, 125, 1603.5000, 76, 1613
]],
"image_id": rb782i_25um_-09.czi ,
"area": 6681.4563 ,
"bbox": 57 1337 214 276 
 
