"id": 0001-1548-0380 ,
"category_id": 0,
"iscrowd": 0,
"segmentation": [[TAGDELETE
421, 1283, 421, 1288, 364, 1416, 339, 1503, 339, 1571, 370, 1729, 401, 1814, 390, 1704, 373, 1616, 370, 1526, 404, 1399
]],
"image_id": rb782i_-ctl_.czi ,
"area": 10520.1606 ,
"bbox": 339 1283 82 531 
 
"id": 0001-1510-0604 ,
"category_id": 0,
"iscrowd": 0,
"segmentation": [[TAGDELETE
715, 1288, 599, 1353, 537, 1396, 494, 1475, 503, 1548, 593, 1675, 656, 1732, 554, 1565, 531, 1506, 534, 1464, 579, 1404, 667, 1353
]],
"image_id": rb782i_-ctl_.czi ,
"area": 13230.1738 ,
"bbox": 494 1288 221 444 
 
"id": 0001-1800-0589 ,
"category_id": 0,
"iscrowd": 0,
"segmentation": [[TAGDELETE
661, 2026, 596, 1921, 562, 1862, 568, 1749, 562, 1681, 528, 1579, 517, 1574, 537, 1659, 540, 1729, 531, 1822, 540, 1896, 599, 1983
]],
"image_id": rb782i_-ctl_.czi ,
"area": 9962.823 ,
"bbox": 517 1574 144 452 
 
"id": 0001-1551-1087 ,
"category_id": 0,
"iscrowd": 0,
"segmentation": [[TAGDELETE
1009, 1305, 997, 1384, 1003, 1481, 1062, 1616, 1164, 1738, 1206, 1797, 1023, 1599, 972, 1483, 969, 1373
]],
"image_id": rb782i_-ctl_.czi ,
"area": 9018.8117 ,
"bbox": 969 1305 237 492 
 
"id": 0001-1069-1366 ,
"category_id": 0,
"iscrowd": 0,
"segmentation": [[TAGDELETE
1404, 831, 1345, 882, 1317, 918, 1303, 980, 1328, 1079, 1368, 1133, 1404, 1170, 1441, 1215, 1464, 1308, 1416, 1226, 1288, 1079, 1269, 1006, 1280, 918, 1331, 853
]],
"image_id": rb782i_-ctl_.czi ,
"area": 12688.501 ,
"bbox": 1269 831 195 477 
 
"id": 0001-0655-0777 ,
"category_id": 0,
"iscrowd": 0,
"segmentation": [[TAGDELETE
915, 466, 817, 478, 732, 517, 678, 576, 641, 687, 639, 845, 658, 763, 670, 672, 712, 568, 771, 523, 879, 483
]],
"image_id": rb782i_-ctl_.czi ,
"area": 8693.9729 ,
"bbox": 639 466 276 379 
 
"id": 0001-0607-0963 ,
"category_id": 0,
"iscrowd": 0,
"segmentation": [[TAGDELETE
1110, 780, 1096, 706, 1071, 630, 1057, 542, 1028, 486, 986, 446, 896, 435, 817, 466, 898, 469, 935, 463, 966, 466, 997, 486, 1031, 540, 1043, 656, 1096, 754
]],
"image_id": rb782i_-ctl_.czi ,
"area": 9862.2384 ,
"bbox": 817 435 293 345 
 
"id": 0001-0733-1701 ,
"category_id": 0,
"iscrowd": 0,
"segmentation": [[TAGDELETE
1472, 814, 1571, 740, 1630, 684, 1684, 684, 1755, 698, 1930, 732, 1743, 664, 1681, 653, 1602, 667, 1529, 743
]],
"image_id": rb782i_-ctl_.czi ,
"area": 8838.2541 ,
"bbox": 1472 653 458 161 
 
