"id": 0001-0543-2567 ,
"category_id": 0,
"iscrowd": 0,
"segmentation": [[TAGDELETE
2726, 441, 2722, 473, 2712, 511, 2689, 547, 2660, 575, 2615, 600, 2557, 622, 2513, 627, 2465, 624, 2401, 619, 2453, 638, 2500, 644, 2528, 645, 2582, 635, 2647, 611, 2682, 585, 2708, 556, 2728, 522, 2734, 493, 2731, 467
]],
"image_id": rb782u_-ctl_-06.czi ,
"area": 6139.7834 ,
"bbox": 2401 441 333 204 
 
"id": 0001-0907-2248 ,
"category_id": 0,
"iscrowd": 0,
"segmentation": [[TAGDELETE
2066, 710, 2156, 794, 2274, 896, 2348, 1006, 2430, 1104, 2412, 1054, 2348, 944, 2262, 848, 2206, 796, 2132, 746
]],
"image_id": rb782u_-ctl_-06.czi ,
"area": 10491.3044 ,
"bbox": 2066 710 364 394 
 
"id": 0001-1417-2098 ,
"category_id": 0,
"iscrowd": 0,
"segmentation": [[TAGDELETE
2009, 1243, 1941, 1308, 1932, 1375, 1948, 1452, 2005, 1526, 2077, 1575, 2154, 1591, 2265, 1587, 2176, 1567, 2118, 1562, 2054, 1532, 2006, 1474, 1978, 1428, 1969, 1406, 1961, 1372, 1968, 1318, 2008, 1263
]],
"image_id": rb782u_-ctl_-06.czi ,
"area": 11654.6231 ,
"bbox": 1932 1243 333 348 
 
"id": 0001-1338-1960 ,
"category_id": 0,
"iscrowd": 0,
"segmentation": [[TAGDELETE
1681, 1527, 1722, 1443, 1810, 1331, 1874, 1255, 1978, 1190, 2032, 1167, 2134, 1150, 2210, 1154, 2240, 1178, 2158, 1175, 2049, 1195, 1993, 1214, 1916, 1264, 1830, 1355, 1769, 1422, 1729, 1486, 1705, 1504
]],
"image_id": rb782u_-ctl_-06.czi ,
"area": 15707.6881 ,
"bbox": 1681 1150 559 377 
 
"id": 0001-1253-1766 ,
"category_id": 0,
"iscrowd": 0,
"segmentation": [[TAGDELETE
1900, 1011, 1836, 1096, 1757, 1236, 1685, 1391, 1637, 1458, 1622, 1496, 1670, 1438, 1704, 1394, 1820, 1167, 1910, 1018
]],
"image_id": rb782u_-ctl_-06.czi ,
"area": 8769.8236 ,
"bbox": 1622 1011 288 485 
 
"id": 0001-1271-1518 ,
"category_id": 0,
"iscrowd": 0,
"segmentation": [[TAGDELETE
1688, 1039, 1630, 1099, 1588, 1180, 1537, 1280, 1473, 1383, 1386, 1467, 1349, 1504, 1410, 1480, 1466, 1436, 1518, 1379, 1578, 1271, 1638, 1134
]],
"image_id": rb782u_-ctl_-06.czi ,
"area": 12422.1991 ,
"bbox": 1349 1039 339 465 
 
"id": 0001-0632-0875 ,
"category_id": 0,
"iscrowd": 0,
"segmentation": [[TAGDELETE
1066, 438, 982, 462, 832, 574, 760, 648, 700, 742, 684, 782, 690, 826, 704, 790, 740, 712, 818, 624, 942, 524, 1030, 464
]],
"image_id": rb782u_-ctl_-06.czi ,
"area": 10535.001 ,
"bbox": 684 438 382 388 
 
"id": 0001-0415-0762 ,
"category_id": 0,
"iscrowd": 0,
"segmentation": [[TAGDELETE
470, 367, 520, 391, 658, 443, 718, 456, 830, 464, 957, 460, 1054, 445, 961, 435, 834, 437, 734, 429, 520, 371
]],
"image_id": rb782u_-ctl_-06.czi ,
"area": 11469.9432 ,
"bbox": 470 367 584 97 
 
"id": 0001-0711-0626 ,
"category_id": 0,
"iscrowd": 0,
"segmentation": [[TAGDELETE
891, 471, 750, 592, 604, 731, 484, 832, 348, 952, 552, 826, 732, 653, 904, 483
]],
"image_id": rb782u_-ctl_-06.czi ,
"area": 15948.4316 ,
"bbox": 348 471 556 481 
 
"id": 0001-1000-0932 ,
"category_id": 0,
"iscrowd": 0,
"segmentation": [[TAGDELETE
1012, 1259, 1006, 1193, 980, 1069, 906, 883, 862, 741, 852, 787, 880, 897, 954, 1071, 988, 1225
]],
"image_id": rb782u_-ctl_-06.czi ,
"area": 10618.2719 ,
"bbox": 852 741 160 518 
 
