"id": 0001-0522-0402 ,
"category_id": 0,
"iscrowd": 0,
"segmentation": [[TAGDELETE
145, 295, 288, 400, 435, 539, 508, 631, 585, 701, 641, 731, 660, 749, 588, 736, 524, 707, 435, 620, 315, 483, 208, 360
]],
"image_id": rb782u_DMSO_-04.czi ,
"area": 19579.3711 ,
"bbox": 145 295 515 454 
 
"id": 0001-0645-1734 ,
"category_id": 0,
"iscrowd": 0,
"segmentation": [[TAGDELETE
1500, 742, 1527, 643, 1563, 589, 1640, 557, 1719, 549, 1793, 571, 1853, 626, 1920, 694, 1948, 719, 1969, 737, 1904, 715, 1831, 655, 1767, 605, 1708, 587, 1643, 597, 1573, 630, 1539, 677, 1527, 715
]],
"image_id": rb782u_DMSO_-04.czi ,
"area": 15692.0233 ,
"bbox": 1500 549 469 193 
 
"id": 0001-0559-1349 ,
"category_id": 0,
"iscrowd": 0,
"segmentation": [[TAGDELETE
1473, 185, 1292, 356, 1250, 423, 1226, 508, 1232, 620, 1274, 763, 1300, 829, 1374, 933, 1338, 836, 1294, 713, 1281, 587, 1276, 491, 1314, 423, 1393, 320, 1449, 224
]],
"image_id": rb782u_DMSO_-04.czi ,
"area": 26064.6049 ,
"bbox": 1226 185 247 748 
 
"id": 0001-0876-2444 ,
"category_id": 0,
"iscrowd": 0,
"segmentation": [[TAGDELETE
2646, 979, 2596, 920, 2520, 841, 2485, 807, 2451, 783, 2418, 766, 2376, 757, 2328, 767, 2306, 780, 2274, 821, 2247, 878, 2242, 929, 2242, 968, 2248, 995, 2260, 973, 2268, 913, 2286, 871, 2313, 830, 2332, 806, 2364, 799, 2394, 803, 2433, 819, 2488, 859, 2548, 911, 2612, 948
]],
"image_id": rb782u_DMSO_-04.czi ,
"area": 14977.213 ,
"bbox": 2242 757 404 238 
 
"id": 0001-1330-2123 ,
"category_id": 0,
"iscrowd": 0,
"segmentation": [[TAGDELETE
2045, 1051, 2033, 1158, 2005, 1290, 2009, 1361, 2039, 1439, 2107, 1510, 2242, 1610, 2170, 1530, 2093, 1453, 2061, 1407, 2041, 1340, 2041, 1276, 2059, 1175, 2060, 1084
]],
"image_id": rb782u_DMSO_-04.czi ,
"area": 13799.8784 ,
"bbox": 2005 1051 237 559 
 
"id": 0001-1803-2178 ,
"category_id": 0,
"iscrowd": 0,
"segmentation": [[TAGDELETE
2071, 1973, 2024, 1884, 2011, 1852, 2002, 1811, 2003, 1767, 2013, 1725, 2029, 1687, 2056, 1662, 2115, 1633, 2183, 1637, 2235, 1653, 2284, 1691, 2324, 1723, 2350, 1744, 2355, 1757, 2327, 1745, 2258, 1709, 2223, 1692, 2203, 1680, 2179, 1671, 2149, 1667, 2100, 1677, 2067, 1700, 2040, 1745, 2035, 1782, 2030, 1827, 2052, 1899, 2061, 1942
]],
"image_id": rb782u_DMSO_-04.czi ,
"area": 14478.4123 ,
"bbox": 2002 1633 353 340 
 
"id": 0001-1853-1424 ,
"category_id": 0,
"iscrowd": 0,
"segmentation": [[TAGDELETE
1666, 2029, 1586, 1860, 1535, 1772, 1485, 1714, 1447, 1686, 1407, 1678, 1334, 1678, 1273, 1700, 1226, 1737, 1200, 1787, 1186, 1839, 1182, 1946, 1183, 1990, 1203, 1943, 1222, 1855, 1245, 1779, 1277, 1741, 1332, 1723, 1386, 1719, 1431, 1727, 1464, 1753, 1506, 1795, 1570, 1907, 1626, 1979
]],
"image_id": rb782u_DMSO_-04.czi ,
"area": 23328.2089 ,
"bbox": 1182 1678 484 351 
 
"id": 0001-1688-0435 ,
"category_id": 0,
"iscrowd": 0,
"segmentation": [[TAGDELETE
681, 1749, 566, 1613, 505, 1575, 435, 1557, 369, 1557, 299, 1587, 263, 1609, 238, 1637, 216, 1679, 195, 1737, 189, 1777, 189, 1819, 212, 1773, 250, 1697, 269, 1666, 315, 1630, 359, 1609, 419, 1600, 486, 1615, 544, 1647, 592, 1688, 639, 1716, 659, 1732
]],
"image_id": rb782u_DMSO_-04.czi ,
"area": 19509.2916 ,
"bbox": 189 1557 492 262 
 
