"id": 0001-0230-1379 ,
"category_id": 0,
"iscrowd": 0,
"segmentation": [[TAGDELETE
1115, 85, 1263, 107, 1334, 129, 1399, 187, 1458, 243, 1511, 273, 1583, 304, 1621, 343, 1643, 375, 1610, 363, 1566, 328, 1519, 311, 1474, 289, 1417, 257, 1367, 208, 1337, 175, 1317, 160, 1271, 144, 1173, 112, 1145, 97
]],
"image_id": rb782i_25um_-14.czi ,
"area": 14172.5362 ,
"bbox": 1115 85 528 290 
 
"id": 0001-0486-1017 ,
"category_id": 0,
"iscrowd": 0,
"segmentation": [[TAGDELETE
951, 733, 961, 685, 961, 609, 979, 509, 993, 455, 1026, 373, 1066, 295, 1097, 239, 1041, 289, 998, 368, 975, 432, 962, 488, 937, 591, 937, 679
]],
"image_id": rb782i_25um_-14.czi ,
"area": 9485.4583 ,
"bbox": 937 239 160 494 
 
"id": 0001-0484-1215 ,
"category_id": 0,
"iscrowd": 0,
"segmentation": [[TAGDELETE
1190, 227, 1170, 281, 1158, 363, 1125, 471, 1122, 509, 1142, 576, 1187, 663, 1223, 704, 1262, 727, 1309, 741, 1285, 709, 1238, 688, 1195, 617, 1159, 529, 1153, 488, 1179, 372, 1191, 275
]],
"image_id": rb782i_25um_-14.czi ,
"area": 11876.4039 ,
"bbox": 1122 227 187 514 
 
"id": 0001-0985-1128 ,
"category_id": 0,
"iscrowd": 0,
"segmentation": [[TAGDELETE
934, 821, 989, 821, 1039, 828, 1085, 849, 1141, 899, 1191, 965, 1245, 1046, 1291, 1098, 1322, 1149, 1252, 1080, 1196, 1011, 1150, 949, 1101, 892, 1059, 859, 1004, 838, 967, 837
]],
"image_id": rb782i_25um_-14.czi ,
"area": 7912.381 ,
"bbox": 934 821 388 328 
 
"id": 0001-0934-1175 ,
"category_id": 0,
"iscrowd": 0,
"segmentation": [[TAGDELETE
944, 754, 994, 758, 1105, 777, 1192, 808, 1252, 842, 1304, 895, 1359, 985, 1385, 1051, 1406, 1115, 1337, 997, 1286, 929, 1252, 886, 1184, 833, 1090, 803, 1018, 782
]],
"image_id": rb782i_25um_-14.czi ,
"area": 11995.9512 ,
"bbox": 944 754 462 361 
 
"id": 0001-1275-1131 ,
"category_id": 0,
"iscrowd": 0,
"segmentation": [[TAGDELETE
1005, 1071, 1079, 1109, 1140, 1152, 1199, 1223, 1229, 1268, 1241, 1304, 1253, 1351, 1258, 1401, 1258, 1439, 1248, 1480, 1245, 1400, 1224, 1315, 1186, 1238, 1117, 1167, 1069, 1121, 1023, 1093
]],
"image_id": rb782i_25um_-14.czi ,
"area": 7360.8146 ,
"bbox": 1005 1071 253 409 
 
"id": 0001-1755-0428 ,
"category_id": 0,
"iscrowd": 0,
"segmentation": [[TAGDELETE
195, 1811, 295, 1798, 354, 1785, 435, 1753, 531, 1718, 590, 1702, 661, 1692, 540, 1735, 461, 1761, 382, 1800, 339, 1811, 259, 1819, 231, 1818
]],
"image_id": rb782i_25um_-14.czi ,
"area": 6381.3514 ,
"bbox": 195 1692 466 127 
 
"id": 0001-1046-0809 ,
"category_id": 0,
"iscrowd": 0,
"segmentation": [[TAGDELETE
865, 808, 843, 866, 812, 945, 783, 1019, 763, 1099, 749, 1188, 749, 1284, 768, 1223, 778, 1111, 799, 1044, 827, 968, 856, 897, 869, 844
]],
"image_id": rb782i_25um_-14.czi ,
"area": 7576.8242 ,
"bbox": 749 808 120 476 
 
"id": 0001-1573-2363 ,
"category_id": 0,
"iscrowd": 0,
"segmentation": [[TAGDELETE
2458, 1336, 2402, 1358, 2348, 1399, 2303, 1455, 2282, 1502, 2273, 1557, 2269, 1630, 2281, 1695, 2306, 1776, 2317, 1811, 2315, 1761, 2297, 1660, 2291, 1592, 2299, 1533, 2315, 1479, 2337, 1445, 2377, 1402, 2423, 1367
]],
"image_id": rb782i_25um_-14.czi ,
"area": 8545.5694 ,
"bbox": 2269 1336 189 475 
 
"id": 0001-1155-2517 ,
"category_id": 0,
"iscrowd": 0,
"segmentation": [[TAGDELETE
2348, 1019, 2441, 1003, 2491, 1007, 2559, 1029, 2595, 1053, 2630, 1100, 2658, 1164, 2678, 1227, 2686, 1292, 2681, 1307, 2660, 1254, 2636, 1177, 2615, 1118, 2579, 1071, 2543, 1042, 2487, 1028, 2437, 1025, 2386, 1026
]],
"image_id": rb782i_25um_-14.czi ,
"area": 8412.8307 ,
"bbox": 2348 1003 338 304 
 
"id": 0001-1557-1300 ,
"category_id": 0,
"iscrowd": 0,
"segmentation": [[TAGDELETE
1059, 1642, 1158, 1595, 1245, 1538, 1331, 1495, 1436, 1474, 1518, 1470, 1542, 1479, 1432, 1494, 1347, 1517, 1255, 1560, 1164, 1612, 1101, 1644
]],
"image_id": rb782i_25um_-14.czi ,
"area": 8250.4112 ,
"bbox": 1059 1470 483 174 
 
"id": 0001-1650-1319 ,
"category_id": 0,
"iscrowd": 0,
"segmentation": [[TAGDELETE
1068, 1747, 1150, 1717, 1221, 1677, 1302, 1621, 1364, 1583, 1411, 1567, 1476, 1554, 1571, 1558, 1503, 1570, 1444, 1579, 1393, 1591, 1336, 1625, 1261, 1672, 1199, 1717, 1128, 1743
]],
"image_id": rb782i_25um_-14.czi ,
"area": 7651.0259 ,
"bbox": 1068 1554 503 193 
 
"id": 0001-1125-0411 ,
"category_id": 0,
"iscrowd": 0,
"segmentation": [[TAGDELETE
435, 895, 436, 992, 428, 1081, 411, 1171, 389, 1260, 366, 1333, 368, 1355, 393, 1309, 429, 1220, 451, 1111, 457, 1038, 456, 969, 445, 906
]],
"image_id": rb782i_25um_-14.czi ,
"area": 8430.1444 ,
"bbox": 366 895 91 460 
 
"id": 0001-1178-0439 ,
"category_id": 0,
"iscrowd": 0,
"segmentation": [[TAGDELETE
515, 932, 485, 976, 467, 1015, 455, 1081, 456, 1138, 456, 1197, 449, 1240, 437, 1275, 421, 1305, 404, 1338, 385, 1370, 367, 1406, 363, 1425, 394, 1382, 439, 1309, 462, 1274, 478, 1206, 481, 1102, 486, 1051, 490, 1008, 505, 966
]],
"image_id": rb782i_25um_-14.czi ,
"area": 8044.2952 ,
"bbox": 363 932 152 493 
 
"id": 0001-1728-0826 ,
"category_id": 0,
"iscrowd": 0,
"segmentation": [[TAGDELETE
702, 1483, 696, 1582, 693, 1619, 720, 1702, 748, 1778, 802, 1853, 862, 1917, 960, 1974, 857, 1879, 806, 1814, 749, 1703, 722, 1623, 712, 1506
]],
"image_id": rb782i_25um_-14.czi ,
"area": 10739.4681 ,
"bbox": 693 1483 267 491 
 
"id": 0001-0333-0360 ,
"category_id": 0,
"iscrowd": 0,
"segmentation": [[TAGDELETE
274, 80, 352, 139, 416, 224, 432, 281, 442, 329, 446, 405, 439, 469, 423, 530, 403, 586, 403, 533, 415, 453, 420, 362, 412, 288, 380, 205, 322, 131
]],
"image_id": rb782i_25um_-14.czi ,
"area": 8936.3653 ,
"bbox": 274 80 172 506 
 
"id": 0001-0770-0354 ,
"category_id": 0,
"iscrowd": 0,
"segmentation": [[TAGDELETE
308, 517, 340, 542, 361, 571, 386, 628, 399, 675, 401, 717, 399, 761, 388, 914, 377, 967, 356, 1010, 348, 1023, 342, 1003, 353, 974, 373, 798, 378, 736, 377, 699, 372, 665, 359, 607, 329, 545
]],
"image_id": rb782i_25um_-14.czi ,
"area": 9007.2692 ,
"bbox": 308 517 93 506 
 
