"id": 0001-0728-0839 ,
"category_id": 0,
"iscrowd": 0,
"segmentation": [[TAGDELETE
582, 638, 676, 700, 817, 765, 877, 786, 946, 798, 1022, 812, 1079, 817, 1097, 818, 1050, 794, 929, 774, 856, 753, 675, 670
]],
"image_id": rb782u_DMSO_-08.czi ,
"area": 9548.942 ,
"bbox": 582 638 515 180 
 
"id": 0001-0404-1251 ,
"category_id": 0,
"iscrowd": 0,
"segmentation": [[TAGDELETE
1506, 631, 1424, 655, 1311, 653, 1234, 638, 1165, 610, 1113, 580, 1070, 530, 1042, 473, 1028, 331, 1019, 246, 996, 154, 1016, 172, 1054, 259, 1069, 327, 1075, 410, 1103, 475, 1155, 551, 1191, 573, 1329, 606, 1503, 625
]],
"image_id": rb782u_DMSO_-08.czi ,
"area": 27515.6615 ,
"bbox": 996 154 510 501 
 
"id": 0001-0699-1678 ,
"category_id": 0,
"iscrowd": 0,
"segmentation": [[TAGDELETE
1733, 537, 1646, 587, 1555, 657, 1527, 697, 1509, 745, 1516, 788, 1534, 821, 1571, 850, 1610, 861, 1658, 859, 1730, 845, 1769, 836, 1800, 835, 1847, 827, 1813, 816, 1779, 813, 1719, 817, 1651, 827, 1620, 828, 1577, 813, 1557, 793, 1544, 766, 1544, 742, 1555, 710, 1597, 661, 1651, 609, 1699, 567
]],
"image_id": rb782u_DMSO_-08.czi ,
"area": 14491.6037 ,
"bbox": 1509 537 338 324 
 
"id": 0001-0772-2028 ,
"category_id": 0,
"iscrowd": 0,
"segmentation": [[TAGDELETE
2001, 490, 2026, 584, 2031, 662, 2029, 763, 2015, 840, 1996, 939, 1996, 1005, 2009, 1063, 2035, 876, 2060, 703, 2051, 578, 2014, 481
]],
"image_id": rb782u_DMSO_-08.czi ,
"area": 11305.8748 ,
"bbox": 1996 481 64 582 
 
"id": 0001-0138-1495 ,
"category_id": 0,
"iscrowd": 0,
"segmentation": [[TAGDELETE
1873, 30, 1694, 17, 1551, 38, 1441, 33, 1352, 51, 1273, 85, 1211, 137, 1117, 243, 1125, 259, 1262, 136, 1317, 102, 1412, 76, 1583, 69, 1688, 49, 1801, 43
]],
"image_id": rb782u_DMSO_-08.czi ,
"area": 20271.9208 ,
"bbox": 1117 17 756 242 
 
"id": 0001-1627-0261 ,
"category_id": 0,
"iscrowd": 0,
"segmentation": [[TAGDELETE
107, 1862, 100, 1832, 115, 1769, 160, 1676, 224, 1602, 309, 1509, 423, 1393, 333, 1528, 223, 1644, 172, 1701, 136, 1777, 120, 1828
]],
"image_id": rb782u_DMSO_-08.czi ,
"area": 10316.518 ,
"bbox": 100 1393 323 469 
 
"id": 0001-1758-0704 ,
"category_id": 0,
"iscrowd": 0,
"segmentation": [[TAGDELETE
596, 1476, 527, 1682, 524, 1790, 556, 1886, 635, 1985, 744, 2022, 831, 2040, 884, 2018, 735, 1981, 657, 1938, 604, 1880, 572, 1821, 560, 1752, 595, 1598, 607, 1489
]],
"image_id": rb782u_DMSO_-08.czi ,
"area": 23417.251 ,
"bbox": 524 1476 360 564 
 
"id": 0001-2041-2154 ,
"category_id": 0,
"iscrowd": 0,
"segmentation": [[TAGDELETE
2479, 2017, 2102, 2013, 1998, 2017, 1895, 2040, 1829, 2068, 1859, 2070, 2009, 2049, 2101, 2046, 2296, 2053, 2393, 2036, 2439, 2028
]],
"image_id": rb782u_DMSO_-08.czi ,
"area": 14832.1074 ,
"bbox": 1829 2013 650 57 
 
