"id": 0001-0769-0690 ,
"category_id": 0,
"iscrowd": 0,
"segmentation": [[TAGDELETE
415, 819, 622, 783, 743, 757, 966, 743, 839, 720, 737, 732, 639, 757, 463, 780
]],
"image_id": rb782i_-ctl_-03.czi ,
"area": 10455.8524 ,
"bbox": 415 720 551 99 
 
"id": 0001-1127-1424 ,
"category_id": 0,
"iscrowd": 0,
"segmentation": [[TAGDELETE
1486, 870, 1455, 983, 1441, 1144, 1416, 1266, 1362, 1384, 1410, 1173, 1430, 963, 1461, 901
]],
"image_id": rb782i_-ctl_-03.czi ,
"area": 9505.2455 ,
"bbox": 1362 870 124 514 
 
"id": 0001-0846-2123 ,
"category_id": 0,
"iscrowd": 0,
"segmentation": [[TAGDELETE
2116, 644, 2088, 732, 2074, 808, 2091, 921, 2116, 975, 2198, 1048, 2133, 1014, 2099, 983, 2048, 839, 2048, 769, 2082, 670
]],
"image_id": rb782i_-ctl_-03.czi ,
"area": 7690.6002 ,
"bbox": 2048 644 150 404 
 
"id": 0001-0795-2264 ,
"category_id": 0,
"iscrowd": 0,
"segmentation": [[TAGDELETE
2399, 591, 2354, 732, 2328, 802, 2226, 904, 2130, 1000, 2184, 986, 2351, 814, 2376, 749, 2396, 667
]],
"image_id": rb782i_-ctl_-03.czi ,
"area": 9317.2677 ,
"bbox": 2130 591 269 409 
 
"id": 0001-1639-2345 ,
"category_id": 0,
"iscrowd": 0,
"segmentation": [[TAGDELETE
2136, 1814, 2161, 1729, 2198, 1633, 2269, 1554, 2356, 1500, 2475, 1464, 2554, 1475, 2455, 1489, 2362, 1520, 2249, 1605, 2212, 1664, 2164, 1774
]],
"image_id": rb782i_-ctl_-03.czi ,
"area": 9492.054 ,
"bbox": 2136 1464 418 350 
 
"id": 0001-1765-2247 ,
"category_id": 0,
"iscrowd": 0,
"segmentation": [[TAGDELETE
2065, 1969, 2201, 1856, 2294, 1763, 2430, 1562, 2419, 1608, 2317, 1766, 2224, 1876, 2136, 1933
]],
"image_id": rb782i_-ctl_-03.czi ,
"area": 8615.6488 ,
"bbox": 2065 1562 365 407 
 
"id": 0001-0157-0550 ,
"category_id": 0,
"iscrowd": 0,
"segmentation": [[TAGDELETE
331, 308, 384, 237, 506, 136, 720, 28, 769, 6, 667, 82, 517, 167, 421, 237
]],
"image_id": rb782i_-ctl_-03.czi ,
"area": 9483.8094 ,
"bbox": 331 6 438 302 
 
"id": 0001-0379-0641 ,
"category_id": 0,
"iscrowd": 0,
"segmentation": [[TAGDELETE
876, 478, 780, 424, 661, 345, 585, 308, 486, 283, 407, 280, 565, 325, 658, 370, 780, 446
]],
"image_id": rb782i_-ctl_-03.czi ,
"area": 7309.6978 ,
"bbox": 407 280 469 198 
 
