"id": 0001-0408-0950 ,
"category_id": 0,
"iscrowd": 0,
"segmentation": [[TAGDELETE
1060, 228, 952, 284, 872, 352, 840, 440, 992, 588, 932, 500, 900, 456, 892, 408, 924, 344, 1000, 292
]],
"image_id": rb782i_-ctl_-05.czi ,
"area": 10535.001 ,
"bbox": 840 228 220 360 
 
"id": 0001-0404-2002 ,
"category_id": 0,
"iscrowd": 0,
"segmentation": [[TAGDELETE
1796, 600, 1876, 420, 1976, 316, 2208, 208, 2132, 208, 1964, 284, 1864, 356, 1800, 496
]],
"image_id": rb782i_-ctl_-05.czi ,
"area": 16317.7915 ,
"bbox": 1796 208 412 392 
 
"id": 0001-1516-1284 ,
"category_id": 0,
"iscrowd": 0,
"segmentation": [[TAGDELETE
1164, 1756, 1348, 1436, 1404, 1276, 1260, 1516, 1188, 1644
]],
"image_id": rb782i_-ctl_-05.czi ,
"area": 11535.9003 ,
"bbox": 1164 1276 240 480 
 
"id": 0001-1466-1730 ,
"category_id": 0,
"iscrowd": 0,
"segmentation": [[TAGDELETE
1580, 1692, 1812, 1312, 1864, 1240, 1880, 1252, 1804, 1384, 1612, 1676
]],
"image_id": rb782i_-ctl_-05.czi ,
"area": 10772.4466 ,
"bbox": 1580 1240 300 452 
 
"id": 0001-1640-1747 ,
"category_id": 0,
"iscrowd": 0,
"segmentation": [[TAGDELETE
1863, 1387, 1823, 1425, 1773, 1501, 1713, 1613, 1663, 1728, 1633, 1832, 1631, 1893, 1650, 1833, 1703, 1704, 1766, 1572, 1827, 1459
]],
"image_id": rb782i_-ctl_-05.czi ,
"area": 10335.4807 ,
"bbox": 1631 1387 232 506 
 
"id": 0001-1699-1793 ,
"category_id": 0,
"iscrowd": 0,
"segmentation": [[TAGDELETE
1958, 1411, 1841, 1489, 1782, 1553, 1730, 1657, 1697, 1739, 1663, 1823, 1643, 1892, 1629, 1988, 1670, 1901, 1703, 1812, 1745, 1717, 1798, 1601, 1845, 1521, 1925, 1443
]],
"image_id": rb782i_-ctl_-05.czi ,
"area": 15085.2178 ,
"bbox": 1629 1411 329 577 
 
"id": 0001-0555-2565 ,
"category_id": 0,
"iscrowd": 0,
"segmentation": [[TAGDELETE
2701, 339, 2651, 399, 2594, 472, 2518, 552, 2458, 621, 2437, 660, 2430, 697, 2443, 736, 2459, 757, 2481, 772, 2467, 743, 2454, 703, 2465, 664, 2493, 620, 2583, 521, 2642, 452, 2682, 381
]],
"image_id": rb782i_-ctl_-05.czi ,
"area": 9510.1922 ,
"bbox": 2430 339 271 433 
 
"id": 0001-0609-2507 ,
"category_id": 0,
"iscrowd": 0,
"segmentation": [[TAGDELETE
2617, 403, 2547, 460, 2473, 523, 2431, 581, 2410, 637, 2398, 699, 2413, 745, 2437, 776, 2494, 807, 2537, 815, 2498, 789, 2465, 761, 2442, 737, 2429, 695, 2435, 651, 2453, 600, 2479, 557, 2523, 515, 2574, 469, 2609, 428
]],
"image_id": rb782i_-ctl_-05.czi ,
"area": 10843.3505 ,
"bbox": 2398 403 219 412 
 
"id": 0001-1882-1056 ,
"category_id": 0,
"iscrowd": 0,
"segmentation": [[TAGDELETE
867, 2052, 893, 1998, 915, 1970, 951, 1942, 1005, 1928, 1073, 1892, 1119, 1848, 1149, 1810, 1187, 1758, 1245, 1712, 1189, 1792, 1161, 1836, 1121, 1882, 1071, 1926, 1025, 1946, 961, 1970, 929, 1992, 901, 2030
]],
"image_id": rb782i_-ctl_-05.czi ,
"area": 9501.9476 ,
"bbox": 867 1712 378 340 
 
"id": 0001-0873-0153 ,
"category_id": 0,
"iscrowd": 0,
"segmentation": [[TAGDELETE
231, 636, 203, 638, 176, 654, 157, 688, 139, 744, 123, 788, 85, 859, 55, 939, 64, 1000, 83, 1047, 127, 1086, 167, 1098, 231, 1111, 252, 1107, 232, 1092, 175, 1072, 131, 1048, 100, 999, 91, 954, 136, 834, 163, 774, 175, 702, 188, 664
]],
"image_id": rb782i_-ctl_-05.czi ,
"area": 14945.0589 ,
"bbox": 55 636 197 475 
 
