"id": 0001-0356-0521 ,
"category_id": 0,
"iscrowd": 0,
"segmentation": [[TAGDELETE
395, 80, 520, 235, 589, 320, 623, 373, 637, 413, 647, 496, 628, 632, 617, 606, 620, 505, 612, 435, 581, 364, 523, 278, 417, 136
]],
"image_id": rb782u_50um_-07.czi ,
"area": 11770.0481 ,
"bbox": 395 80 252 552 
 
"id": 0001-0488-0347 ,
"category_id": 0,
"iscrowd": 0,
"segmentation": [[TAGDELETE
166, 299, 212, 282, 284, 290, 349, 336, 421, 445, 477, 532, 502, 610, 528, 694, 452, 550, 346, 392, 282, 319, 248, 302
]],
"image_id": rb782u_50um_-07.czi ,
"area": 11667.8145 ,
"bbox": 166 282 362 412 
 
"id": 0001-1225-0489 ,
"category_id": 0,
"iscrowd": 0,
"segmentation": [[TAGDELETE
612, 1043, 562, 1027, 497, 1038, 441, 1083, 379, 1173, 366, 1228, 374, 1279, 403, 1326, 440, 1354, 476, 1363, 496, 1385, 505, 1424, 513, 1402, 504, 1366, 471, 1340, 431, 1313, 400, 1285, 392, 1243, 402, 1183, 473, 1088, 504, 1059, 553, 1045, 582, 1043
]],
"image_id": rb782u_50um_-07.czi ,
"area": 10315.6936 ,
"bbox": 366 1027 246 397 
 
"id": 0001-1470-1306 ,
"category_id": 0,
"iscrowd": 0,
"segmentation": [[TAGDELETE
1473, 1686, 1401, 1642, 1289, 1602, 1241, 1572, 1171, 1454, 1139, 1346, 1145, 1284, 1185, 1260, 1251, 1254, 1193, 1286, 1171, 1322, 1185, 1408, 1259, 1546, 1355, 1600, 1433, 1636, 1467, 1660
]],
"image_id": rb782u_50um_-07.czi ,
"area": 14245.089 ,
"bbox": 1139 1254 334 432 
 
"id": 0001-0251-1964 ,
"category_id": 0,
"iscrowd": 0,
"segmentation": [[TAGDELETE
1840, 115, 1819, 174, 1796, 199, 1782, 237, 1785, 281, 1805, 318, 1836, 345, 1880, 364, 1942, 376, 1994, 377, 2044, 381, 2093, 387, 2147, 377, 2090, 367, 2008, 355, 1956, 351, 1902, 345, 1849, 321, 1814, 284, 1811, 256, 1820, 207, 1837, 179, 1842, 141
]],
"image_id": rb782u_50um_-07.czi ,
"area": 9968.5942 ,
"bbox": 1782 115 365 272 
 
"id": 0001-0611-1574 ,
"category_id": 0,
"iscrowd": 0,
"segmentation": [[TAGDELETE
1351, 392, 1395, 377, 1453, 382, 1522, 410, 1590, 460, 1660, 552, 1725, 678, 1768, 764, 1797, 845, 1741, 770, 1669, 634, 1605, 539, 1568, 492, 1501, 433, 1449, 406, 1398, 398, 1374, 398
]],
"image_id": rb782u_50um_-07.czi ,
"area": 15457.0511 ,
"bbox": 1351 377 446 468 
 
"id": 0001-1606-1968 ,
"category_id": 0,
"iscrowd": 0,
"segmentation": [[TAGDELETE
1676, 1677, 1816, 1684, 2008, 1590, 2093, 1564, 2153, 1564, 2198, 1584, 2229, 1624, 2256, 1681, 2261, 1661, 2250, 1616, 2240, 1592, 2204, 1556, 2153, 1533, 2108, 1529, 2048, 1537, 1989, 1566, 1889, 1608, 1800, 1661, 1744, 1662
]],
"image_id": rb782u_50um_-07.czi ,
"area": 15129.7389 ,
"bbox": 1676 1529 585 155 
 
"id": 0001-1344-2268 ,
"category_id": 0,
"iscrowd": 0,
"segmentation": [[TAGDELETE
2496, 1161, 2242, 1174, 2141, 1205, 2084, 1252, 2062, 1308, 2058, 1380, 2066, 1452, 2061, 1490, 2040, 1520, 2040, 1528, 2064, 1510, 2085, 1486, 2094, 1444, 2094, 1402, 2094, 1369, 2096, 1314, 2114, 1266, 2130, 1249, 2154, 1234, 2244, 1208, 2412, 1190
]],
"image_id": rb782u_50um_-07.czi ,
"area": 15748.0869 ,
"bbox": 2040 1161 456 367 
 
