"id": 0001-1774-0367 ,
"category_id": 0,
"iscrowd": 0,
"segmentation": [[TAGDELETE
251, 2034, 333, 1992, 444, 1831, 480, 1740, 483, 1684, 461, 1594, 438, 1514, 435, 1602, 444, 1687, 444, 1755, 404, 1837, 342, 1935, 283, 1992
]],
"image_id": rb782i_-ctl_-10.czi ,
"area": 13149.3763 ,
"bbox": 251 1514 232 520 
 
"id": 0001-1365-0742 ,
"category_id": 0,
"iscrowd": 0,
"segmentation": [[TAGDELETE
489, 1303, 574, 1300, 715, 1322, 907, 1384, 995, 1430, 930, 1421, 825, 1387, 658, 1336, 531, 1308
]],
"image_id": rb782i_-ctl_-10.czi ,
"area": 9152.3749 ,
"bbox": 489 1300 506 130 
 
"id": 0001-1024-1030 ,
"category_id": 0,
"iscrowd": 0,
"segmentation": [[TAGDELETE
805, 980, 963, 992, 1071, 1017, 1255, 1062, 1170, 1068, 1020, 1026, 867, 1014
]],
"image_id": rb782i_-ctl_-10.czi ,
"area": 8164.667 ,
"bbox": 805 980 450 88 
 
"id": 0001-0684-1335 ,
"category_id": 0,
"iscrowd": 0,
"segmentation": [[TAGDELETE
1297, 441, 1356, 534, 1379, 588, 1382, 641, 1368, 735, 1331, 783, 1322, 856, 1317, 927, 1288, 884, 1297, 834, 1314, 766, 1345, 712, 1362, 658, 1362, 591, 1319, 500
]],
"image_id": rb782i_-ctl_-10.czi ,
"area": 8428.4955 ,
"bbox": 1288 441 94 486 
 
"id": 0001-1702-1838 ,
"category_id": 0,
"iscrowd": 0,
"segmentation": [[TAGDELETE
1664, 1825, 1687, 1789, 1749, 1746, 1831, 1707, 1916, 1650, 1950, 1608, 2012, 1579, 1935, 1661, 1808, 1746, 1709, 1800
]],
"image_id": rb782i_-ctl_-10.czi ,
"area": 7091.2149 ,
"bbox": 1664 1579 348 246 
 
"id": 0001-1421-1431 ,
"category_id": 0,
"iscrowd": 0,
"segmentation": [[TAGDELETE
1184, 1469, 1238, 1447, 1305, 1447, 1359, 1458, 1435, 1478, 1509, 1464, 1571, 1416, 1605, 1387, 1678, 1339, 1599, 1416, 1537, 1481, 1483, 1495, 1447, 1503, 1390, 1497, 1305, 1469, 1288, 1472, 1232, 1466
]],
"image_id": rb782i_-ctl_-10.czi ,
"area": 9264.502 ,
"bbox": 1184 1339 494 164 
 
"id": 0001-1684-1288 ,
"category_id": 0,
"iscrowd": 0,
"segmentation": [[TAGDELETE
1270, 1898, 1273, 1803, 1278, 1713, 1297, 1588, 1317, 1499, 1326, 1471, 1296, 1517, 1278, 1577, 1262, 1668, 1251, 1750, 1253, 1812, 1263, 1890
]],
"image_id": rb782i_-ctl_-10.czi ,
"area": 6462.9733 ,
"bbox": 1251 1471 75 427 
 
"id": 0001-2066-2248 ,
"category_id": 0,
"iscrowd": 0,
"segmentation": [[TAGDELETE
2048, 2118, 2097, 2109, 2150, 2090, 2199, 2054, 2248, 2024, 2318, 2013, 2380, 2011, 2449, 2007, 2391, 2023, 2344, 2028, 2275, 2043, 2227, 2062, 2185, 2088, 2138, 2119, 2075, 2126
]],
"image_id": rb782i_-ctl_-10.czi ,
"area": 5882.5506 ,
"bbox": 2048 2007 401 119 
 
"id": 0001-1235-1925 ,
"category_id": 0,
"iscrowd": 0,
"segmentation": [[TAGDELETE
1829, 1070, 1860, 1101, 1909, 1160, 1948, 1218, 1975, 1270, 1995, 1318, 2012, 1368, 2022, 1401, 1997, 1364, 1974, 1318, 1950, 1264, 1920, 1208, 1882, 1158, 1836, 1098, 1830, 1078
]],
"image_id": rb782i_-ctl_-10.czi ,
"area": 5250.1868 ,
"bbox": 1829 1070 193 331 
 
"id": 0001-1337-1948 ,
"category_id": 0,
"iscrowd": 0,
"segmentation": [[TAGDELETE
1794, 1142, 1817, 1184, 1871, 1265, 1924, 1339, 1982, 1398, 2032, 1438, 2074, 1484, 2102, 1532, 2084, 1472, 2052, 1430, 2015, 1395, 1968, 1350, 1922, 1298, 1878, 1231, 1842, 1186, 1807, 1147
]],
"image_id": rb782i_-ctl_-10.czi ,
"area": 8035.2261 ,
"bbox": 1794 1142 308 390 
 
"id": 0001-0331-1673 ,
"category_id": 0,
"iscrowd": 0,
"segmentation": [[TAGDELETE
1383, 357, 1431, 327, 1528, 288, 1613, 283, 1691, 288, 1765, 309, 1873, 356, 1964, 380, 1904, 377, 1785, 343, 1685, 317, 1591, 307, 1513, 319, 1425, 351
]],
"image_id": rb782i_-ctl_-10.czi ,
"area": 10200.2686 ,
"bbox": 1383 283 581 97 
 
"id": 0001-0562-1982 ,
"category_id": 0,
"iscrowd": 0,
"segmentation": [[TAGDELETE
1837, 772, 1824, 645, 1837, 572, 1856, 515, 1893, 455, 1935, 415, 1991, 389, 2056, 381, 2101, 380, 2140, 352, 2132, 373, 2099, 403, 2049, 409, 1983, 419, 1935, 448, 1915, 469, 1893, 500, 1871, 543, 1861, 575, 1847, 621, 1843, 679, 1845, 697, 1847, 733
]],
"image_id": rb782i_-ctl_-10.czi ,
"area": 10336.3052 ,
"bbox": 1824 352 316 420 
 
"id": 0001-0276-1878 ,
"category_id": 0,
"iscrowd": 0,
"segmentation": [[TAGDELETE
1657, 172, 1701, 211, 1787, 293, 1851, 336, 1928, 371, 1991, 380, 2053, 380, 2100, 376, 2044, 361, 1988, 355, 1912, 337, 1847, 308, 1773, 253, 1700, 191
]],
"image_id": rb782i_-ctl_-10.czi ,
"area": 8005.5454 ,
"bbox": 1657 172 443 208 
 
"id": 0001-0169-1551 ,
"category_id": 0,
"iscrowd": 0,
"segmentation": [[TAGDELETE
1325, 39, 1375, 120, 1439, 177, 1489, 212, 1611, 264, 1707, 293, 1748, 300, 1777, 291, 1777, 280, 1759, 285, 1649, 257, 1524, 204, 1459, 165, 1387, 93
]],
"image_id": rb782i_-ctl_-10.czi ,
"area": 8793.733 ,
"bbox": 1325 39 452 261 
 
