"id": 0001-1092-2161 ,
"category_id": 0,
"iscrowd": 0,
"segmentation": [[TAGDELETE
2221, 712, 2235, 932, 2184, 1119, 2048, 1472, 2161, 1274, 2263, 1003, 2274, 884, 2258, 794
]],
"image_id": rb782u_50um_-12.czi ,
"area": 19276.7928 ,
"bbox": 2048 712 226 760 
 
"id": 0001-0374-1587 ,
"category_id": 0,
"iscrowd": 0,
"segmentation": [[TAGDELETE
1449, 134, 1528, 207, 1633, 292, 1685, 367, 1697, 426, 1681, 569, 1691, 614, 1723, 470, 1725, 388, 1703, 332, 1653, 270, 1569, 210, 1508, 173
]],
"image_id": rb782u_50um_-12.czi ,
"area": 11422.1243 ,
"bbox": 1449 134 276 480 
 
"id": 0001-0807-1617 ,
"category_id": 0,
"iscrowd": 0,
"segmentation": [[TAGDELETE
1808, 584, 1736, 609, 1665, 664, 1608, 776, 1575, 863, 1517, 947, 1426, 1031, 1533, 961, 1595, 884, 1648, 759, 1686, 690, 1735, 640, 1778, 607
]],
"image_id": rb782u_50um_-12.czi ,
"area": 11035.4506 ,
"bbox": 1426 584 382 447 
 
"id": 0001-0812-1445 ,
"category_id": 0,
"iscrowd": 0,
"segmentation": [[TAGDELETE
1301, 1059, 1299, 909, 1290, 803, 1303, 708, 1341, 633, 1415, 581, 1484, 566, 1536, 576, 1601, 627, 1530, 597, 1481, 593, 1418, 612, 1352, 656, 1324, 758, 1329, 916, 1328, 1034, 1318, 1051
]],
"image_id": rb782u_50um_-12.czi ,
"area": 15207.2385 ,
"bbox": 1290 566 311 493 
 
"id": 0001-1378-0682 ,
"category_id": 0,
"iscrowd": 0,
"segmentation": [[TAGDELETE
485, 1296, 549, 1314, 608, 1322, 671, 1311, 735, 1275, 802, 1263, 834, 1274, 846, 1295, 846, 1333, 822, 1385, 708, 1479, 663, 1528, 820, 1427, 853, 1395, 880, 1352, 880, 1304, 866, 1266, 840, 1241, 799, 1229, 756, 1241, 713, 1255, 637, 1289, 562, 1298, 513, 1297
]],
"image_id": rb782u_50um_-12.czi ,
"area": 15291.3338 ,
"bbox": 485 1229 395 299 
 
"id": 0001-1109-1053 ,
"category_id": 0,
"iscrowd": 0,
"segmentation": [[TAGDELETE
959, 753, 962, 825, 1028, 950, 1089, 1046, 1107, 1086, 1114, 1151, 1107, 1193, 994, 1466, 1060, 1370, 1122, 1243, 1147, 1164, 1148, 1124, 1133, 1067, 1113, 1027, 999, 845, 977, 796
]],
"image_id": rb782u_50um_-12.czi ,
"area": 16617.8964 ,
"bbox": 959 753 189 713 
 
"id": 0001-1777-1376 ,
"category_id": 0,
"iscrowd": 0,
"segmentation": [[TAGDELETE
1402, 1493, 1394, 1651, 1378, 1800, 1332, 2027, 1332, 2061, 1390, 1870, 1421, 1630, 1414, 1542
]],
"image_id": rb782u_50um_-12.czi ,
"area": 8848.1476 ,
"bbox": 1332 1493 89 568 
 
"id": 0001-0771-0224 ,
"category_id": 0,
"iscrowd": 0,
"segmentation": [[TAGDELETE
9, 946, 5, 913, 60, 840, 284, 730, 362, 689, 443, 597, 414, 661, 369, 715, 266, 772, 102, 847, 45, 888, 16, 923
]],
"image_id": rb782u_50um_-12.czi ,
"area": 10747.7127 ,
"bbox": 5 597 438 349 
 
"id": 0001-1785-0864 ,
"category_id": 0,
"iscrowd": 0,
"segmentation": [[TAGDELETE
800, 1505, 897, 1621, 929, 1693, 928, 1754, 868, 1951, 845, 2065, 841, 1990, 896, 1749, 896, 1693, 866, 1617, 813, 1559
]],
"image_id": rb782u_50um_-12.czi ,
"area": 11080.7962 ,
"bbox": 800 1505 129 560 
 
