"id": 0001-1546-0881 ,
"category_id": 0,
"iscrowd": 0,
"segmentation": [[TAGDELETE
698, 1319, 788, 1353, 901, 1441, 997, 1560, 1048, 1673, 1065, 1774, 1017, 1701, 978, 1594, 913, 1495, 800, 1399
]],
"image_id": rb782i_50um_-05.czi ,
"area": 13426.3962 ,
"bbox": 698 1319 367 455 
 
"id": 0001-0729-1167 ,
"category_id": 0,
"iscrowd": 0,
"segmentation": [[TAGDELETE
1184, 438, 1198, 565, 1201, 735, 1170, 907, 1133, 1020, 1158, 825, 1175, 709, 1175, 523
]],
"image_id": rb782i_50um_-05.czi ,
"area": 9647.0533 ,
"bbox": 1133 438 68 582 
 
"id": 0001-0860-1764 ,
"category_id": 0,
"iscrowd": 0,
"segmentation": [[TAGDELETE
1438, 684, 1588, 797, 1803, 927, 1916, 980, 2091, 1037, 2003, 983, 1862, 924, 1729, 845, 1546, 737
]],
"image_id": rb782i_50um_-05.czi ,
"area": 14996.1757 ,
"bbox": 1438 684 653 353 
 
"id": 0001-1924-2270 ,
"category_id": 0,
"iscrowd": 0,
"segmentation": [[TAGDELETE
2082, 1729, 2215, 1870, 2334, 2003, 2455, 2096, 2458, 2119, 2365, 2063, 2280, 1983, 2167, 1848, 2096, 1772
]],
"image_id": rb782i_50um_-05.czi ,
"area": 9730.3241 ,
"bbox": 2082 1729 376 390 
 
"id": 0001-0232-1285 ,
"category_id": 0,
"iscrowd": 0,
"segmentation": [[TAGDELETE
1021, 208, 1083, 204, 1203, 211, 1376, 233, 1488, 248, 1549, 261, 1461, 261, 1335, 252, 1101, 225
]],
"image_id": rb782i_50um_-05.czi ,
"area": 8144.0554 ,
"bbox": 1021 204 528 57 
 
"id": 0001-0206-1659 ,
"category_id": 0,
"iscrowd": 0,
"segmentation": [[TAGDELETE
1397, 211, 1445, 221, 1560, 263, 1629, 283, 1679, 288, 1740, 276, 1788, 244, 1860, 177, 1921, 124, 1896, 128, 1836, 169, 1791, 208, 1752, 236, 1717, 255, 1676, 259, 1613, 257, 1473, 213, 1447, 213
]],
"image_id": rb782i_50um_-05.czi ,
"area": 9652.8245 ,
"bbox": 1397 124 524 164 