"id": 0001-1425-0351 ,
"category_id": 0,
"iscrowd": 0,
"segmentation": [[TAGDELETE
127, 1233, 183, 1276, 273, 1329, 341, 1411, 433, 1519, 501, 1574, 536, 1590, 576, 1617, 458, 1505, 377, 1412, 329, 1343, 267, 1286, 210, 1258, 160, 1236
]],
"image_id": rb782u_50um_-15.czi ,
"area": 11990.18 ,
"bbox": 127 1233 449 384 
 
"id": 0001-0522-0584 ,
"category_id": 0,
"iscrowd": 0,
"segmentation": [[TAGDELETE
448, 202, 492, 324, 506, 474, 526, 578, 562, 670, 656, 786, 720, 842, 616, 688, 566, 566, 538, 450, 526, 328, 488, 232
]],
"image_id": rb782u_50um_-15.czi ,
"area": 17765.5503 ,
"bbox": 448 202 272 640 
 
"id": 0001-0878-1325 ,
"category_id": 0,
"iscrowd": 0,
"segmentation": [[TAGDELETE
1210, 628, 1308, 830, 1366, 1030, 1440, 1128, 1404, 1030, 1328, 788, 1250, 660
]],
"image_id": rb782u_50um_-15.czi ,
"area": 12421.3746 ,
"bbox": 1210 628 230 500 
 
"id": 0001-0501-2292 ,
"category_id": 0,
"iscrowd": 0,
"segmentation": [[TAGDELETE
1990, 469, 2048, 461, 2107, 443, 2180, 448, 2447, 527, 2507, 536, 2594, 555, 2500, 559, 2416, 551, 2220, 496, 2167, 477, 2112, 477, 2039, 487
]],
"image_id": rb782u_50um_-15.czi ,
"area": 13638.2835 ,
"bbox": 1990 443 604 116 
 
"id": 0001-0374-2092 ,
"category_id": 0,
"iscrowd": 0,
"segmentation": [[TAGDELETE
1832, 264, 1996, 293, 2080, 331, 2274, 424, 2348, 472, 2352, 484, 2326, 476, 2179, 412, 2022, 329, 1882, 283
]],
"image_id": rb782u_50um_-15.czi ,
"area": 10101.3329 ,
"bbox": 1832 264 520 220 
 
"id": 0001-0562-1867 ,
"category_id": 0,
"iscrowd": 0,
"segmentation": [[TAGDELETE
1723, 796, 1715, 760, 1727, 715, 1796, 613, 1939, 361, 1980, 329, 2019, 328, 1991, 344, 1955, 383, 1846, 605, 1758, 723, 1740, 748
]],
"image_id": rb782u_50um_-15.czi ,
"area": 13269.7481 ,
"bbox": 1715 328 304 468 
 
"id": 0001-1104-2133 ,
"category_id": 0,
"iscrowd": 0,
"segmentation": [[TAGDELETE
1887, 986, 1954, 1021, 2065, 1032, 2108, 1033, 2153, 1038, 2209, 1058, 2264, 1105, 2344, 1202, 2355, 1217, 2379, 1223, 2354, 1222, 2318, 1196, 2235, 1112, 2187, 1083, 2128, 1063, 2062, 1057, 1988, 1055, 1941, 1043, 1899, 1013
]],
"image_id": rb782u_50um_-15.czi ,
"area": 10902.7119 ,
"bbox": 1887 986 492 237 
 
"id": 0001-1839-2126 ,
"category_id": 0,
"iscrowd": 0,
"segmentation": [[TAGDELETE
2026, 1576, 2105, 1692, 2152, 1774, 2178, 1849, 2192, 1925, 2203, 2020, 2216, 2103, 2227, 1964, 2208, 1846, 2177, 1765, 2132, 1683, 2050, 1588
]],
"image_id": rb782u_50um_-15.czi ,
"area": 10796.3561 ,
"bbox": 2026 1576 201 527 
 
