"id": 0001-1013-2220 ,
"category_id": 0,
"iscrowd": 0,
"segmentation": [[TAGDELETE
1995, 807, 2153, 903, 2247, 980, 2367, 1095, 2422, 1174, 2445, 1220, 2416, 1202, 2304, 1077, 2208, 987, 2130, 927, 2055, 880
]],
"image_id": rb782i_DMSO_-15.czi ,
"area": 13862.5377 ,
"bbox": 1995 807 450 413 
 
"id": 0001-1139-2386 ,
"category_id": 0,
"iscrowd": 0,
"segmentation": [[TAGDELETE
2237, 1052, 2279, 1115, 2331, 1178, 2396, 1226, 2496, 1265, 2543, 1276, 2557, 1286, 2535, 1264, 2425, 1213, 2347, 1159, 2276, 1066, 2215, 993, 2216, 1023, 2228, 1043
]],
"image_id": rb782i_DMSO_-15.czi ,
"area": 8006.3699 ,
"bbox": 2215 993 342 293 
 
"id": 0001-1121-1790 ,
"category_id": 0,
"iscrowd": 0,
"segmentation": [[TAGDELETE
1539, 1056, 1601, 1113, 1704, 1161, 1812, 1198, 1897, 1212, 1978, 1216, 2061, 1202, 1975, 1198, 1843, 1174, 1718, 1135, 1634, 1098, 1556, 1047, 1519, 1027, 1526, 1045
]],
"image_id": rb782i_DMSO_-15.czi ,
"area": 11440.2625 ,
"bbox": 1519 1027 542 189 
 
"id": 0001-0986-1110 ,
"category_id": 0,
"iscrowd": 0,
"segmentation": [[TAGDELETE
926, 815, 960, 861, 1017, 940, 1076, 989, 1161, 1029, 1248, 1076, 1290, 1124, 1301, 1157, 1242, 1093, 1128, 1039, 1076, 1021, 1020, 984, 972, 936, 920, 836
]],
"image_id": rb782i_DMSO_-15.czi ,
"area": 9871.3075 ,
"bbox": 920 815 381 342 
 
"id": 0001-1114-1300 ,
"category_id": 0,
"iscrowd": 0,
"segmentation": [[TAGDELETE
1068, 1035, 1102, 1109, 1172, 1176, 1236, 1193, 1293, 1189, 1380, 1161, 1498, 1115, 1533, 1108, 1456, 1107, 1340, 1145, 1285, 1161, 1244, 1163, 1190, 1148, 1130, 1096, 1086, 1037
]],
"image_id": rb782i_DMSO_-15.czi ,
"area": 10961.2489 ,
"bbox": 1068 1035 465 158 
 
"id": 0001-1282-1214 ,
"category_id": 0,
"iscrowd": 0,
"segmentation": [[TAGDELETE
985, 1177, 1089, 1200, 1152, 1231, 1200, 1287, 1245, 1333, 1292, 1353, 1358, 1351, 1405, 1336, 1444, 1337, 1380, 1368, 1320, 1388, 1272, 1381, 1212, 1348, 1157, 1285, 1129, 1248, 1086, 1224, 1026, 1199
]],
"image_id": rb782i_DMSO_-15.czi ,
"area": 10558.9104 ,
"bbox": 985 1177 459 211 
 
"id": 0001-1641-1557 ,
"category_id": 0,
"iscrowd": 0,
"segmentation": [[TAGDELETE
1396, 1637, 1485, 1605, 1543, 1595, 1630, 1591, 1692, 1605, 1710, 1618, 1718, 1635, 1713, 1663, 1705, 1679, 1687, 1691, 1675, 1692, 1693, 1676, 1699, 1657, 1699, 1641, 1692, 1631, 1670, 1619, 1637, 1613, 1591, 1612, 1529, 1615, 1461, 1631, 1419, 1641
]],
"image_id": rb782i_DMSO_-15.czi ,
"area": 5516.4886 ,
"bbox": 1396 1591 322 101 
 
"id": 0001-1728-1163 ,
"category_id": 0,
"iscrowd": 0,
"segmentation": [[TAGDELETE
1207, 1499, 1191, 1541, 1182, 1622, 1210, 1682, 1227, 1743, 1216, 1782, 1191, 1838, 1147, 1877, 1072, 1957, 1210, 1854, 1230, 1818, 1254, 1759, 1254, 1710, 1230, 1666, 1211, 1622, 1208, 1583, 1211, 1547
]],
"image_id": rb782i_DMSO_-15.czi ,
"area": 9332.108 ,
"bbox": 1072 1499 182 458 
 
"id": 0001-2075-2248 ,
"category_id": 0,
"iscrowd": 0,
"segmentation": [[TAGDELETE
1958, 2051, 1973, 2042, 2020, 2061, 2075, 2075, 2132, 2067, 2195, 2063, 2413, 2081, 2484, 2079, 2538, 2080, 2413, 2106, 2284, 2104, 2160, 2092, 2069, 2109, 1997, 2077
]],
"image_id": rb782i_DMSO_-15.czi ,
"area": 12357.8909 ,
"bbox": 1958 2042 580 67 
 
"id": 0001-2029-1981 ,
"category_id": 0,
"iscrowd": 0,
"segmentation": [[TAGDELETE
2135, 2182, 1963, 2128, 1929, 2099, 1924, 2073, 1934, 2021, 1933, 1990, 1913, 1944, 1890, 1921, 1850, 1900, 1828, 1876, 1901, 1900, 1939, 1934, 1959, 1967, 1963, 2013, 1955, 2042, 1955, 2063, 1962, 2090, 2010, 2121, 2116, 2167
]],
"image_id": rb782i_DMSO_-15.czi ,
"area": 8755.8077 ,
"bbox": 1828 1876 307 306 
 
"id": 0001-1981-1327 ,
"category_id": 0,
"iscrowd": 0,
"segmentation": [[TAGDELETE
1276, 1834, 1214, 1889, 1191, 1922, 1166, 1969, 1171, 2015, 1190, 2060, 1227, 2100, 1264, 2124, 1309, 2128, 1359, 2128, 1407, 2092, 1448, 2046, 1488, 1974, 1407, 2058, 1371, 2078, 1337, 2097, 1301, 2098, 1265, 2090, 1238, 2062, 1215, 2029, 1202, 1994, 1207, 1958, 1235, 1906, 1263, 1866
]],
"image_id": rb782i_DMSO_-15.czi ,
"area": 13566.5551 ,
"bbox": 1166 1834 322 294 
 
"id": 0001-0966-0771 ,
"category_id": 0,
"iscrowd": 0,
"segmentation": [[TAGDELETE
960, 1049, 931, 1015, 890, 968, 820, 917, 771, 891, 730, 885, 670, 884, 628, 893, 597, 904, 583, 922, 606, 909, 678, 903, 725, 904, 766, 915, 823, 949, 881, 990, 938, 1041
]],
"image_id": rb782i_DMSO_-15.czi ,
"area": 6584.994 ,
"bbox": 583 884 377 165 
 
"id": 0001-0840-0668 ,
"category_id": 0,
"iscrowd": 0,
"segmentation": [[TAGDELETE
766, 709, 704, 747, 656, 789, 607, 841, 580, 881, 571, 915, 572, 939, 582, 972, 580, 933, 586, 907, 613, 863, 663, 809, 706, 770, 763, 724
]],
"image_id": rb782i_DMSO_-15.czi ,
"area": 4293.8085 ,
"bbox": 571 709 195 263 
 
"id": 0001-0782-0421 ,
"category_id": 0,
"iscrowd": 0,
"segmentation": [[TAGDELETE
514, 589, 460, 613, 419, 641, 388, 683, 365, 734, 351, 787, 344, 861, 329, 975, 352, 911, 363, 864, 376, 783, 391, 726, 427, 665, 460, 631, 508, 602
]],
"image_id": rb782i_DMSO_-15.czi ,
"area": 6513.2656 ,
"bbox": 329 589 185 386 
 
"id": 0001-1153-0572 ,
"category_id": 0,
"iscrowd": 0,
"segmentation": [[TAGDELETE
773, 1000, 686, 1071, 642, 1151, 614, 1207, 576, 1250, 530, 1267, 473, 1273, 431, 1274, 390, 1289, 370, 1306, 447, 1291, 486, 1300, 544, 1291, 590, 1271, 621, 1239, 658, 1179, 680, 1129, 699, 1091, 745, 1048, 775, 1013
]],
"image_id": rb782i_DMSO_-15.czi ,
"area": 9778.9675 ,
"bbox": 370 1000 405 306 
 
"id": 0001-1396-0553 ,
"category_id": 0,
"iscrowd": 0,
"segmentation": [[TAGDELETE
291, 1578, 365, 1513, 451, 1444, 500, 1385, 557, 1337, 630, 1311, 695, 1291, 754, 1246, 815, 1215, 767, 1268, 718, 1311, 628, 1346, 555, 1376, 503, 1423, 457, 1483, 369, 1533, 328, 1556
]],
"image_id": rb782i_DMSO_-15.czi ,
"area": 13018.2866 ,
"bbox": 291 1215 524 363 
 
"id": 0001-1757-0359 ,
"category_id": 0,
"iscrowd": 0,
"segmentation": [[TAGDELETE
487, 1578, 455, 1645, 424, 1717, 370, 1773, 289, 1844, 268, 1872, 242, 1908, 232, 1937, 276, 1891, 342, 1841, 405, 1780, 452, 1719, 470, 1670, 479, 1626
]],
"image_id": rb782i_DMSO_-15.czi ,
"area": 8269.3739 ,
"bbox": 232 1578 255 359 
 
"id": 0001-1857-0279 ,
"category_id": 0,
"iscrowd": 0,
"segmentation": [[TAGDELETE
457, 1727, 443, 1837, 408, 1891, 356, 1942, 289, 1976, 228, 1988, 174, 1979, 129, 1946, 113, 1904, 102, 1846, 114, 1776, 121, 1741, 129, 1832, 154, 1894, 189, 1938, 234, 1948, 307, 1927, 356, 1896, 413, 1833, 436, 1773
]],
"image_id": rb782i_DMSO_-15.czi ,
"area": 16358.1902 ,
"bbox": 102 1727 355 261 
 
"id": 0001-0707-1369 ,
"category_id": 0,
"iscrowd": 0,
"segmentation": [[TAGDELETE
1217, 755, 1243, 716, 1289, 683, 1362, 662, 1407, 659, 1454, 669, 1487, 684, 1521, 716, 1469, 689, 1409, 673, 1354, 679, 1293, 699, 1261, 724, 1236, 748
]],
"image_id": rb782i_DMSO_-15.czi ,
"area": 3790.8855 ,
"bbox": 1217 659 304 96 
 
"id": 0001-0490-0114 ,
"category_id": 0,
"iscrowd": 0,
"segmentation": [[TAGDELETE
180.5000, 403.5000, 150, 410, 110, 433, 82, 455.5000, 60, 495, 49, 527.5000, 48, 549.5000, 51, 577, 62, 544.5000, 73, 508, 83, 479, 100, 456.5000, 119, 439.5000, 168, 414.5000
]],
"image_id": rb782i_DMSO_-15.czi ,
"area": 2277.994 ,
"bbox": 48 403 133 174 
 
