"id": 0001-1006-0364 ,
"category_id": 0,
"iscrowd": 0,
"segmentation": [[TAGDELETE
249, 958, 339, 1088, 390, 1125, 427, 1125, 469, 1091, 480, 1014, 463, 938, 435, 887, 444, 975, 455, 1026, 444, 1077, 415, 1099, 379, 1085, 302, 995
]],
"image_id": rb782i_-ctl_-15.czi ,
"area": 9248.8372 ,
"bbox": 249 887 231 238 
 
"id": 0001-0510-0952 ,
"category_id": 0,
"iscrowd": 0,
"segmentation": [[TAGDELETE
1059, 317, 1086, 419, 1093, 509, 1082, 575, 1033, 627, 970, 653, 910, 687, 859, 700, 811, 703, 889, 673, 923, 651, 987, 621, 1033, 589, 1057, 549, 1067, 505, 1066, 436, 1054, 375
]],
"image_id": rb782i_-ctl_-15.czi ,
"area": 9690.7499 ,
"bbox": 811 317 282 386 
 
"id": 0001-0538-1038 ,
"category_id": 0,
"iscrowd": 0,
"segmentation": [[TAGDELETE
1166, 323, 1133, 512, 1119, 553, 1093, 612, 1043, 665, 979, 711, 911, 753, 958, 696, 1015, 652, 1059, 605, 1081, 577, 1110, 497, 1125, 429, 1147, 367
]],
"image_id": rb782i_-ctl_-15.czi ,
"area": 9197.7204 ,
"bbox": 911 323 255 430 
 
"id": 0001-1422-1409 ,
"category_id": 0,
"iscrowd": 0,
"segmentation": [[TAGDELETE
1348, 1263, 1328, 1328, 1316, 1391, 1321, 1480, 1358, 1547, 1388, 1572, 1416, 1581, 1453, 1574, 1478, 1558, 1500, 1514, 1503, 1480, 1497, 1450, 1486, 1412, 1473, 1376, 1460, 1344, 1442, 1323, 1446, 1361, 1457, 1399, 1463, 1427, 1468, 1458, 1472, 1481, 1467, 1512, 1454, 1536, 1434, 1545, 1417, 1546, 1392, 1537, 1366, 1501, 1356, 1468, 1348, 1436, 1344, 1400, 1344, 1344, 1346, 1297
]],
"image_id": rb782i_-ctl_-15.czi ,
"area": 13293.6575 ,
"bbox": 1316 1263 187 318 
 
"id": 0001-0660-1958 ,
"category_id": 0,
"iscrowd": 0,
"segmentation": [[TAGDELETE
1815, 446, 1816, 555, 1825, 623, 1835, 664, 1852, 701, 1880, 733, 1914, 765, 1967, 797, 2044, 838, 2080, 866, 2101, 875, 2065, 835, 2031, 809, 2005, 789, 1967, 768, 1926, 745, 1890, 712, 1860, 675, 1842, 623, 1835, 553, 1825, 497
]],
"image_id": rb782i_-ctl_-15.czi ,
"area": 8059.1356 ,
"bbox": 1815 446 286 429 
 
"id": 0001-1397-2402 ,
"category_id": 0,
"iscrowd": 0,
"segmentation": [[TAGDELETE
2214, 1416, 2311, 1468, 2363, 1489, 2406, 1496, 2445, 1485, 2478, 1463, 2529, 1400, 2577, 1331, 2591, 1298, 2560, 1321, 2508, 1384, 2462, 1436, 2439, 1457, 2421, 1466, 2404, 1468, 2381, 1468, 2345, 1461, 2291, 1438, 2250, 1425
]],
"image_id": rb782i_-ctl_-15.czi ,
"area": 8055.8377 ,
"bbox": 2214 1298 377 198 
 
"id": 0001-1540-1420 ,
"category_id": 0,
"iscrowd": 0,
"segmentation": [[TAGDELETE
1274, 1408, 1293, 1440, 1315, 1528, 1348, 1593, 1381, 1644, 1430, 1672, 1462, 1673, 1501, 1661, 1540, 1632, 1561, 1578, 1567, 1547, 1565, 1497, 1557, 1440, 1545, 1448, 1543, 1474, 1533, 1543, 1533, 1580, 1515, 1614, 1492, 1641, 1453, 1648, 1419, 1641, 1394, 1625, 1359, 1570, 1329, 1511, 1310, 1451
]],
"image_id": rb782i_-ctl_-15.czi ,
"area": 10529.2297 ,
"bbox": 1274 1408 293 265 
 
